"","acoustic_tag_id","row_id","animal_project_code","station_name","receiver_id","deploy_latitude","deploy_longitude","arrival","departure","detections","swimtime_s","swimdistance_m","speed_m_s","totaldistance_m","distance_to_source_m","downstream_migration","first_dist_to_use","first_dist_to_use_idx","time_first_dist_to_use","delta_totdist","delta_t","migration_speed","has_migration_started"
"1","A69-1602-2973",1,"Noordzeekanaal","rel_noordzeekanaal14","none",52.470893,4.820397,2017-10-26 08:00:00,2017-10-26 08:00:00,1,NA,NA,NA,0,0,TRUE,1006.991281,2,2017-10-26 09:59:11,1006.991281,7151,0.140818246538946,TRUE
"2","A69-1602-2973",2,"Noordzeekanaal","Koog ad Zaan","VR2W-130586",52.463171,4.812326,2017-10-26 09:59:11,2017-10-26 10:12:15,13,7151,1006.991281,0.140818,1006.991281,1006.991281,FALSE,3796.623247,4,2017-10-26 15:16:56,2789.631966,19065,0.146322159244689,TRUE
"3","A69-1602-2973",3,"Noordzeekanaal","Koog ad Zaan","VR2W-130586",52.463171,4.812326,2017-10-26 12:15:17,2017-10-26 14:09:31,82,NA,NA,NA,1006.991281,1006.991281,TRUE,3796.623247,4,2017-10-26 15:16:56,2789.631966,10899,0.255953020093587,TRUE
"4","A69-1602-2973",4,"Noordzeekanaal","Zaangemaal 1","VR2W-119070",52.440868,4.824139,2017-10-26 15:16:56,2017-10-26 21:26:07,235,4045,2872.464613,0.710127,3879.455894,3796.623247,FALSE,22214.07203,24,2017-11-21 22:55:07,18417.448783,2273891,0.00809953018108608,TRUE
"5","A69-1602-2973",5,"Noordzeekanaal","Zaangemaal 1","VR2W-119070",52.440868,4.824139,2017-10-28 05:18:17,2017-10-28 06:23:42,32,NA,NA,NA,3879.455894,3796.623247,FALSE,22214.07203,24,2017-11-21 22:55:07,18417.448783,2137010,0.00861832597086584,TRUE
"6","A69-1602-2973",6,"Noordzeekanaal","Zaangemaal 1","VR2W-119070",52.440868,4.824139,2017-10-28 10:45:28,2017-10-28 11:46:10,41,NA,NA,NA,3879.455894,3796.623247,FALSE,22214.07203,24,2017-11-21 22:55:07,18417.448783,2117379,0.00869822964287452,TRUE
"7","A69-1602-2973",7,"Noordzeekanaal","Zaangemaal 1","VR2W-119070",52.440868,4.824139,2017-10-28 14:46:39,2017-10-28 16:04:51,33,NA,NA,NA,3879.455894,3796.623247,FALSE,22214.07203,24,2017-11-21 22:55:07,18417.448783,2102908,0.00875808584255707,TRUE
"8","A69-1602-2973",8,"Noordzeekanaal","Zaangemaal 2","VR2W-120094",52.440083,4.824859,2017-10-30 15:28:32,2017-10-30 16:08:20,10,170621,99.988708,0.000586,3979.444602,3896.611956,FALSE,NA,NA,NA,NA,NA,NA,TRUE
"9","A69-1602-2973",9,"Noordzeekanaal","Zaangemaal 1","VR2W-119070",52.440868,4.824139,2017-10-30 19:58:02,2017-10-30 19:58:02,1,13782,99.988708,0.007255,4079.43331,3796.623247,FALSE,22214.07203,24,2017-11-21 22:55:07,18417.448783,1911425,0.0096354545864996,TRUE
"10","A69-1602-2973",10,"Noordzeekanaal","Zaangemaal 1","VR2W-119070",52.440868,4.824139,2017-10-30 22:01:53,2017-10-30 22:03:20,2,NA,NA,NA,4079.43331,3796.623247,FALSE,22214.07203,24,2017-11-21 22:55:07,18417.448783,1903994,0.0096730603053371,TRUE
"11","A69-1602-2973",11,"Noordzeekanaal","Zaangemaal 1","VR2W-119070",52.440868,4.824139,2017-10-30 23:11:39,2017-10-31 05:02:17,151,NA,NA,NA,4079.43331,3796.623247,FALSE,22214.07203,24,2017-11-21 22:55:07,18417.448783,1899808,0.00969437373829355,TRUE
"12","A69-1602-2973",12,"Noordzeekanaal","Zaangemaal 1","VR2W-119070",52.440868,4.824139,2017-10-31 06:11:14,2017-10-31 06:40:19,8,NA,NA,NA,4079.43331,3796.623247,FALSE,22214.07203,24,2017-11-21 22:55:07,18417.448783,1874633,0.00982456234526971,TRUE
"13","A69-1602-2973",13,"Noordzeekanaal","Zaangemaal 1","VR2W-119070",52.440868,4.824139,2017-11-01 10:28:14,2017-11-01 10:43:00,7,NA,NA,NA,4079.43331,3796.623247,FALSE,22214.07203,24,2017-11-21 22:55:07,18417.448783,1772813,0.0103888276896661,TRUE
"14","A69-1602-2973",14,"Noordzeekanaal","Zaangemaal 1","VR2W-119070",52.440868,4.824139,2017-11-07 16:30:09,2017-11-07 17:47:52,43,NA,NA,NA,4079.43331,3796.623247,FALSE,22214.07203,24,2017-11-21 22:55:07,18417.448783,1232698,0.0149407630928257,TRUE
"15","A69-1602-2973",15,"Noordzeekanaal","Zaangemaal 1","VR2W-119070",52.440868,4.824139,2017-11-08 15:31:02,2017-11-08 17:26:20,53,NA,NA,NA,4079.43331,3796.623247,FALSE,22214.07203,24,2017-11-21 22:55:07,18417.448783,1149845,0.0160173317125352,TRUE
"16","A69-1602-2973",16,"Noordzeekanaal","Zaangemaal 1","VR2W-119070",52.440868,4.824139,2017-11-08 18:30:29,2017-11-08 18:30:29,1,NA,NA,NA,4079.43331,3796.623247,FALSE,22214.07203,24,2017-11-21 22:55:07,18417.448783,1139078,0.016168733645106,TRUE
"17","A69-1602-2973",17,"Noordzeekanaal","Zaangemaal 1","VR2W-119070",52.440868,4.824139,2017-11-09 13:54:41,2017-11-09 14:29:21,15,NA,NA,NA,4079.43331,3796.623247,TRUE,22214.07203,24,2017-11-21 22:55:07,18417.448783,1069226,0.0172250289302729,TRUE
"18","A69-1602-2973",18,"Noordzeekanaal","Zaangemaal 2","VR2W-120094",52.440083,4.824859,2017-11-09 19:40:11,2017-11-09 21:10:44,103,18650,99.988708,0.005361,4179.422018,3896.611956,FALSE,NA,NA,NA,NA,NA,NA,TRUE
"19","A69-1602-2973",19,"Noordzeekanaal","Zaangemaal 1","VR2W-119070",52.440868,4.824139,2017-11-10 01:25:44,2017-11-10 02:40:50,35,15300,99.988708,0.006535,4279.410726,3796.623247,FALSE,22214.07203,24,2017-11-21 22:55:07,18417.448783,1027763,0.0179199375566157,TRUE
"20","A69-1602-2973",20,"Noordzeekanaal","Zaangemaal 1","VR2W-119070",52.440868,4.824139,2017-11-10 16:25:59,2017-11-10 16:38:52,7,NA,NA,NA,4279.410726,3796.623247,FALSE,22214.07203,24,2017-11-21 22:55:07,18417.448783,973748,0.0189139785478378,TRUE
"21","A69-1602-2973",21,"Noordzeekanaal","Zaangemaal 1","VR2W-119070",52.440868,4.824139,2017-11-11 09:53:16,2017-11-11 12:21:56,49,NA,NA,NA,4279.410726,3796.623247,FALSE,22214.07203,24,2017-11-21 22:55:07,18417.448783,910911,0.0202187137744522,TRUE
"22","A69-1602-2973",22,"Noordzeekanaal","Zaangemaal 1","VR2W-119070",52.440868,4.824139,2017-11-11 13:26:13,2017-11-11 13:45:03,13,NA,NA,NA,4279.410726,3796.623247,FALSE,22214.07203,24,2017-11-21 22:55:07,18417.448783,898134,0.0205063484769533,TRUE
"23","A69-1602-2973",23,"Noordzeekanaal","Zaangemaal 1","VR2W-119070",52.440868,4.824139,2017-11-11 15:11:37,2017-11-11 17:57:47,122,NA,NA,NA,4279.410726,3796.623247,TRUE,22214.07203,24,2017-11-21 22:55:07,18417.448783,891810,0.0206517630246353,TRUE
"24","A69-1602-2973",24,"Noordzeekanaal","Noordzeekanaal","VR2W-114165",52.462798,4.633995,2017-11-21 22:55:07,2017-11-21 23:27:41,51,881840,18417.448782,0.020885,22696.859508,22214.07203,TRUE,23820.991028,25,2017-11-22 00:00:11,1606.918998,3904,0.411608349897541,TRUE
"25","A69-1602-2973",25,"Noordzeekanaal","Grote sluis NZK","VR2W-114178",52.467488,4.613347,2017-11-22 00:00:11,2017-11-22 00:28:58,28,1950,1606.918999,0.824061,24303.778507,23820.991028,FALSE,NA,NA,NA,NA,NA,NA,TRUE
"26","A69-1602-2973",26,"Noordzeekanaal","Noordzeekanaal","VR2W-114165",52.462798,4.633995,2017-11-22 00:55:12,2017-11-22 00:56:33,3,1574,1606.918999,1.020914,25910.697506,22214.07203,TRUE,24538.063013,27,2017-11-22 16:22:29,2323.990983,55637,0.0417706019914805,TRUE
"27","A69-1602-2973",27,"Noordzeekanaal","Middensluis NZK","VR2W-132417",52.465373,4.601803,2017-11-22 16:22:29,2017-11-22 19:29:46,106,55556,2323.990983,0.041832,28234.688489,24538.063013,FALSE,NA,NA,NA,NA,NA,NA,TRUE
"28","A69-1602-2973",28,"Noordzeekanaal","Noordzeekanaal","VR2W-114164",52.465232,4.633992,2017-11-22 19:49:15,2017-11-22 20:10:32,30,1169,2323.990983,1.988016,30558.679472,22214.07203,TRUE,24538.063013,29,2017-11-22 20:41:36,2323.990983,3141,0.7398888834766,TRUE
"29","A69-1602-2973",29,"Noordzeekanaal","Middensluis NZK","VR2W-132417",52.465373,4.601803,2017-11-22 20:41:36,2017-11-23 04:55:26,375,1864,2323.990983,1.246776,32882.670455,24538.063013,FALSE,NA,NA,NA,NA,NA,NA,TRUE
"30","A69-1602-2973",30,"Noordzeekanaal","Grote sluis NZK","VR2W-114178",52.467488,4.613347,2017-11-23 06:43:26,2017-11-23 06:44:15,2,6480,882.739291,0.136225,33765.409746,23820.991028,TRUE,25245.088169,32,2017-11-23 15:44:53,1424.097141,32487,0.0438359079324037,TRUE
"31","A69-1602-2973",31,"Noordzeekanaal","Grote sluis Noordzee","VR2W-132414",52.466907,4.600546,2017-11-23 08:52:29,2017-11-23 09:37:57,41,7694,941.310669,0.122343,34706.720415,24679.468044,NA,NA,NA,NA,NA,NA,NA,TRUE
"32","A69-1602-2973",32,"Noordzeekanaal","Spuisluis Noordzee","VR2W-132408",52.470319,4.594701,2017-11-23 15:44:53,2017-11-23 15:50:33,6,22016,565.620125,0.025691,35272.34054,25245.088169,NA,NA,NA,NA,NA,NA,NA,TRUE
"33","A69-1602-2974",33,"Noordzeekanaal","rel_noordzeekanaal14","none",52.470893,4.820397,2017-10-26 08:00:00,2017-10-26 08:00:00,1,NA,NA,NA,0,0,TRUE,1006.991281,2,2017-10-26 13:08:57,1006.991281,18537,0.0543233145061229,TRUE
"34","A69-1602-2974",34,"Noordzeekanaal","Koog ad Zaan","VR2W-130586",52.463171,4.812326,2017-10-26 13:08:57,2017-10-26 18:24:39,213,18537,1006.991281,0.054323,1006.991281,1006.991281,FALSE,3796.623247,7,2017-10-27 15:57:35,2789.631966,96518,0.0289027120951532,TRUE
"35","A69-1602-2974",35,"Noordzeekanaal","Koog ad Zaan","VR2W-130586",52.463171,4.812326,2017-10-26 19:44:43,2017-10-26 21:32:27,40,NA,NA,NA,1006.991281,1006.991281,FALSE,3796.623247,7,2017-10-27 15:57:35,2789.631966,72772,0.0383338642060133,TRUE
"36","A69-1602-2974",36,"Noordzeekanaal","Koog ad Zaan","VR2W-130586",52.463171,4.812326,2017-10-26 22:50:40,2017-10-26 22:54:03,4,NA,NA,NA,1006.991281,1006.991281,FALSE,3796.623247,7,2017-10-27 15:57:35,2789.631966,61615,0.0452752084070437,TRUE
"37","A69-1602-2974",37,"Noordzeekanaal","Koog ad Zaan","VR2W-130586",52.463171,4.812326,2017-10-27 01:16:06,2017-10-27 03:47:06,22,NA,NA,NA,1006.991281,1006.991281,FALSE,3796.623247,7,2017-10-27 15:57:35,2789.631966,52889,0.0527450314053962,TRUE
"38","A69-1602-2974",38,"Noordzeekanaal","Koog ad Zaan","VR2W-130586",52.463171,4.812326,2017-10-27 05:47:29,2017-10-27 15:13:25,92,NA,NA,NA,1006.991281,1006.991281,TRUE,3796.623247,7,2017-10-27 15:57:35,2789.631966,36606,0.0762069596787412,TRUE
"39","A69-1602-2974",39,"Noordzeekanaal","Zaangemaal 1","VR2W-119070",52.440868,4.824139,2017-10-27 15:57:35,2017-10-27 17:31:00,53,2650,2872.464613,1.083949,3879.455894,3796.623247,TRUE,13008.05048,18,2017-10-29 21:35:28,9211.427233,193073,0.0477095566599162,TRUE
"40","A69-1602-2974",40,"Noordzeekanaal","Zaangemaal 3","VR2W-119064",52.437818,4.826197,2017-10-27 19:03:49,2017-10-27 19:03:49,1,5569,341.382448,0.0613,4220.838342,4138.005695,FALSE,13008.05048,18,2017-10-29 21:35:28,8870.044785,181899,0.0487635709102304,TRUE
"41","A69-1602-2974",41,"Noordzeekanaal","Zaangemaal 3","VR2W-119064",52.437818,4.826197,2017-10-27 22:23:19,2017-10-27 22:47:47,5,NA,NA,NA,4220.838342,4138.005695,FALSE,13008.05048,18,2017-10-29 21:35:28,8870.044785,169929,0.0521985345938598,TRUE
"42","A69-1602-2974",42,"Noordzeekanaal","Zaangemaal 3","VR2W-119064",52.437818,4.826197,2017-10-28 00:14:01,2017-10-28 01:14:18,14,NA,NA,NA,4220.838342,4138.005695,FALSE,13008.05048,18,2017-10-29 21:35:28,8870.044785,163287,0.0543218062981131,TRUE
"43","A69-1602-2974",43,"Noordzeekanaal","Zaangemaal 3","VR2W-119064",52.437818,4.826197,2017-10-28 03:47:16,2017-10-28 04:19:25,2,NA,NA,NA,4220.838342,4138.005695,FALSE,13008.05048,18,2017-10-29 21:35:28,8870.044785,150492,0.0589403076907743,TRUE
"44","A69-1602-2974",44,"Noordzeekanaal","Zaangemaal 3","VR2W-119064",52.437818,4.826197,2017-10-28 07:17:01,2017-10-28 07:17:01,1,NA,NA,NA,4220.838342,4138.005695,FALSE,13008.05048,18,2017-10-29 21:35:28,8870.044785,137907,0.0643190322826252,TRUE
"45","A69-1602-2974",45,"Noordzeekanaal","Zaangemaal 3","VR2W-119064",52.437818,4.826197,2017-10-28 08:18:31,2017-10-28 08:18:31,1,NA,NA,NA,4220.838342,4138.005695,FALSE,13008.05048,18,2017-10-29 21:35:28,8870.044785,134217,0.0660873420282081,TRUE
"46","A69-1602-2974",46,"Noordzeekanaal","Zaangemaal 3","VR2W-119064",52.437818,4.826197,2017-10-28 12:07:29,2017-10-28 12:08:18,2,NA,NA,NA,4220.838342,4138.005695,FALSE,13008.05048,18,2017-10-29 21:35:28,8870.044785,120479,0.0736231607583064,TRUE
"47","A69-1602-2974",47,"Noordzeekanaal","Zaangemaal 3","VR2W-119064",52.437818,4.826197,2017-10-28 13:22:55,2017-10-28 13:33:49,2,NA,NA,NA,4220.838342,4138.005695,FALSE,13008.05048,18,2017-10-29 21:35:28,8870.044785,115953,0.0764968977516752,TRUE
"48","A69-1602-2974",48,"Noordzeekanaal","Zaangemaal 3","VR2W-119064",52.437818,4.826197,2017-10-28 15:30:41,2017-10-28 15:39:57,3,NA,NA,NA,4220.838342,4138.005695,FALSE,13008.05048,18,2017-10-29 21:35:28,8870.044785,108287,0.0819123697673774,TRUE
"49","A69-1602-2974",49,"Noordzeekanaal","Zaangemaal 3","VR2W-119064",52.437818,4.826197,2017-10-29 07:23:38,2017-10-29 07:39:50,14,NA,NA,NA,4220.838342,4138.005695,TRUE,13008.05048,18,2017-10-29 21:35:28,8870.044785,51110,0.173548127274506,TRUE
"50","A69-1602-2974",50,"Noordzeekanaal","Willem 2 sluis 2","VR2W-130587",52.383677,4.907053,2017-10-29 21:35:28,2017-10-29 21:36:03,2,50138,8870.044785,0.176913,13090.883127,13008.05048,TRUE,16349.078062,19,2017-10-29 22:56:13,3341.027582,4845,0.68958257626419,TRUE
"51","A69-1602-2974",51,"Noordzeekanaal","Oranjesluis","VR2W-102056",52.380016,4.955998,2017-10-29 22:56:13,2017-10-29 23:15:40,5,4810,3423.861235,0.711821,16514.744362,16349.078062,TRUE,18877.217597,20,2017-10-30 00:39:42,2528.139535,6209,0.40717338299243,TRUE
"52","A69-1602-2974",52,"Noordzeekanaal","ARK Noord","VR2W-119054",52.355706,4.97029,2017-10-30 00:39:42,2017-10-30 00:55:58,6,5042,3196.690998,0.634012,19711.43536,18877.217597,FALSE,NA,NA,NA,NA,NA,NA,TRUE
"53","A69-1602-2974",53,"Noordzeekanaal","Oranjesluis","VR2W-114163",52.382553,4.959779,2017-10-30 02:04:21,2017-10-30 03:31:25,62,4103,3196.690998,0.779111,22908.126358,16349.078062,FALSE,22214.07203,22,2017-11-11 16:58:05,5864.993968,1090424,0.00537863617088399,TRUE
"54","A69-1602-2974",54,"Noordzeekanaal","Noordzeekanaal","VR2W-114165",52.462798,4.633995,2017-11-11 16:58:05,2017-11-11 17:28:31,41,1085200,25893.527849,0.023861,48801.654207,22214.07203,TRUE,23820.991028,23,2017-11-11 17:53:34,1606.918998,3329,0.482703213577651,TRUE
"55","A69-1602-2974",55,"Noordzeekanaal","Grote sluis NZK","VR2W-114178",52.467488,4.613347,2017-11-11 17:53:34,2017-11-11 17:54:27,2,1503,1606.918999,1.069141,50408.573206,23820.991028,FALSE,NA,NA,NA,NA,NA,NA,TRUE
"56","A69-1602-2974",56,"Noordzeekanaal","Noordzeekanaal","VR2W-114165",52.462798,4.633995,2017-11-11 21:29:48,2017-11-11 21:29:48,1,12921,1606.918999,0.124365,52015.492205,22214.07203,TRUE,23820.991028,25,2017-11-11 21:32:12,1606.918998,144,11.1591597083333,TRUE
"57","A69-1602-2974",57,"Noordzeekanaal","Grote sluis NZK","VR2W-114178",52.467488,4.613347,2017-11-11 21:32:12,2017-11-11 21:34:11,4,144,1606.918999,11.15916,53622.411204,23820.991028,FALSE,NA,NA,NA,NA,NA,NA,TRUE
"58","A69-1602-2974",58,"Noordzeekanaal","Noordzeekanaal","VR2W-114165",52.462798,4.633995,2017-11-11 21:57:19,2017-11-11 21:58:04,2,1388,1606.918999,1.157723,55229.330203,22214.07203,TRUE,23820.991028,27,2017-11-11 21:59:43,1606.918998,144,11.1591597083333,TRUE
"59","A69-1602-2974",59,"Noordzeekanaal","Grote sluis NZK","VR2W-114178",52.467488,4.613347,2017-11-11 21:59:43,2017-11-11 22:00:28,2,99,1606.918999,16.231505,56836.249202,23820.991028,FALSE,NA,NA,NA,NA,NA,NA,TRUE
"60","A69-1602-2974",60,"Noordzeekanaal","Noordzeekanaal","VR2W-114165",52.462798,4.633995,2017-11-11 22:01:09,2017-11-11 22:01:09,1,41,1606.918999,39.193146,58443.168201,22214.07203,TRUE,23820.991028,29,2017-11-11 22:02:59,1606.918998,110,14.6083545272727,TRUE
"61","A69-1602-2974",61,"Noordzeekanaal","Grote sluis NZK","VR2W-114178",52.467488,4.613347,2017-11-11 22:02:59,2017-11-12 00:38:08,125,110,1606.918999,14.608355,60050.0872,23820.991028,TRUE,25455.111407,31,2017-11-12 02:43:25,1634.120379,16826,0.0971187673243789,TRUE
"62","A69-1602-2974",62,"Noordzeekanaal","Grote sluis Noordzee","VR2W-132414",52.466907,4.600546,2017-11-12 01:52:19,2017-11-12 02:13:35,45,4451,941.310669,0.211483,60991.397869,24679.468044,TRUE,217997.030928,32,2017-11-17 20:31:56,193317.562884,499177,0.387272576428802,TRUE
"63","A69-1602-2974",63,"Noordzeekanaal","Kleine sluis Noordzee","VR2W-132413",52.463762,4.587267,2017-11-12 02:43:25,2017-11-12 02:54:42,11,1790,1024.144322,0.572148,62015.542191,25455.111407,TRUE,217997.030928,32,2017-11-17 20:31:56,192541.919521,496111,0.38810250028925,TRUE
"64","A69-1602-2974",64,"Noordzeekanaal","bpns-Kilmore","VR2W-127715",51.3955,2.4965,2017-11-17 20:31:56,2017-11-17 20:31:56,1,495434,192541.91952,0.388633,254557.461711,217997.030928,NA,NA,NA,NA,NA,NA,NA,TRUE
"65","A69-1602-2975",65,"Noordzeekanaal","rel_noordzeekanaal14","none",52.470893,4.820397,2017-10-26 08:00:00,2017-10-26 08:00:00,1,NA,NA,NA,0,0,FALSE,1006.991281,2,2017-10-28 00:38:50,1006.991281,146330,0.00688164614911501,FALSE
"66","A69-1602-2975",66,"Noordzeekanaal","Koog ad Zaan","VR2W-130586",52.463171,4.812326,2017-10-28 00:38:50,2017-10-28 02:50:59,124,146330,1006.991281,0.006882,1006.991281,1006.991281,FALSE,3796.623247,15,2017-11-04 18:46:03,2789.631966,670033,0.0041634247357966,FALSE
"67","A69-1602-2975",67,"Noordzeekanaal","Koog ad Zaan","VR2W-130586",52.463171,4.812326,2017-10-29 16:51:31,2017-10-29 17:47:17,42,NA,NA,NA,1006.991281,1006.991281,FALSE,3796.623247,15,2017-11-04 18:46:03,2789.631966,525272,0.0053108331797621,FALSE
"68","A69-1602-2975",68,"Noordzeekanaal","Koog ad Zaan","VR2W-130586",52.463171,4.812326,2017-10-29 18:52:48,2017-10-30 19:56:01,1135,NA,NA,NA,1006.991281,1006.991281,FALSE,3796.623247,15,2017-11-04 18:46:03,2789.631966,517995,0.00538544187878261,FALSE
"69","A69-1602-2975",69,"Noordzeekanaal","Koog ad Zaan","VR2W-130586",52.463171,4.812326,2017-10-30 23:58:41,2017-10-31 00:01:09,5,NA,NA,NA,1006.991281,1006.991281,FALSE,3796.623247,15,2017-11-04 18:46:03,2789.631966,413242,0.00675060126027848,FALSE
"70","A69-1602-2975",70,"Noordzeekanaal","Koog ad Zaan","VR2W-130586",52.463171,4.812326,2017-10-31 06:50:53,2017-10-31 11:12:05,52,NA,NA,NA,1006.991281,1006.991281,FALSE,3796.623247,15,2017-11-04 18:46:03,2789.631966,388510,0.00718033503899513,FALSE
"71","A69-1602-2975",71,"Noordzeekanaal","Koog ad Zaan","VR2W-130586",52.463171,4.812326,2017-10-31 12:12:58,2017-10-31 13:29:36,33,NA,NA,NA,1006.991281,1006.991281,FALSE,3796.623247,15,2017-11-04 18:46:03,2789.631966,369185,0.0075561898939556,FALSE
"72","A69-1602-2975",72,"Noordzeekanaal","Koog ad Zaan","VR2W-130586",52.463171,4.812326,2017-10-31 16:09:50,2017-11-01 00:36:12,339,NA,NA,NA,1006.991281,1006.991281,FALSE,3796.623247,15,2017-11-04 18:46:03,2789.631966,354973,0.00785871591923893,FALSE
"73","A69-1602-2975",73,"Noordzeekanaal","Koog ad Zaan","VR2W-130586",52.463171,4.812326,2017-11-01 08:53:10,2017-11-01 09:43:57,2,NA,NA,NA,1006.991281,1006.991281,FALSE,3796.623247,15,2017-11-04 18:46:03,2789.631966,294773,0.00946366175328134,FALSE
"74","A69-1602-2975",74,"Noordzeekanaal","Koog ad Zaan","VR2W-130586",52.463171,4.812326,2017-11-01 13:44:35,2017-11-02 07:40:42,447,NA,NA,NA,1006.991281,1006.991281,FALSE,3796.623247,15,2017-11-04 18:46:03,2789.631966,277288,0.0100604135988575,FALSE
"75","A69-1602-2975",75,"Noordzeekanaal","Koog ad Zaan","VR2W-130586",52.463171,4.812326,2017-11-02 09:03:04,2017-11-03 02:09:51,304,NA,NA,NA,1006.991281,1006.991281,FALSE,3796.623247,15,2017-11-04 18:46:03,2789.631966,207779,0.013425957223781,FALSE
"76","A69-1602-2975",76,"Noordzeekanaal","Koog ad Zaan","VR2W-130586",52.463171,4.812326,2017-11-03 04:14:16,2017-11-03 06:35:38,23,NA,NA,NA,1006.991281,1006.991281,FALSE,3796.623247,15,2017-11-04 18:46:03,2789.631966,138707,0.0201116884223579,FALSE
"77","A69-1602-2975",77,"Noordzeekanaal","Koog ad Zaan","VR2W-130586",52.463171,4.812326,2017-11-03 19:21:13,2017-11-03 19:21:13,1,NA,NA,NA,1006.991281,1006.991281,FALSE,3796.623247,15,2017-11-04 18:46:03,2789.631966,84290,0.0330956455807332,FALSE
"78","A69-1602-2975",78,"Noordzeekanaal","Koog ad Zaan","VR2W-130586",52.463171,4.812326,2017-11-04 11:21:57,2017-11-04 17:57:09,163,NA,NA,NA,1006.991281,1006.991281,TRUE,3796.623247,15,2017-11-04 18:46:03,2789.631966,26646,0.104692335284846,TRUE
"79","A69-1602-2975",79,"Noordzeekanaal","Zaangemaal 1","VR2W-119070",52.440868,4.824139,2017-11-04 18:46:03,2017-11-04 20:42:56,101,2934,2872.464613,0.979027,3879.455894,3796.623247,TRUE,22214.07203,16,2017-11-07 18:22:39,18417.448783,257796,0.0714419493824574,TRUE
"80","A69-1602-2975",80,"Noordzeekanaal","Noordzeekanaal","VR2W-114165",52.462798,4.633995,2017-11-07 18:22:39,2017-11-07 18:44:29,2,250783,18417.448782,0.07344,22296.904676,22214.07203,FALSE,23820.991028,18,2017-11-07 21:06:35,1606.918998,9836,0.163371187271249,TRUE
"81","A69-1602-2975",81,"Noordzeekanaal","Noordzeekanaal","VR2W-114165",52.462798,4.633995,2017-11-07 19:57:11,2017-11-07 21:05:35,47,NA,NA,NA,22296.904676,22214.07203,TRUE,23820.991028,18,2017-11-07 21:06:35,1606.918998,4164,0.385907540345822,TRUE
"82","A69-1602-2975",82,"Noordzeekanaal","Grote sluis NZK","VR2W-114178",52.467488,4.613347,2017-11-07 21:06:35,2017-11-07 21:06:35,1,60,1606.918999,26.781983,23903.823675,23820.991028,FALSE,NA,NA,NA,NA,NA,NA,TRUE
"83","A69-1602-2975",83,"Noordzeekanaal","Noordzeekanaal","VR2W-114165",52.462798,4.633995,2017-11-07 21:07:06,2017-11-07 21:15:46,6,31,1606.918999,51.836097,25510.742674,22214.07203,TRUE,23820.991028,20,2017-11-07 21:17:22,1606.918998,616,2.60863473701299,TRUE
"84","A69-1602-2975",84,"Noordzeekanaal","Grote sluis NZK","VR2W-114178",52.467488,4.613347,2017-11-07 21:17:22,2017-11-07 21:17:22,1,96,1606.918999,16.73874,27117.661673,23820.991028,FALSE,NA,NA,NA,NA,NA,NA,TRUE
"85","A69-1602-2975",85,"Noordzeekanaal","Noordzeekanaal","VR2W-114165",52.462798,4.633995,2017-11-07 21:17:57,2017-11-07 21:24:15,3,35,1606.918999,45.911971,28724.580672,22214.07203,TRUE,23820.991028,22,2017-11-07 21:28:15,1606.918998,618,2.60019255339806,TRUE
"86","A69-1602-2975",86,"Noordzeekanaal","Grote sluis NZK","VR2W-114178",52.467488,4.613347,2017-11-07 21:28:15,2017-11-07 22:08:14,25,240,1606.918999,6.695496,30331.499671,23820.991028,FALSE,NA,NA,NA,NA,NA,NA,TRUE
"87","A69-1602-2975",87,"Noordzeekanaal","Noordzeekanaal","VR2W-114165",52.462798,4.633995,2017-11-07 22:09:28,2017-11-07 22:09:28,1,74,1606.918999,21.715122,31938.41867,22214.07203,TRUE,23820.991028,24,2017-11-07 22:09:57,1606.918998,29,55.4109999310345,TRUE
"88","A69-1602-2975",88,"Noordzeekanaal","Grote sluis NZK","VR2W-114178",52.467488,4.613347,2017-11-07 22:09:57,2017-11-07 22:13:30,6,29,1606.918999,55.411,33545.337669,23820.991028,FALSE,NA,NA,NA,NA,NA,NA,TRUE
"89","A69-1602-2975",89,"Noordzeekanaal","Noordzeekanaal","VR2W-114165",52.462798,4.633995,2017-11-07 22:16:34,2017-11-07 22:17:15,2,184,1606.918999,8.733255,35152.256668,22214.07203,TRUE,23820.991028,26,2017-11-07 22:18:00,1606.918998,86,18.685104627907,TRUE
"90","A69-1602-2975",90,"Noordzeekanaal","Grote sluis NZK","VR2W-114178",52.467488,4.613347,2017-11-07 22:18:00,2017-11-07 22:18:00,1,45,1606.918999,35.709311,36759.175667,23820.991028,FALSE,NA,NA,NA,NA,NA,NA,TRUE
"91","A69-1602-2975",91,"Noordzeekanaal","Noordzeekanaal","VR2W-114165",52.462798,4.633995,2017-11-07 22:18:03,2017-11-07 22:18:03,1,3,1606.918999,535.639666,38366.094666,22214.07203,TRUE,23820.991028,28,2017-11-07 22:18:47,1606.918998,44,36.5208863181818,TRUE
"92","A69-1602-2975",92,"Noordzeekanaal","Grote sluis NZK","VR2W-114178",52.467488,4.613347,2017-11-07 22:18:47,2017-11-07 22:19:28,2,44,1606.918999,36.520886,39973.013665,23820.991028,FALSE,NA,NA,NA,NA,NA,NA,TRUE
"93","A69-1602-2975",93,"Noordzeekanaal","Noordzeekanaal","VR2W-114165",52.462798,4.633995,2017-11-07 22:19:30,2017-11-07 22:19:30,1,2,1606.918999,803.459499,41579.932664,22214.07203,TRUE,23820.991028,30,2017-11-07 22:20:15,1606.918998,45,35.7093110666667,TRUE
"94","A69-1602-2975",94,"Noordzeekanaal","Grote sluis NZK","VR2W-114178",52.467488,4.613347,2017-11-07 22:20:15,2017-11-07 22:20:15,1,45,1606.918999,35.709311,43186.851663,23820.991028,FALSE,NA,NA,NA,NA,NA,NA,TRUE
"95","A69-1602-2975",95,"Noordzeekanaal","Noordzeekanaal","VR2W-114165",52.462798,4.633995,2017-11-07 22:20:56,2017-11-07 22:21:34,2,41,1606.918999,39.193146,44793.770662,22214.07203,TRUE,23820.991028,32,2017-11-07 22:23:09,1606.918998,133,12.0820977293233,TRUE
"96","A69-1602-2975",96,"Noordzeekanaal","Grote sluis NZK","VR2W-114178",52.467488,4.613347,2017-11-07 22:23:09,2017-11-07 23:51:17,86,95,1606.918999,16.914937,46400.689661,23820.991028,FALSE,NA,NA,NA,NA,NA,NA,TRUE
"97","A69-1602-2975",97,"Noordzeekanaal","Noordzeekanaal","VR2W-114165",52.462798,4.633995,2017-11-07 23:52:37,2017-11-07 23:52:37,1,80,1606.918999,20.086487,48007.60866,22214.07203,TRUE,23820.991028,34,2017-11-07 23:54:50,1606.918998,133,12.0820977293233,TRUE
"98","A69-1602-2975",98,"Noordzeekanaal","Grote sluis NZK","VR2W-114178",52.467488,4.613347,2017-11-07 23:54:50,2017-11-07 23:56:15,2,133,1606.918999,12.082098,49614.527659,23820.991028,FALSE,NA,NA,NA,NA,NA,NA,TRUE
"99","A69-1602-2975",99,"Noordzeekanaal","Noordzeekanaal","VR2W-114165",52.462798,4.633995,2017-11-07 23:56:37,2017-11-07 23:56:37,1,22,1606.918999,73.041773,51221.446658,22214.07203,TRUE,23820.991028,36,2017-11-07 23:56:51,1606.918998,14,114.779928428571,TRUE
"100","A69-1602-2975",100,"Noordzeekanaal","Grote sluis NZK","VR2W-114178",52.467488,4.613347,2017-11-07 23:56:51,2017-11-08 01:30:19,90,14,1606.918999,114.779928,52828.365657,23820.991028,FALSE,NA,NA,NA,NA,NA,NA,TRUE
"101","A69-1602-2975",101,"Noordzeekanaal","Noordzeekanaal","VR2W-114165",52.462798,4.633995,2017-11-08 01:39:12,2017-11-08 01:39:12,1,533,1606.918999,3.014857,54435.284656,22214.07203,TRUE,23820.991028,38,2017-11-08 01:41:25,1606.918998,133,12.0820977293233,TRUE
"102","A69-1602-2975",102,"Noordzeekanaal","Grote sluis NZK","VR2W-114178",52.467488,4.613347,2017-11-08 01:41:25,2017-11-08 04:08:16,101,133,1606.918999,12.082098,56042.203655,23820.991028,FALSE,NA,NA,NA,NA,NA,NA,TRUE
"103","A69-1602-2975",103,"Noordzeekanaal","Noordzeekanaal","VR2W-114165",52.462798,4.633995,2017-11-08 04:12:25,2017-11-08 04:12:25,1,249,1606.918999,6.45349,57649.122654,22214.07203,TRUE,23820.991028,40,2017-11-08 04:13:02,1606.918998,37,43.4302431891892,TRUE
"104","A69-1602-2975",104,"Noordzeekanaal","Grote sluis NZK","VR2W-114178",52.467488,4.613347,2017-11-08 04:13:02,2017-11-08 04:13:52,2,37,1606.918999,43.430243,59256.041653,23820.991028,FALSE,NA,NA,NA,NA,NA,NA,TRUE
"105","A69-1602-2975",105,"Noordzeekanaal","Noordzeekanaal","VR2W-114165",52.462798,4.633995,2017-11-08 04:14:30,2017-11-08 04:15:10,2,38,1606.918999,42.287342,60862.960652,22214.07203,TRUE,23820.991028,42,2017-11-08 04:15:15,1606.918998,45,35.7093110666667,TRUE
"106","A69-1602-2975",106,"Noordzeekanaal","Grote sluis NZK","VR2W-114178",52.467488,4.613347,2017-11-08 04:15:15,2017-11-08 04:44:00,29,5,1606.918999,321.3838,62469.879651,23820.991028,FALSE,NA,NA,NA,NA,NA,NA,TRUE
"107","A69-1602-2975",107,"Noordzeekanaal","Noordzeekanaal","VR2W-114165",52.462798,4.633995,2017-11-08 04:44:57,2017-11-08 04:44:57,1,57,1606.918999,28.191561,64076.79865,22214.07203,TRUE,23820.991028,44,2017-11-08 04:47:51,1606.918998,174,9.23516665517242,TRUE
"108","A69-1602-2975",108,"Noordzeekanaal","Grote sluis NZK","VR2W-114178",52.467488,4.613347,2017-11-08 04:47:51,2017-11-08 05:29:54,15,174,1606.918999,9.235167,65683.717649,23820.991028,FALSE,NA,NA,NA,NA,NA,NA,TRUE
"109","A69-1602-2975",109,"Noordzeekanaal","Noordzeekanaal","VR2W-114164",52.465232,4.633992,2017-11-08 05:33:14,2017-11-08 05:35:30,4,200,1606.918999,8.034595,67290.636648,22214.07203,TRUE,23820.991028,46,2017-11-08 05:36:10,1606.918998,176,9.13022157954546,TRUE
"110","A69-1602-2975",110,"Noordzeekanaal","Grote sluis NZK","VR2W-114178",52.467488,4.613347,2017-11-08 05:36:10,2017-11-08 05:48:57,3,40,1606.918999,40.172975,68897.555647,23820.991028,FALSE,NA,NA,NA,NA,NA,NA,TRUE
"111","A69-1602-2975",111,"Noordzeekanaal","Noordzeekanaal","VR2W-114165",52.462798,4.633995,2017-11-08 05:57:11,2017-11-08 05:57:11,1,494,1606.918999,3.252872,70504.474646,22214.07203,TRUE,23820.991028,48,2017-11-08 05:58:35,1606.918998,84,19.1299880714286,TRUE
"112","A69-1602-2975",112,"Noordzeekanaal","Grote sluis NZK","VR2W-114178",52.467488,4.613347,2017-11-08 05:58:35,2017-11-08 07:15:38,21,84,1606.918999,19.129988,72111.393645,23820.991028,FALSE,NA,NA,NA,NA,NA,NA,TRUE
"113","A69-1602-2975",113,"Noordzeekanaal","Noordzeekanaal","VR2W-114165",52.462798,4.633995,2017-11-08 07:26:44,2017-11-08 07:26:44,1,666,1606.918999,2.412791,73718.312644,22214.07203,TRUE,23820.991028,50,2017-11-08 07:26:48,1606.918998,4,401.7297495,TRUE
"114","A69-1602-2975",114,"Noordzeekanaal","Grote sluis NZK","VR2W-114178",52.467488,4.613347,2017-11-08 07:26:48,2017-11-08 07:26:48,1,4,1606.918999,401.72975,75325.231643,23820.991028,FALSE,NA,NA,NA,NA,NA,NA,TRUE
"115","A69-1602-2975",115,"Noordzeekanaal","Noordzeekanaal","VR2W-114165",52.462798,4.633995,2017-11-08 07:27:37,2017-11-08 07:50:37,8,49,1606.918999,32.794265,76932.150642,22214.07203,TRUE,23820.991028,52,2017-11-08 07:52:03,1606.918998,1466,1.09612482810368,TRUE
"116","A69-1602-2975",116,"Noordzeekanaal","Grote sluis NZK","VR2W-114178",52.467488,4.613347,2017-11-08 07:52:03,2017-11-08 07:52:03,1,86,1606.918999,18.685105,78539.069641,23820.991028,FALSE,NA,NA,NA,NA,NA,NA,TRUE
"117","A69-1602-2975",117,"Noordzeekanaal","Noordzeekanaal","VR2W-114164",52.465232,4.633992,2017-11-08 07:54:29,2017-11-08 07:55:56,3,146,1606.918999,11.006295,80145.98864,22214.07203,TRUE,24538.063013,54,2017-11-08 07:56:05,2323.990983,96,24.20823940625,TRUE
"118","A69-1602-2975",118,"Noordzeekanaal","Middensluis NZK","VR2W-132417",52.465373,4.601803,2017-11-08 07:56:05,2017-11-08 07:56:05,1,9,2323.990983,258.22122,82469.979623,24538.063013,FALSE,NA,NA,NA,NA,NA,NA,TRUE
"119","A69-1602-2975",119,"Noordzeekanaal","Noordzeekanaal","VR2W-114165",52.462798,4.633995,2017-11-08 07:56:32,2017-11-08 09:11:04,56,27,2323.990983,86.07374,84793.970606,22214.07203,TRUE,23820.991028,56,2017-11-08 09:23:25,1606.918998,5213,0.308252253596777,TRUE
"120","A69-1602-2975",120,"Noordzeekanaal","Grote sluis NZK","VR2W-114178",52.467488,4.613347,2017-11-08 09:23:25,2017-11-08 11:21:48,44,741,1606.918999,2.168582,86400.889605,23820.991028,FALSE,NA,NA,NA,NA,NA,NA,TRUE
"121","A69-1602-2975",121,"Noordzeekanaal","Noordzeekanaal","VR2W-114165",52.462798,4.633995,2017-11-08 11:27:51,2017-11-08 11:27:51,1,363,1606.918999,4.426774,88007.808604,22214.07203,TRUE,23820.991028,58,2017-11-08 16:05:37,1606.918998,16666,0.0964189966398657,TRUE
"122","A69-1602-2975",122,"Noordzeekanaal","Grote sluis NZK","VR2W-114178",52.467488,4.613347,2017-11-08 16:05:37,2017-11-08 20:07:57,123,16666,1606.918999,0.096419,89614.727603,23820.991028,FALSE,NA,NA,NA,NA,NA,NA,TRUE
"123","A69-1602-2975",123,"Noordzeekanaal","Noordzeekanaal","VR2W-114164",52.465232,4.633992,2017-11-08 20:17:51,2017-11-09 04:20:23,145,594,1606.918999,2.705251,91221.646602,22214.07203,FALSE,24538.063013,61,2017-11-09 15:29:12,2323.990983,69081,0.0336415365006297,TRUE
"124","A69-1602-2975",124,"Noordzeekanaal","Noordzeekanaal","VR2W-114165",52.462798,4.633995,2017-11-09 14:18:15,2017-11-09 15:17:00,59,NA,NA,NA,91221.646602,22214.07203,TRUE,24538.063013,61,2017-11-09 15:29:12,2323.990983,4257,0.545922241719521,TRUE
"125","A69-1602-2975",125,"Noordzeekanaal","Middensluis NZK","VR2W-132417",52.465373,4.601803,2017-11-09 15:29:12,2017-11-09 15:29:12,1,732,2323.990983,3.174851,93545.637585,24538.063013,FALSE,NA,NA,NA,NA,NA,NA,TRUE
"126","A69-1602-2975",126,"Noordzeekanaal","Grote sluis NZK","VR2W-114178",52.467488,4.613347,2017-11-11 16:31:46,2017-11-11 18:54:11,84,176554,882.739291,0.005,94428.376876,23820.991028,NA,NA,NA,NA,NA,NA,NA,TRUE
"127","A69-1602-2976",127,"Noordzeekanaal","rel_noordzeekanaal14","none",52.470893,4.820397,2017-10-26 08:00:00,2017-10-26 08:00:00,1,NA,NA,NA,0,0,FALSE,1006.991281,2,2017-11-30 14:36:09,1006.991281,3047769,0.000330402757229961,FALSE
"128","A69-1602-2976",128,"Noordzeekanaal","Koog ad Zaan","VR2W-130586",52.463171,4.812326,2017-11-30 14:36:09,2017-11-30 15:27:52,42,3047769,1006.991281,0.00033,1006.991281,1006.991281,TRUE,3796.623247,3,2017-11-30 16:38:42,2789.631966,7353,0.379386912280702,TRUE
"129","A69-1602-2976",129,"Noordzeekanaal","Zaangemaal 1","VR2W-119070",52.440868,4.824139,2017-11-30 16:38:42,2017-11-30 18:30:23,83,4250,2872.464613,0.675874,3879.455894,3796.623247,TRUE,10624.258606,4,2017-11-30 23:57:41,6827.635359,26339,0.259221510269942,TRUE
"130","A69-1602-2976",130,"Noordzeekanaal","Overtoom 1","VR2W-119065",52.430117,4.784283,2017-11-30 23:57:41,2017-11-30 23:57:41,1,19638,6827.635359,0.347675,10707.091253,10624.258606,TRUE,22214.07203,5,2017-12-01 08:28:01,11589.813424,30620,0.378504683997387,TRUE
"131","A69-1602-2976",131,"Noordzeekanaal","Noordzeekanaal","VR2W-114165",52.462798,4.633995,2017-12-01 08:28:01,2017-12-01 11:04:44,43,30620,11955.458146,0.390446,22662.549399,22214.07203,FALSE,23820.991028,7,2017-12-01 17:27:00,1606.918998,32339,0.0496898171866787,TRUE
"132","A69-1602-2976",132,"Noordzeekanaal","Noordzeekanaal","VR2W-114164",52.465232,4.633992,2017-12-01 16:39:08,2017-12-01 17:04:33,18,NA,NA,NA,22662.549399,22214.07203,TRUE,23820.991028,7,2017-12-01 17:27:00,1606.918998,2872,0.559512185933148,TRUE
"133","A69-1602-2976",133,"Noordzeekanaal","Grote sluis NZK","VR2W-114178",52.467488,4.613347,2017-12-01 17:27:00,2017-12-01 18:06:54,27,1347,1606.918999,1.192961,24269.468398,23820.991028,FALSE,NA,NA,NA,NA,NA,NA,TRUE
"134","A69-1602-2976",134,"Noordzeekanaal","Noordzeekanaal","VR2W-114164",52.465232,4.633992,2017-12-01 18:07:12,2017-12-01 18:07:12,1,18,1606.918999,89.273278,25876.387397,22214.07203,TRUE,24538.063013,9,2017-12-01 18:09:46,2323.990983,154,15.090850538961,TRUE
"135","A69-1602-2976",135,"Noordzeekanaal","Middensluis NZK","VR2W-132417",52.465373,4.601803,2017-12-01 18:09:46,2017-12-01 18:10:28,2,154,2323.990983,15.090851,28200.37838,24538.063013,FALSE,NA,NA,NA,NA,NA,NA,TRUE
"136","A69-1602-2976",136,"Noordzeekanaal","Noordzeekanaal","VR2W-114164",52.465232,4.633992,2017-12-01 18:12:15,2017-12-01 18:12:15,1,107,2323.990983,21.719542,30524.369363,22214.07203,TRUE,24538.063013,11,2017-12-01 18:12:40,2323.990983,25,92.95963932,TRUE
"137","A69-1602-2976",137,"Noordzeekanaal","Middensluis NZK","VR2W-132417",52.465373,4.601803,2017-12-01 18:12:40,2017-12-01 22:24:35,141,25,2323.990983,92.959639,32848.360346,24538.063013,FALSE,NA,NA,NA,NA,NA,NA,TRUE
"138","A69-1602-2976",138,"Noordzeekanaal","Noordzeekanaal","VR2W-114164",52.465232,4.633992,2017-12-01 22:26:12,2017-12-01 22:28:06,2,97,2323.990983,23.95867,35172.351329,22214.07203,TRUE,24538.063013,13,2017-12-01 22:28:31,2323.990983,139,16.7193595899281,TRUE
"139","A69-1602-2976",139,"Noordzeekanaal","Middensluis NZK","VR2W-132417",52.465373,4.601803,2017-12-01 22:28:31,2017-12-01 22:28:31,1,25,2323.990983,92.959639,37496.342312,24538.063013,FALSE,NA,NA,NA,NA,NA,NA,TRUE
"140","A69-1602-2976",140,"Noordzeekanaal","Noordzeekanaal","VR2W-114164",52.465232,4.633992,2017-12-01 22:28:54,2017-12-01 22:28:54,1,23,2323.990983,101.043086,39820.333295,22214.07203,TRUE,23820.991028,15,2017-12-01 22:30:27,1606.918998,93,17.2786989032258,TRUE
"141","A69-1602-2976",141,"Noordzeekanaal","Grote sluis NZK","VR2W-114178",52.467488,4.613347,2017-12-01 22:30:27,2017-12-01 22:43:37,8,93,1606.918999,17.278699,41427.252294,23820.991028,FALSE,NA,NA,NA,NA,NA,NA,TRUE
"142","A69-1602-2976",142,"Noordzeekanaal","Noordzeekanaal","VR2W-114164",52.465232,4.633992,2017-12-01 22:45:20,2017-12-01 22:49:31,2,103,1606.918999,15.601155,43034.171293,22214.07203,TRUE,24538.063013,17,2017-12-01 22:49:53,2323.990983,273,8.51278748351648,TRUE
"143","A69-1602-2976",143,"Noordzeekanaal","Middensluis NZK","VR2W-132417",52.465373,4.601803,2017-12-01 22:49:53,2017-12-01 22:51:45,4,22,2323.990983,105.635954,45358.162276,24538.063013,FALSE,NA,NA,NA,NA,NA,NA,TRUE
"144","A69-1602-2976",144,"Noordzeekanaal","Noordzeekanaal","VR2W-114164",52.465232,4.633992,2017-12-01 22:51:48,2017-12-01 22:51:48,1,3,2323.990983,774.663661,47682.153259,22214.07203,TRUE,24538.063013,19,2017-12-01 22:52:19,2323.990983,31,74.9674510645161,TRUE
"145","A69-1602-2976",145,"Noordzeekanaal","Middensluis NZK","VR2W-132417",52.465373,4.601803,2017-12-01 22:52:19,2017-12-01 22:52:19,1,31,2323.990983,74.967451,50006.144242,24538.063013,FALSE,NA,NA,NA,NA,NA,NA,TRUE
"146","A69-1602-2976",146,"Noordzeekanaal","Noordzeekanaal","VR2W-114164",52.465232,4.633992,2017-12-01 22:52:24,2017-12-01 22:52:24,1,5,2323.990983,464.798197,52330.135225,22214.07203,TRUE,23820.991028,21,2017-12-01 22:52:33,1606.918998,9,178.546555333333,TRUE
"147","A69-1602-2976",147,"Noordzeekanaal","Grote sluis NZK","VR2W-114178",52.467488,4.613347,2017-12-01 22:52:33,2017-12-01 22:53:30,3,9,1606.918999,178.546555,53937.054224,23820.991028,FALSE,NA,NA,NA,NA,NA,NA,TRUE
"148","A69-1602-2976",148,"Noordzeekanaal","Noordzeekanaal","VR2W-114164",52.465232,4.633992,2017-12-01 22:53:42,2017-12-01 22:53:42,1,12,1606.918999,133.909917,55543.973223,22214.07203,TRUE,23820.991028,23,2017-12-01 22:54:16,1606.918998,34,47.2623234705883,TRUE
"149","A69-1602-2976",149,"Noordzeekanaal","Grote sluis NZK","VR2W-114178",52.467488,4.613347,2017-12-01 22:54:16,2017-12-01 23:00:18,7,34,1606.918999,47.262323,57150.892222,23820.991028,FALSE,NA,NA,NA,NA,NA,NA,TRUE
"150","A69-1602-2976",150,"Noordzeekanaal","Noordzeekanaal","VR2W-114164",52.465232,4.633992,2017-12-01 23:01:21,2017-12-01 23:01:21,1,63,1606.918999,25.506651,58757.811221,22214.07203,TRUE,24538.063013,25,2017-12-01 23:01:37,2323.990983,16,145.2494364375,TRUE
"151","A69-1602-2976",151,"Noordzeekanaal","Middensluis NZK","VR2W-132417",52.465373,4.601803,2017-12-01 23:01:37,2017-12-01 23:04:24,4,16,2323.990983,145.249436,61081.802204,24538.063013,FALSE,NA,NA,NA,NA,NA,NA,TRUE
"152","A69-1602-2976",152,"Noordzeekanaal","Noordzeekanaal","VR2W-114164",52.465232,4.633992,2017-12-01 23:05:02,2017-12-01 23:05:02,1,38,2323.990983,61.157657,63405.793187,22214.07203,TRUE,23820.991028,27,2017-12-01 23:05:11,1606.918998,9,178.546555333333,TRUE
"153","A69-1602-2976",153,"Noordzeekanaal","Grote sluis NZK","VR2W-114178",52.467488,4.613347,2017-12-01 23:05:11,2017-12-01 23:05:11,1,9,1606.918999,178.546555,65012.712186,23820.991028,FALSE,NA,NA,NA,NA,NA,NA,TRUE
"154","A69-1602-2976",154,"Noordzeekanaal","Noordzeekanaal","VR2W-114164",52.465232,4.633992,2017-12-01 23:05:41,2017-12-01 23:07:18,2,30,1606.918999,53.563967,66619.631185,22214.07203,TRUE,24538.063013,29,2017-12-01 23:07:30,2323.990983,109,21.3210181926605,TRUE
"155","A69-1602-2976",155,"Noordzeekanaal","Middensluis NZK","VR2W-132417",52.465373,4.601803,2017-12-01 23:07:30,2017-12-01 23:08:05,2,12,2323.990983,193.665915,68943.622168,24538.063013,FALSE,NA,NA,NA,NA,NA,NA,TRUE
"156","A69-1602-2976",156,"Noordzeekanaal","Noordzeekanaal","VR2W-114164",52.465232,4.633992,2017-12-01 23:08:10,2017-12-01 23:09:02,2,5,2323.990983,464.798197,71267.613151,22214.07203,TRUE,23820.991028,31,2017-12-01 23:09:27,1606.918998,77,20.8690778961039,TRUE
"157","A69-1602-2976",157,"Noordzeekanaal","Grote sluis NZK","VR2W-114178",52.467488,4.613347,2017-12-01 23:09:27,2017-12-01 23:09:27,1,25,1606.918999,64.27676,72874.53215,23820.991028,FALSE,NA,NA,NA,NA,NA,NA,TRUE
"158","A69-1602-2976",158,"Noordzeekanaal","Noordzeekanaal","VR2W-114164",52.465232,4.633992,2017-12-01 23:10:34,2017-12-01 23:10:34,1,67,1606.918999,23.983866,74481.451149,22214.07203,TRUE,24538.063013,33,2017-12-01 23:10:56,2323.990983,22,105.635953772727,TRUE
"159","A69-1602-2976",159,"Noordzeekanaal","Middensluis NZK","VR2W-132417",52.465373,4.601803,2017-12-01 23:10:56,2017-12-01 23:14:15,3,22,2323.990983,105.635954,76805.442132,24538.063013,FALSE,NA,NA,NA,NA,NA,NA,TRUE
"160","A69-1602-2976",160,"Noordzeekanaal","Noordzeekanaal","VR2W-114164",52.465232,4.633992,2017-12-01 23:14:35,2017-12-01 23:15:19,2,20,2323.990983,116.199549,79129.433115,22214.07203,TRUE,23820.991028,35,2017-12-01 23:15:21,1606.918998,46,34.9330216956522,TRUE
"161","A69-1602-2976",161,"Noordzeekanaal","Grote sluis NZK","VR2W-114178",52.467488,4.613347,2017-12-01 23:15:21,2017-12-01 23:15:21,1,2,1606.918999,803.459499,80736.352114,23820.991028,FALSE,NA,NA,NA,NA,NA,NA,TRUE
"162","A69-1602-2976",162,"Noordzeekanaal","Noordzeekanaal","VR2W-114164",52.465232,4.633992,2017-12-01 23:15:54,2017-12-01 23:15:54,1,33,1606.918999,48.694515,82343.271113,22214.07203,TRUE,23820.991028,37,2017-12-01 23:16:12,1606.918998,18,89.2732776666667,TRUE
"163","A69-1602-2976",163,"Noordzeekanaal","Grote sluis NZK","VR2W-114178",52.467488,4.613347,2017-12-01 23:16:12,2017-12-01 23:16:12,1,18,1606.918999,89.273278,83950.190112,23820.991028,FALSE,NA,NA,NA,NA,NA,NA,TRUE
"164","A69-1602-2976",164,"Noordzeekanaal","Noordzeekanaal","VR2W-114164",52.465232,4.633992,2017-12-01 23:16:28,2017-12-01 23:16:28,1,16,1606.918999,100.432437,85557.109111,22214.07203,TRUE,23820.991028,39,2017-12-01 23:16:58,1606.918998,30,53.5639666,TRUE
"165","A69-1602-2976",165,"Noordzeekanaal","Grote sluis NZK","VR2W-114178",52.467488,4.613347,2017-12-01 23:16:58,2017-12-01 23:20:06,3,30,1606.918999,53.563967,87164.02811,23820.991028,FALSE,NA,NA,NA,NA,NA,NA,TRUE
"166","A69-1602-2976",166,"Noordzeekanaal","Noordzeekanaal","VR2W-114164",52.465232,4.633992,2017-12-01 23:20:40,2017-12-01 23:20:40,1,34,1606.918999,47.262323,88770.947109,22214.07203,TRUE,23820.991028,41,2017-12-01 23:22:12,1606.918998,92,17.4665108478261,TRUE
"167","A69-1602-2976",167,"Noordzeekanaal","Grote sluis NZK","VR2W-114178",52.467488,4.613347,2017-12-01 23:22:12,2017-12-01 23:32:24,12,92,1606.918999,17.466511,90377.866108,23820.991028,FALSE,NA,NA,NA,NA,NA,NA,TRUE
"168","A69-1602-2976",168,"Noordzeekanaal","Noordzeekanaal","VR2W-114164",52.465232,4.633992,2017-12-01 23:34:13,2017-12-01 23:38:00,2,109,1606.918999,14.742376,91984.785107,22214.07203,TRUE,24538.063013,43,2017-12-01 23:39:48,2323.990983,335,6.93728651641791,TRUE
"169","A69-1602-2976",169,"Noordzeekanaal","Middensluis NZK","VR2W-132417",52.465373,4.601803,2017-12-01 23:39:48,2017-12-02 01:28:11,91,108,2323.990983,21.518435,94308.77609,24538.063013,FALSE,NA,NA,NA,NA,NA,NA,TRUE
"170","A69-1602-2976",170,"Noordzeekanaal","Middensluis NZK","VR2W-132417",52.465373,4.601803,2017-12-09 16:34:54,2017-12-09 16:49:59,2,NA,NA,NA,94308.77609,24538.063013,FALSE,NA,NA,NA,NA,NA,NA,TRUE
"171","A69-1602-2976",171,"Noordzeekanaal","Middensluis NZK","VR2W-132417",52.465373,4.601803,2017-12-09 19:26:56,2017-12-09 19:55:03,2,NA,NA,NA,94308.77609,24538.063013,NA,NA,NA,NA,NA,NA,NA,TRUE
"172","A69-1602-2976",172,"Noordzeekanaal","Spuisluis Noordzee","VR2W-132408",52.470319,4.594701,2017-12-10 19:36:58,2017-12-10 21:00:50,100,85315,707.025156,0.008287,95015.801246,25245.088169,NA,NA,NA,NA,NA,NA,NA,TRUE
"173","A69-1602-2977",173,"Noordzeekanaal","rel_noordzeekanaal14","none",52.470893,4.820397,2017-10-26 08:00:00,2017-10-26 08:00:00,1,NA,NA,NA,0,0,FALSE,1006.991281,2,2018-01-06 19:44:58,1006.991281,6263098,0.000160781658054848,FALSE
"174","A69-1602-2977",174,"Noordzeekanaal","Koog ad Zaan","VR2W-130586",52.463171,4.812326,2018-01-06 19:44:58,2018-01-06 21:08:19,56,6263098,1006.991281,0.000161,1006.991281,1006.991281,FALSE,NA,NA,NA,NA,NA,NA,FALSE
"175","A69-1602-2977",175,"Noordzeekanaal","Koog ad Zaan","VR2W-130586",52.463171,4.812326,2018-03-14 19:18:41,2018-03-14 20:48:31,54,NA,NA,NA,1006.991281,1006.991281,NA,NA,NA,NA,NA,NA,NA,FALSE
"176","A69-1602-2978",176,"Noordzeekanaal","rel_noordzeekanaal14","none",52.470893,4.820397,2017-10-26 08:00:00,2017-10-26 08:00:00,1,NA,NA,NA,0,0,TRUE,1006.991281,2,2017-10-27 02:06:38,1006.991281,65198,0.0154451253259302,TRUE
"177","A69-1602-2978",177,"Noordzeekanaal","Koog ad Zaan","VR2W-130586",52.463171,4.812326,2017-10-27 02:06:38,2017-10-27 02:41:33,31,65198,1006.991281,0.015445,1006.991281,1006.991281,NA,NA,NA,NA,NA,NA,NA,TRUE
"178","A69-1602-2979",178,"Noordzeekanaal","rel_noordzeekanaal14","none",52.470893,4.820397,2017-10-26 08:00:00,2017-10-26 08:00:00,1,NA,NA,NA,0,0,FALSE,1006.991281,2,2017-10-29 23:20:03,1006.991281,314403,0.00320286791474636,FALSE
"179","A69-1602-2979",179,"Noordzeekanaal","Koog ad Zaan","VR2W-130586",52.463171,4.812326,2017-10-29 23:20:03,2017-10-29 23:37:08,11,314403,1006.991281,0.003203,1006.991281,1006.991281,FALSE,NA,NA,NA,NA,NA,NA,FALSE
"180","A69-1602-2979",180,"Noordzeekanaal","Koog ad Zaan","VR2W-130586",52.463171,4.812326,2018-01-04 18:32:19,2018-01-04 19:35:21,52,NA,NA,NA,1006.991281,1006.991281,FALSE,NA,NA,NA,NA,NA,NA,FALSE
"181","A69-1602-2979",181,"Noordzeekanaal","Koog ad Zaan","VR2W-130586",52.463171,4.812326,2018-01-04 21:49:51,2018-01-05 01:40:12,221,NA,NA,NA,1006.991281,1006.991281,NA,NA,NA,NA,NA,NA,NA,FALSE
"182","A69-1602-2980",182,"Noordzeekanaal","rel_noordzeekanaal14","none",52.470893,4.820397,2017-10-26 08:00:00,2017-10-26 08:00:00,1,NA,NA,NA,0,0,FALSE,1006.991281,2,2017-11-14 23:35:35,1006.991281,1697735,0.000593138081620512,FALSE
"183","A69-1602-2980",183,"Noordzeekanaal","Koog ad Zaan","VR2W-130586",52.463171,4.812326,2017-11-14 23:35:35,2017-11-15 03:14:19,169,1697735,1006.991281,0.000593,1006.991281,1006.991281,FALSE,3796.623247,4,2017-11-24 22:49:21,2789.631966,861226,0.00323914044164946,FALSE
"184","A69-1602-2980",184,"Noordzeekanaal","Koog ad Zaan","VR2W-130586",52.463171,4.812326,2017-11-24 17:44:33,2017-11-24 21:36:02,229,NA,NA,NA,1006.991281,1006.991281,TRUE,3796.623247,4,2017-11-24 22:49:21,2789.631966,18288,0.152538930774278,TRUE
"185","A69-1602-2980",185,"Noordzeekanaal","Zaangemaal 1","VR2W-119070",52.440868,4.824139,2017-11-24 22:49:21,2017-11-25 00:14:10,93,4399,2872.464613,0.652981,3879.455894,3796.623247,FALSE,22214.07203,6,2017-12-13 23:47:47,18417.448783,1645106,0.0111952960982453,TRUE
"186","A69-1602-2980",186,"Noordzeekanaal","Zaangemaal 1","VR2W-119070",52.440868,4.824139,2017-11-25 01:23:03,2017-11-25 02:10:39,36,NA,NA,NA,3879.455894,3796.623247,TRUE,22214.07203,6,2017-12-13 23:47:47,18417.448783,1635884,0.0112584075539586,TRUE
"187","A69-1602-2980",187,"Noordzeekanaal","Noordzeekanaal","VR2W-114165",52.462798,4.633995,2017-12-13 23:47:47,2017-12-14 02:52:49,167,1633028,18417.448782,0.011278,22296.904676,22214.07203,FALSE,23820.991028,47,2017-12-29 23:07:27,1606.918998,1379980,0.00116445093262221,TRUE
"188","A69-1602-2980",188,"Noordzeekanaal","Noordzeekanaal","VR2W-114164",52.465232,4.633992,2017-12-14 17:03:40,2017-12-14 19:16:53,5,NA,NA,NA,22296.904676,22214.07203,FALSE,23820.991028,47,2017-12-29 23:07:27,1606.918998,1317827,0.001219370219308,TRUE
"189","A69-1602-2980",189,"Noordzeekanaal","Noordzeekanaal","VR2W-114164",52.465232,4.633992,2017-12-14 21:06:55,2017-12-14 22:16:53,6,NA,NA,NA,22296.904676,22214.07203,FALSE,23820.991028,47,2017-12-29 23:07:27,1606.918998,1303232,0.00123302604448019,TRUE
"190","A69-1602-2980",190,"Noordzeekanaal","Noordzeekanaal","VR2W-114164",52.465232,4.633992,2017-12-14 23:45:09,2017-12-14 23:45:59,2,NA,NA,NA,22296.904676,22214.07203,FALSE,23820.991028,47,2017-12-29 23:07:27,1606.918998,1293738,0.00124207451431434,TRUE
"191","A69-1602-2980",191,"Noordzeekanaal","Noordzeekanaal","VR2W-114165",52.462798,4.633995,2017-12-15 01:12:38,2017-12-15 01:12:38,1,NA,NA,NA,22296.904676,22214.07203,FALSE,23820.991028,47,2017-12-29 23:07:27,1606.918998,1288489,0.00124713443265717,TRUE
"192","A69-1602-2980",192,"Noordzeekanaal","Noordzeekanaal","VR2W-114164",52.465232,4.633992,2017-12-15 02:31:23,2017-12-15 02:31:23,1,NA,NA,NA,22296.904676,22214.07203,FALSE,23820.991028,47,2017-12-29 23:07:27,1606.918998,1283764,0.00125172461449301,TRUE
"193","A69-1602-2980",193,"Noordzeekanaal","Noordzeekanaal","VR2W-114165",52.462798,4.633995,2017-12-15 05:26:03,2017-12-15 05:26:03,1,NA,NA,NA,22296.904676,22214.07203,FALSE,23820.991028,47,2017-12-29 23:07:27,1606.918998,1273284,0.00126202716597397,TRUE
"194","A69-1602-2980",194,"Noordzeekanaal","Noordzeekanaal","VR2W-114164",52.465232,4.633992,2017-12-15 12:10:24,2017-12-15 12:17:18,2,NA,NA,NA,22296.904676,22214.07203,FALSE,23820.991028,47,2017-12-29 23:07:27,1606.918998,1249023,0.00128654075865697,TRUE
"195","A69-1602-2980",195,"Noordzeekanaal","Noordzeekanaal","VR2W-114164",52.465232,4.633992,2017-12-15 13:44:50,2017-12-15 13:44:50,1,NA,NA,NA,22296.904676,22214.07203,FALSE,23820.991028,47,2017-12-29 23:07:27,1606.918998,1243357,0.00129240354781451,TRUE
"196","A69-1602-2980",196,"Noordzeekanaal","Noordzeekanaal","VR2W-114164",52.465232,4.633992,2017-12-15 19:20:06,2017-12-15 19:20:06,1,NA,NA,NA,22296.904676,22214.07203,FALSE,23820.991028,47,2017-12-29 23:07:27,1606.918998,1223241,0.00131365691470446,TRUE
"197","A69-1602-2980",197,"Noordzeekanaal","Noordzeekanaal","VR2W-114164",52.465232,4.633992,2017-12-15 20:45:39,2017-12-16 00:50:43,16,NA,NA,NA,22296.904676,22214.07203,FALSE,23820.991028,47,2017-12-29 23:07:27,1606.918998,1218108,0.00131919254942912,TRUE
"198","A69-1602-2980",198,"Noordzeekanaal","Noordzeekanaal","VR2W-114165",52.462798,4.633995,2017-12-16 01:50:53,2017-12-16 01:50:53,1,NA,NA,NA,22296.904676,22214.07203,FALSE,23820.991028,47,2017-12-29 23:07:27,1606.918998,1199794,0.00133932908315928,TRUE
"199","A69-1602-2980",199,"Noordzeekanaal","Noordzeekanaal","VR2W-114164",52.465232,4.633992,2017-12-16 08:24:26,2017-12-16 08:24:26,1,NA,NA,NA,22296.904676,22214.07203,FALSE,23820.991028,47,2017-12-29 23:07:27,1606.918998,1176181,0.00136621744272353,TRUE
"200","A69-1602-2980",200,"Noordzeekanaal","Noordzeekanaal","VR2W-114164",52.465232,4.633992,2017-12-16 15:59:40,2017-12-16 16:25:04,3,NA,NA,NA,22296.904676,22214.07203,FALSE,23820.991028,47,2017-12-29 23:07:27,1606.918998,1148867,0.00139869889029801,TRUE
"201","A69-1602-2980",201,"Noordzeekanaal","Noordzeekanaal","VR2W-114164",52.465232,4.633992,2017-12-16 19:58:28,2017-12-16 20:58:04,3,NA,NA,NA,22296.904676,22214.07203,FALSE,23820.991028,47,2017-12-29 23:07:27,1606.918998,1134539,0.00141636294389175,TRUE
"202","A69-1602-2980",202,"Noordzeekanaal","Noordzeekanaal","VR2W-114164",52.465232,4.633992,2017-12-17 01:18:22,2017-12-17 02:28:14,22,NA,NA,NA,22296.904676,22214.07203,FALSE,23820.991028,47,2017-12-29 23:07:27,1606.918998,1115345,0.0014407371692167,TRUE
"203","A69-1602-2980",203,"Noordzeekanaal","Noordzeekanaal","VR2W-114164",52.465232,4.633992,2017-12-17 09:58:31,2017-12-17 09:58:31,1,NA,NA,NA,22296.904676,22214.07203,FALSE,23820.991028,47,2017-12-29 23:07:27,1606.918998,1084136,0.0014822116394991,TRUE
"204","A69-1602-2980",204,"Noordzeekanaal","Noordzeekanaal","VR2W-114164",52.465232,4.633992,2017-12-17 18:22:50,2017-12-17 18:22:50,1,NA,NA,NA,22296.904676,22214.07203,FALSE,23820.991028,47,2017-12-29 23:07:27,1606.918998,1053877,0.00152476901763678,TRUE
"205","A69-1602-2980",205,"Noordzeekanaal","Noordzeekanaal","VR2W-114165",52.462798,4.633995,2017-12-18 17:12:03,2017-12-23 09:54:23,2715,NA,NA,NA,22296.904676,22214.07203,FALSE,23820.991028,47,2017-12-29 23:07:27,1606.918998,971724,0.00165367840868395,TRUE
"206","A69-1602-2980",206,"Noordzeekanaal","Noordzeekanaal","VR2W-114165",52.462798,4.633995,2017-12-23 14:14:05,2017-12-23 14:14:05,1,NA,NA,NA,22296.904676,22214.07203,FALSE,23820.991028,47,2017-12-29 23:07:27,1606.918998,550402,0.0029195369893278,TRUE
"207","A69-1602-2980",207,"Noordzeekanaal","Noordzeekanaal","VR2W-114164",52.465232,4.633992,2017-12-23 15:48:21,2017-12-26 02:56:13,1183,NA,NA,NA,22296.904676,22214.07203,FALSE,23820.991028,47,2017-12-29 23:07:27,1606.918998,544746,0.00294985001817361,TRUE
"208","A69-1602-2980",208,"Noordzeekanaal","Noordzeekanaal","VR2W-114164",52.465232,4.633992,2017-12-26 04:24:36,2017-12-26 07:33:46,11,NA,NA,NA,22296.904676,22214.07203,FALSE,23820.991028,47,2017-12-29 23:07:27,1606.918998,326571,0.0049205808170352,TRUE
"209","A69-1602-2980",209,"Noordzeekanaal","Noordzeekanaal","VR2W-114164",52.465232,4.633992,2017-12-26 09:46:13,2017-12-26 09:46:13,1,NA,NA,NA,22296.904676,22214.07203,FALSE,23820.991028,47,2017-12-29 23:07:27,1606.918998,307274,0.00522959637977831,TRUE
"210","A69-1602-2980",210,"Noordzeekanaal","Noordzeekanaal","VR2W-114164",52.465232,4.633992,2017-12-26 11:28:45,2017-12-26 22:38:35,203,NA,NA,NA,22296.904676,22214.07203,FALSE,23820.991028,47,2017-12-29 23:07:27,1606.918998,301122,0.00533643838045709,TRUE
"211","A69-1602-2980",211,"Noordzeekanaal","Noordzeekanaal","VR2W-114164",52.465232,4.633992,2017-12-26 23:58:18,2017-12-26 23:58:18,1,NA,NA,NA,22296.904676,22214.07203,FALSE,23820.991028,47,2017-12-29 23:07:27,1606.918998,256149,0.00627337603504211,TRUE
"212","A69-1602-2980",212,"Noordzeekanaal","Noordzeekanaal","VR2W-114164",52.465232,4.633992,2017-12-27 01:07:00,2017-12-27 02:14:01,9,NA,NA,NA,22296.904676,22214.07203,FALSE,23820.991028,47,2017-12-29 23:07:27,1606.918998,252027,0.00637597954981014,TRUE
"213","A69-1602-2980",213,"Noordzeekanaal","Noordzeekanaal","VR2W-114164",52.465232,4.633992,2017-12-27 03:15:29,2017-12-27 03:45:34,4,NA,NA,NA,22296.904676,22214.07203,FALSE,23820.991028,47,2017-12-29 23:07:27,1606.918998,244318,0.00657716172365524,TRUE
"214","A69-1602-2980",214,"Noordzeekanaal","Noordzeekanaal","VR2W-114164",52.465232,4.633992,2017-12-27 04:47:59,2017-12-27 06:37:43,6,NA,NA,NA,22296.904676,22214.07203,FALSE,23820.991028,47,2017-12-29 23:07:27,1606.918998,238768,0.00673004338102259,TRUE
"215","A69-1602-2980",215,"Noordzeekanaal","Noordzeekanaal","VR2W-114164",52.465232,4.633992,2017-12-27 09:33:49,2017-12-27 12:49:24,44,NA,NA,NA,22296.904676,22214.07203,FALSE,23820.991028,47,2017-12-29 23:07:27,1606.918998,221618,0.00725085055365539,TRUE
"216","A69-1602-2980",216,"Noordzeekanaal","Noordzeekanaal","VR2W-114164",52.465232,4.633992,2017-12-27 13:56:33,2017-12-27 16:06:29,18,NA,NA,NA,22296.904676,22214.07203,FALSE,23820.991028,47,2017-12-29 23:07:27,1606.918998,205854,0.00780611014602583,TRUE
"217","A69-1602-2980",217,"Noordzeekanaal","Noordzeekanaal","VR2W-114164",52.465232,4.633992,2017-12-27 18:25:06,2017-12-28 06:55:34,339,NA,NA,NA,22296.904676,22214.07203,FALSE,23820.991028,47,2017-12-29 23:07:27,1606.918998,189741,0.00846901301247491,TRUE
"218","A69-1602-2980",218,"Noordzeekanaal","Noordzeekanaal","VR2W-114164",52.465232,4.633992,2017-12-28 14:54:10,2017-12-28 14:54:10,1,NA,NA,NA,22296.904676,22214.07203,FALSE,23820.991028,47,2017-12-29 23:07:27,1606.918998,115997,0.0138531082527997,TRUE
"219","A69-1602-2980",219,"Noordzeekanaal","Noordzeekanaal","VR2W-114164",52.465232,4.633992,2017-12-28 16:15:44,2017-12-28 17:07:44,65,NA,NA,NA,22296.904676,22214.07203,FALSE,23820.991028,47,2017-12-29 23:07:27,1606.918998,111103,0.0144633268048568,TRUE
"220","A69-1602-2980",220,"Noordzeekanaal","Noordzeekanaal","VR2W-114164",52.465232,4.633992,2017-12-28 23:08:11,2017-12-28 23:08:11,1,NA,NA,NA,22296.904676,22214.07203,FALSE,23820.991028,47,2017-12-29 23:07:27,1606.918998,86356,0.0186080758488119,TRUE
"221","A69-1602-2980",221,"Noordzeekanaal","Noordzeekanaal","VR2W-114164",52.465232,4.633992,2017-12-29 01:14:10,2017-12-29 02:09:03,2,NA,NA,NA,22296.904676,22214.07203,FALSE,23820.991028,47,2017-12-29 23:07:27,1606.918998,78797,0.0203931494600048,TRUE
"222","A69-1602-2980",222,"Noordzeekanaal","Noordzeekanaal","VR2W-114164",52.465232,4.633992,2017-12-29 03:39:42,2017-12-29 03:55:36,4,NA,NA,NA,22296.904676,22214.07203,FALSE,23820.991028,47,2017-12-29 23:07:27,1606.918998,70065,0.0229346891886106,TRUE
"223","A69-1602-2980",223,"Noordzeekanaal","Noordzeekanaal","VR2W-114164",52.465232,4.633992,2017-12-29 06:15:56,2017-12-29 06:15:56,1,NA,NA,NA,22296.904676,22214.07203,FALSE,23820.991028,47,2017-12-29 23:07:27,1606.918998,60691,0.0264770558731937,TRUE
"224","A69-1602-2980",224,"Noordzeekanaal","Noordzeekanaal","VR2W-114164",52.465232,4.633992,2017-12-29 07:45:26,2017-12-29 07:45:26,1,NA,NA,NA,22296.904676,22214.07203,FALSE,23820.991028,47,2017-12-29 23:07:27,1606.918998,55321,0.0290471791543899,TRUE
"225","A69-1602-2980",225,"Noordzeekanaal","Noordzeekanaal","VR2W-114164",52.465232,4.633992,2017-12-29 08:48:15,2017-12-29 08:48:15,1,NA,NA,NA,22296.904676,22214.07203,FALSE,23820.991028,47,2017-12-29 23:07:27,1606.918998,51552,0.0311708371741155,TRUE
"226","A69-1602-2980",226,"Noordzeekanaal","Noordzeekanaal","VR2W-114164",52.465232,4.633992,2017-12-29 16:00:06,2017-12-29 19:57:21,210,NA,NA,NA,22296.904676,22214.07203,FALSE,23820.991028,47,2017-12-29 23:07:27,1606.918998,25641,0.0626699035919036,TRUE
"227","A69-1602-2980",227,"Noordzeekanaal","Noordzeekanaal","VR2W-114165",52.462798,4.633995,2017-12-29 21:45:03,2017-12-29 22:30:51,32,NA,NA,NA,22296.904676,22214.07203,TRUE,23820.991028,47,2017-12-29 23:07:27,1606.918998,4944,0.325024069174758,TRUE
"228","A69-1602-2980",228,"Noordzeekanaal","Grote sluis NZK","VR2W-114178",52.467488,4.613347,2017-12-29 23:07:27,2017-12-30 03:00:23,111,2196,1606.918999,0.731748,23903.823675,23820.991028,NA,NA,NA,NA,NA,NA,NA,TRUE
"229","A69-1602-2981",229,"Noordzeekanaal","rel_noordzeekanaal14","none",52.470893,4.820397,2017-10-26 08:00:00,2017-10-26 08:00:00,1,NA,NA,NA,0,0,FALSE,1006.991281,2,2017-10-31 18:52:45,1006.991281,471165,0.00213723702100114,FALSE
"230","A69-1602-2981",230,"Noordzeekanaal","Koog ad Zaan","VR2W-130586",52.463171,4.812326,2017-10-31 18:52:45,2017-10-31 21:48:13,111,471165,1006.991281,0.002137,1006.991281,1006.991281,FALSE,3796.623247,6,2017-11-09 23:17:09,2789.631966,793464,0.00351576374731557,FALSE
"231","A69-1602-2981",231,"Noordzeekanaal","Koog ad Zaan","VR2W-130586",52.463171,4.812326,2017-11-05 05:49:33,2017-11-05 07:00:16,89,NA,NA,NA,1006.991281,1006.991281,FALSE,3796.623247,6,2017-11-09 23:17:09,2789.631966,408456,0.00682970005581997,FALSE
"232","A69-1602-2981",232,"Noordzeekanaal","Koog ad Zaan","VR2W-130586",52.463171,4.812326,2017-11-05 16:49:06,2017-11-05 17:47:11,50,NA,NA,NA,1006.991281,1006.991281,FALSE,3796.623247,6,2017-11-09 23:17:09,2789.631966,368883,0.00756237605419605,FALSE
"233","A69-1602-2981",233,"Noordzeekanaal","Koog ad Zaan","VR2W-130586",52.463171,4.812326,2017-11-09 19:09:34,2017-11-09 21:18:20,98,NA,NA,NA,1006.991281,1006.991281,TRUE,3796.623247,6,2017-11-09 23:17:09,2789.631966,14855,0.187790775227196,TRUE
"234","A69-1602-2981",234,"Noordzeekanaal","Zaangemaal 1","VR2W-119070",52.440868,4.824139,2017-11-09 23:17:09,2017-11-10 00:48:12,84,7129,2872.464613,0.402927,3879.455894,3796.623247,FALSE,NA,NA,NA,NA,NA,NA,TRUE
"235","A69-1602-2981",235,"Noordzeekanaal","Koog ad Zaan","VR2W-130586",52.463171,4.812326,2017-11-10 02:18:13,2017-11-10 03:43:29,74,5401,2872.464613,0.531839,6751.920507,1006.991281,FALSE,3796.623247,9,2017-11-22 23:55:21,2789.631966,1114628,0.00250274707436024,TRUE
"236","A69-1602-2981",236,"Noordzeekanaal","Koog ad Zaan","VR2W-130586",52.463171,4.812326,2017-11-22 19:48:53,2017-11-22 22:41:22,100,NA,NA,NA,6751.920507,1006.991281,TRUE,3796.623247,9,2017-11-22 23:55:21,2789.631966,14788,0.188641598999189,TRUE
"237","A69-1602-2981",237,"Noordzeekanaal","Zaangemaal 1","VR2W-119070",52.440868,4.824139,2017-11-22 23:55:21,2017-11-23 01:12:59,77,4439,2872.464613,0.647097,9624.38512,3796.623247,TRUE,22214.07203,10,2017-11-28 18:36:43,18417.448783,499282,0.0368878685452309,TRUE
"238","A69-1602-2981",238,"Noordzeekanaal","Noordzeekanaal","VR2W-114165",52.462798,4.633995,2017-11-28 18:36:43,2017-11-28 19:35:12,44,494624,18417.448782,0.037235,28041.833902,22214.07203,TRUE,24386.611153,11,2017-11-28 21:15:23,2172.539123,9520,0.228207891071429,TRUE
"239","A69-1602-2981",239,"Noordzeekanaal","Spuisluis NZK","VR2W-114167",52.470646,4.607811,2017-11-28 21:15:23,2017-11-28 21:52:02,3,6011,2172.539123,0.361427,30214.373025,24386.611153,FALSE,NA,NA,NA,NA,NA,NA,TRUE
"240","A69-1602-2981",240,"Noordzeekanaal","Spuisluis NZK","VR2W-114167",52.470646,4.607811,2017-11-28 23:11:50,2017-11-28 23:12:31,2,NA,NA,NA,30214.373025,24386.611153,FALSE,NA,NA,NA,NA,NA,NA,TRUE
"241","A69-1602-2981",241,"Noordzeekanaal","Spuisluis NZK","VR2W-114167",52.470646,4.607811,2017-11-29 03:19:06,2017-11-29 03:19:06,1,NA,NA,NA,30214.373025,24386.611153,FALSE,NA,NA,NA,NA,NA,NA,TRUE
"242","A69-1602-2981",242,"Noordzeekanaal","Spuisluis NZK","VR2W-114167",52.470646,4.607811,2017-11-29 05:17:27,2017-11-29 05:17:27,1,NA,NA,NA,30214.373025,24386.611153,FALSE,NA,NA,NA,NA,NA,NA,TRUE
"243","A69-1602-2981",243,"Noordzeekanaal","Noordzeekanaal","VR2W-114165",52.462798,4.633995,2017-11-29 06:36:05,2017-11-29 06:36:05,1,4718,2172.539123,0.460479,32386.912148,22214.07203,TRUE,24538.063013,16,2017-11-29 06:54:27,2323.990983,1102,2.10888473956443,TRUE
"244","A69-1602-2981",244,"Noordzeekanaal","Middensluis NZK","VR2W-132417",52.465373,4.601803,2017-11-29 06:54:27,2017-11-29 10:11:45,65,1102,2323.990983,2.108885,34710.903131,24538.063013,NA,NA,NA,NA,NA,NA,NA,TRUE
"245","A69-1602-2981",245,"Noordzeekanaal","Kleine sluis NZK","VR2W-132415",52.464559,4.592909,2017-11-29 16:11:50,2017-11-29 18:45:03,71,21605,641.346055,0.029685,35352.249186,25096.575415,NA,NA,NA,NA,NA,NA,NA,TRUE
"246","A69-1602-2982",246,"Noordzeekanaal","rel_noordzeekanaal14","none",52.470893,4.820397,2017-10-26 08:00:00,2017-10-26 08:00:00,1,NA,NA,NA,0,0,TRUE,1006.991281,2,2017-10-27 10:19:42,1006.991281,94782,0.0106242881665295,TRUE
"247","A69-1602-2982",247,"Noordzeekanaal","Koog ad Zaan","VR2W-130586",52.463171,4.812326,2017-10-27 10:19:42,2017-10-27 11:44:50,65,94782,1006.991281,0.010624,1006.991281,1006.991281,FALSE,3796.623247,4,2017-10-29 09:08:50,2789.631966,168548,0.0165509645086266,TRUE
"248","A69-1602-2982",248,"Noordzeekanaal","Koog ad Zaan","VR2W-130586",52.463171,4.812326,2017-10-29 05:53:31,2017-10-29 06:57:37,40,NA,NA,NA,1006.991281,1006.991281,TRUE,3796.623247,4,2017-10-29 09:08:50,2789.631966,11719,0.238043516170322,TRUE
"249","A69-1602-2982",249,"Noordzeekanaal","Zaangemaal 1","VR2W-119070",52.440868,4.824139,2017-10-29 09:08:50,2017-10-29 10:08:18,71,7873,2872.464613,0.36485,3879.455894,3796.623247,FALSE,NA,NA,NA,NA,NA,NA,TRUE
"250","A69-1602-2982",250,"Noordzeekanaal","Zaangemaal 1","VR2W-119070",52.440868,4.824139,2017-10-29 11:52:54,2017-10-29 11:54:44,2,NA,NA,NA,3879.455894,3796.623247,FALSE,NA,NA,NA,NA,NA,NA,TRUE
"251","A69-1602-2982",251,"Noordzeekanaal","Zaangemaal 1","VR2W-119070",52.440868,4.824139,2017-10-29 16:54:23,2017-10-29 18:48:10,108,NA,NA,NA,3879.455894,3796.623247,FALSE,NA,NA,NA,NA,NA,NA,TRUE
"252","A69-1602-2982",252,"Noordzeekanaal","Zaangemaal 1","VR2W-119070",52.440868,4.824139,2017-10-31 00:20:56,2017-10-31 02:11:41,42,NA,NA,NA,3879.455894,3796.623247,FALSE,NA,NA,NA,NA,NA,NA,TRUE
"253","A69-1602-2982",253,"Noordzeekanaal","Zaangemaal 1","VR2W-119070",52.440868,4.824139,2017-11-01 15:13:30,2017-11-01 18:06:33,52,NA,NA,NA,3879.455894,3796.623247,FALSE,NA,NA,NA,NA,NA,NA,TRUE
"254","A69-1602-2982",254,"Noordzeekanaal","Zaangemaal 1","VR2W-119070",52.440868,4.824139,2017-11-03 03:57:45,2017-11-03 05:31:27,32,NA,NA,NA,3879.455894,3796.623247,FALSE,NA,NA,NA,NA,NA,NA,TRUE
"255","A69-1602-2982",255,"Noordzeekanaal","Zaangemaal 1","VR2W-119070",52.440868,4.824139,2017-11-03 11:49:49,2017-11-03 11:49:49,1,NA,NA,NA,3879.455894,3796.623247,FALSE,NA,NA,NA,NA,NA,NA,TRUE
"256","A69-1602-2982",256,"Noordzeekanaal","Zaangemaal 1","VR2W-119070",52.440868,4.824139,2017-11-03 19:48:40,2017-11-03 21:02:07,17,NA,NA,NA,3879.455894,3796.623247,FALSE,NA,NA,NA,NA,NA,NA,TRUE
"257","A69-1602-2982",257,"Noordzeekanaal","Zaangemaal 1","VR2W-119070",52.440868,4.824139,2017-11-04 05:33:48,2017-11-04 06:00:44,3,NA,NA,NA,3879.455894,3796.623247,FALSE,NA,NA,NA,NA,NA,NA,TRUE
"258","A69-1602-2982",258,"Noordzeekanaal","Zaangemaal 1","VR2W-119070",52.440868,4.824139,2017-11-04 16:12:56,2017-11-04 16:23:36,4,NA,NA,NA,3879.455894,3796.623247,FALSE,NA,NA,NA,NA,NA,NA,TRUE
"259","A69-1602-2982",259,"Noordzeekanaal","Zaangemaal 1","VR2W-119070",52.440868,4.824139,2017-11-05 05:15:54,2017-11-05 06:39:38,87,NA,NA,NA,3879.455894,3796.623247,FALSE,NA,NA,NA,NA,NA,NA,TRUE
"260","A69-1602-2982",260,"Noordzeekanaal","Zaangemaal 1","VR2W-119070",52.440868,4.824139,2017-11-05 08:18:00,2017-11-05 08:20:57,3,NA,NA,NA,3879.455894,3796.623247,FALSE,NA,NA,NA,NA,NA,NA,TRUE
"261","A69-1602-2982",261,"Noordzeekanaal","Zaangemaal 1","VR2W-119070",52.440868,4.824139,2017-11-06 17:50:46,2017-11-06 18:05:48,22,NA,NA,NA,3879.455894,3796.623247,NA,NA,NA,NA,NA,NA,NA,TRUE
"262","A69-1602-2982",262,"Noordzeekanaal","Zaangemaal 2","VR2W-120094",52.440083,4.824859,2017-11-06 20:27:40,2017-11-06 20:27:40,1,8512,99.988708,0.011747,3979.444602,3896.611956,FALSE,NA,NA,NA,NA,NA,NA,TRUE
"263","A69-1602-2982",263,"Noordzeekanaal","Zaangemaal 1","VR2W-119070",52.440868,4.824139,2017-11-08 16:08:34,2017-11-08 17:20:58,64,157254,99.988708,0.000636,4079.43331,3796.623247,FALSE,NA,NA,NA,NA,NA,NA,TRUE
"264","A69-1602-2982",264,"Noordzeekanaal","Zaangemaal 1","VR2W-119070",52.440868,4.824139,2017-11-09 00:34:46,2017-11-09 03:01:58,60,NA,NA,NA,4079.43331,3796.623247,FALSE,NA,NA,NA,NA,NA,NA,TRUE
"265","A69-1602-2982",265,"Noordzeekanaal","Zaangemaal 1","VR2W-119070",52.440868,4.824139,2017-11-09 23:33:51,2017-11-09 23:33:51,1,NA,NA,NA,4079.43331,3796.623247,FALSE,NA,NA,NA,NA,NA,NA,TRUE
"266","A69-1602-2982",266,"Noordzeekanaal","Zaangemaal 1","VR2W-119070",52.440868,4.824139,2017-11-10 02:42:48,2017-11-10 05:34:48,29,NA,NA,NA,4079.43331,3796.623247,FALSE,NA,NA,NA,NA,NA,NA,TRUE
"267","A69-1602-2982",267,"Noordzeekanaal","Zaangemaal 1","VR2W-119070",52.440868,4.824139,2017-11-10 16:12:19,2017-11-10 17:36:54,12,NA,NA,NA,4079.43331,3796.623247,FALSE,NA,NA,NA,NA,NA,NA,TRUE
"268","A69-1602-2982",268,"Noordzeekanaal","Zaangemaal 1","VR2W-119070",52.440868,4.824139,2017-11-11 16:51:32,2017-11-11 17:00:52,2,NA,NA,NA,4079.43331,3796.623247,FALSE,NA,NA,NA,NA,NA,NA,TRUE
"269","A69-1602-2982",269,"Noordzeekanaal","Zaangemaal 1","VR2W-119070",52.440868,4.824139,2017-11-11 19:04:55,2017-11-11 21:57:33,187,NA,NA,NA,4079.43331,3796.623247,FALSE,NA,NA,NA,NA,NA,NA,TRUE
"270","A69-1602-2982",270,"Noordzeekanaal","Zaangemaal 1","VR2W-119070",52.440868,4.824139,2017-11-12 04:46:19,2017-11-12 06:44:03,38,NA,NA,NA,4079.43331,3796.623247,FALSE,NA,NA,NA,NA,NA,NA,TRUE
"271","A69-1602-2982",271,"Noordzeekanaal","Zaangemaal 1","VR2W-119070",52.440868,4.824139,2017-11-12 09:21:10,2017-11-12 09:21:10,1,NA,NA,NA,4079.43331,3796.623247,FALSE,NA,NA,NA,NA,NA,NA,TRUE
"272","A69-1602-2982",272,"Noordzeekanaal","Zaangemaal 1","VR2W-119070",52.440868,4.824139,2017-11-12 16:14:50,2017-11-12 16:26:22,7,NA,NA,NA,4079.43331,3796.623247,FALSE,NA,NA,NA,NA,NA,NA,TRUE
"273","A69-1602-2982",273,"Noordzeekanaal","Zaangemaal 1","VR2W-119070",52.440868,4.824139,2017-11-12 17:57:17,2017-11-12 18:29:08,18,NA,NA,NA,4079.43331,3796.623247,FALSE,NA,NA,NA,NA,NA,NA,TRUE
"274","A69-1602-2982",274,"Noordzeekanaal","Zaangemaal 1","VR2W-119070",52.440868,4.824139,2017-11-12 19:50:49,2017-11-12 20:21:09,31,NA,NA,NA,4079.43331,3796.623247,FALSE,NA,NA,NA,NA,NA,NA,TRUE
"275","A69-1602-2982",275,"Noordzeekanaal","Zaangemaal 1","VR2W-119070",52.440868,4.824139,2017-11-15 16:21:16,2017-11-15 17:12:35,41,NA,NA,NA,4079.43331,3796.623247,FALSE,NA,NA,NA,NA,NA,NA,TRUE
"276","A69-1602-2982",276,"Noordzeekanaal","Zaangemaal 1","VR2W-119070",52.440868,4.824139,2017-11-15 23:45:11,2017-11-15 23:57:27,10,NA,NA,NA,4079.43331,3796.623247,FALSE,NA,NA,NA,NA,NA,NA,TRUE
"277","A69-1602-2982",277,"Noordzeekanaal","Zaangemaal 1","VR2W-119070",52.440868,4.824139,2017-11-16 16:06:21,2017-11-16 16:47:22,24,NA,NA,NA,4079.43331,3796.623247,FALSE,NA,NA,NA,NA,NA,NA,TRUE
"278","A69-1602-2982",278,"Noordzeekanaal","Zaangemaal 1","VR2W-119070",52.440868,4.824139,2017-11-16 18:46:57,2017-11-16 19:13:24,13,NA,NA,NA,4079.43331,3796.623247,FALSE,NA,NA,NA,NA,NA,NA,TRUE
"279","A69-1602-2982",279,"Noordzeekanaal","Zaangemaal 1","VR2W-119070",52.440868,4.824139,2017-11-17 07:33:51,2017-11-17 07:39:08,4,NA,NA,NA,4079.43331,3796.623247,FALSE,NA,NA,NA,NA,NA,NA,TRUE
"280","A69-1602-2982",280,"Noordzeekanaal","Zaangemaal 1","VR2W-119070",52.440868,4.824139,2017-11-21 15:18:13,2017-11-21 19:10:28,191,NA,NA,NA,4079.43331,3796.623247,FALSE,NA,NA,NA,NA,NA,NA,TRUE
"281","A69-1602-2982",281,"Noordzeekanaal","Zaangemaal 1","VR2W-119070",52.440868,4.824139,2017-11-22 20:44:52,2017-11-22 23:03:11,115,NA,NA,NA,4079.43331,3796.623247,FALSE,NA,NA,NA,NA,NA,NA,TRUE
"282","A69-1602-2982",282,"Noordzeekanaal","Koog ad Zaan","VR2W-130586",52.463171,4.812326,2017-11-23 00:46:31,2017-11-23 02:17:29,71,6200,2872.464613,0.463301,6951.897923,1006.991281,FALSE,3796.623247,39,2017-11-23 05:33:48,2789.631966,17237,0.161839761327377,TRUE
"283","A69-1602-2982",283,"Noordzeekanaal","Koog ad Zaan","VR2W-130586",52.463171,4.812326,2017-11-23 03:32:44,2017-11-23 04:35:05,15,NA,NA,NA,6951.897923,1006.991281,TRUE,3796.623247,39,2017-11-23 05:33:48,2789.631966,7264,0.384035237610132,TRUE
"284","A69-1602-2982",284,"Noordzeekanaal","Zaangemaal 1","VR2W-119070",52.440868,4.824139,2017-11-23 05:33:48,2017-11-23 06:46:05,73,3523,2872.464613,0.815346,9824.362536,3796.623247,FALSE,NA,NA,NA,NA,NA,NA,TRUE
"285","A69-1602-2982",285,"Noordzeekanaal","Zaangemaal 1","VR2W-119070",52.440868,4.824139,2017-11-24 17:47:10,2017-11-24 18:29:04,19,NA,NA,NA,9824.362536,3796.623247,FALSE,NA,NA,NA,NA,NA,NA,TRUE
"286","A69-1602-2982",286,"Noordzeekanaal","Zaangemaal 1","VR2W-119070",52.440868,4.824139,2018-01-05 01:44:58,2018-01-05 01:57:37,7,NA,NA,NA,9824.362536,3796.623247,NA,NA,NA,NA,NA,NA,NA,TRUE
"287","A69-1602-2983",287,"Noordzeekanaal","rel_noordzeekanaal15","none",52.451725,4.818485,2017-11-01 12:40:00,2017-11-01 12:40:00,1,NA,NA,NA,0,0,TRUE,1406.946114,2,2017-11-01 12:40:10,1406.946114,10,140.6946114,TRUE
"288","A69-1602-2983",288,"Noordzeekanaal","Zaangemaal 1","VR2W-119070",52.440868,4.824139,2017-11-01 12:40:10,2017-11-01 17:40:54,374,10,1406.946114,140.694611,1406.946114,1406.946114,FALSE,19824.394896,20,2017-11-23 22:10:47,18417.448782,1935037,0.00951787939041993,TRUE
"289","A69-1602-2983",289,"Noordzeekanaal","Zaangemaal 1","VR2W-119070",52.440868,4.824139,2017-11-01 18:44:52,2017-11-01 20:52:10,28,NA,NA,NA,1406.946114,1406.946114,FALSE,19824.394896,20,2017-11-23 22:10:47,18417.448782,1913155,0.00962674157713306,TRUE
"290","A69-1602-2983",290,"Noordzeekanaal","Zaangemaal 1","VR2W-119070",52.440868,4.824139,2017-11-01 22:19:05,2017-11-01 22:34:50,4,NA,NA,NA,1406.946114,1406.946114,FALSE,19824.394896,20,2017-11-23 22:10:47,18417.448782,1900302,0.00969185360116445,TRUE
"291","A69-1602-2983",291,"Noordzeekanaal","Zaangemaal 1","VR2W-119070",52.440868,4.824139,2017-11-02 00:08:37,2017-11-02 02:19:34,33,NA,NA,NA,1406.946114,1406.946114,FALSE,19824.394896,20,2017-11-23 22:10:47,18417.448782,1893730,0.00972548820687215,TRUE
"292","A69-1602-2983",292,"Noordzeekanaal","Zaangemaal 1","VR2W-119070",52.440868,4.824139,2017-11-02 05:00:32,2017-11-02 09:16:01,47,NA,NA,NA,1406.946114,1406.946114,FALSE,19824.394896,20,2017-11-23 22:10:47,18417.448782,1876215,0.00981627840199551,TRUE
"293","A69-1602-2983",293,"Noordzeekanaal","Zaangemaal 1","VR2W-119070",52.440868,4.824139,2017-11-02 13:07:32,2017-11-02 22:17:30,135,NA,NA,NA,1406.946114,1406.946114,FALSE,19824.394896,20,2017-11-23 22:10:47,18417.448782,1846995,0.00997157479148563,TRUE
"294","A69-1602-2983",294,"Noordzeekanaal","Zaangemaal 1","VR2W-119070",52.440868,4.824139,2017-11-02 23:23:17,2017-11-03 14:23:59,246,NA,NA,NA,1406.946114,1406.946114,FALSE,19824.394896,20,2017-11-23 22:10:47,18417.448782,1810050,0.0101751049871551,TRUE
"295","A69-1602-2983",295,"Noordzeekanaal","Zaangemaal 1","VR2W-119070",52.440868,4.824139,2017-11-03 15:57:33,2017-11-04 00:05:04,188,NA,NA,NA,1406.946114,1406.946114,FALSE,19824.394896,20,2017-11-23 22:10:47,18417.448782,1750394,0.0105218875190386,TRUE
"296","A69-1602-2983",296,"Noordzeekanaal","Zaangemaal 1","VR2W-119070",52.440868,4.824139,2017-11-04 01:23:14,2017-11-04 03:59:33,39,NA,NA,NA,1406.946114,1406.946114,FALSE,19824.394896,20,2017-11-23 22:10:47,18417.448782,1716453,0.0107299464546947,TRUE
"297","A69-1602-2983",297,"Noordzeekanaal","Zaangemaal 1","VR2W-119070",52.440868,4.824139,2017-11-04 09:30:52,2017-11-04 11:35:40,16,NA,NA,NA,1406.946114,1406.946114,FALSE,19824.394896,20,2017-11-23 22:10:47,18417.448782,1687195,0.0109160166916094,TRUE
"298","A69-1602-2983",298,"Noordzeekanaal","Zaangemaal 1","VR2W-119070",52.440868,4.824139,2017-11-04 13:07:03,2017-11-04 13:35:27,11,NA,NA,NA,1406.946114,1406.946114,FALSE,19824.394896,20,2017-11-23 22:10:47,18417.448782,1674224,0.0110005882020566,TRUE
"299","A69-1602-2983",299,"Noordzeekanaal","Zaangemaal 1","VR2W-119070",52.440868,4.824139,2017-11-04 14:53:55,2017-11-04 14:53:55,1,NA,NA,NA,1406.946114,1406.946114,FALSE,19824.394896,20,2017-11-23 22:10:47,18417.448782,1667812,0.0110428806016505,TRUE
"300","A69-1602-2983",300,"Noordzeekanaal","Zaangemaal 1","VR2W-119070",52.440868,4.824139,2017-11-04 16:23:23,2017-11-04 18:07:47,32,NA,NA,NA,1406.946114,1406.946114,FALSE,19824.394896,20,2017-11-23 22:10:47,18417.448782,1662444,0.0110785378527036,TRUE
"301","A69-1602-2983",301,"Noordzeekanaal","Zaangemaal 1","VR2W-119070",52.440868,4.824139,2017-11-04 19:23:28,2017-11-04 19:35:42,15,NA,NA,NA,1406.946114,1406.946114,FALSE,19824.394896,20,2017-11-23 22:10:47,18417.448782,1651639,0.0111510134975016,TRUE
"302","A69-1602-2983",302,"Noordzeekanaal","Zaangemaal 1","VR2W-119070",52.440868,4.824139,2017-11-04 20:43:19,2017-11-04 21:46:06,59,NA,NA,NA,1406.946114,1406.946114,FALSE,19824.394896,20,2017-11-23 22:10:47,18417.448782,1646848,0.0111834539568922,TRUE
"303","A69-1602-2983",303,"Noordzeekanaal","Zaangemaal 1","VR2W-119070",52.440868,4.824139,2017-11-05 00:35:30,2017-11-05 16:50:44,585,NA,NA,NA,1406.946114,1406.946114,TRUE,19824.394896,20,2017-11-23 22:10:47,18417.448782,1632917,0.011278864009622,TRUE
"304","A69-1602-2983",304,"Noordzeekanaal","Zaangemaal 3","VR2W-119064",52.437818,4.826197,2017-11-05 19:12:08,2017-11-05 21:28:49,12,8484,341.382448,0.040238,1748.328562,1748.328561,FALSE,19824.394896,20,2017-11-23 22:10:47,18076.066335,1565919,0.0115434235966228,TRUE
"305","A69-1602-2983",305,"Noordzeekanaal","Zaangemaal 3","VR2W-119064",52.437818,4.826197,2017-11-05 22:52:24,2017-11-05 23:19:55,20,NA,NA,NA,1748.328562,1748.328561,TRUE,19824.394896,20,2017-11-23 22:10:47,18076.066335,1552703,0.0116416766986346,TRUE
"306","A69-1602-2983",306,"Noordzeekanaal","Noordzeekanaal","VR2W-114165",52.462798,4.633995,2017-11-23 22:10:47,2017-11-23 22:59:39,56,1551052,18076.066335,0.011654,19824.394897,19824.394896,TRUE,21431.313895,21,2017-11-23 23:01:59,1606.918999,3072,0.523085611653645,TRUE
"307","A69-1602-2983",307,"Noordzeekanaal","Grote sluis NZK","VR2W-114178",52.467488,4.613347,2017-11-23 23:01:59,2017-11-23 23:01:59,1,140,1606.918999,11.477993,21431.313896,21431.313895,FALSE,NA,NA,NA,NA,NA,NA,TRUE
"308","A69-1602-2983",308,"Noordzeekanaal","Noordzeekanaal","VR2W-114165",52.462798,4.633995,2017-11-23 23:02:36,2017-11-23 23:04:41,3,37,1606.918999,43.430243,23038.232895,19824.394896,TRUE,21431.313895,23,2017-11-23 23:06:11,1606.918999,215,7.47404185581394,TRUE
"309","A69-1602-2983",309,"Noordzeekanaal","Grote sluis NZK","VR2W-114178",52.467488,4.613347,2017-11-23 23:06:11,2017-11-23 23:08:20,4,90,1606.918999,17.854656,24645.151894,21431.313895,FALSE,NA,NA,NA,NA,NA,NA,TRUE
"310","A69-1602-2983",310,"Noordzeekanaal","Noordzeekanaal","VR2W-114165",52.462798,4.633995,2017-11-23 23:10:10,2017-11-23 23:10:10,1,110,1606.918999,14.608355,26252.070893,19824.394896,TRUE,21996.934019,25,2017-11-24 00:24:07,2172.539123,4437,0.489641452107279,TRUE
"311","A69-1602-2983",311,"Noordzeekanaal","Spuisluis NZK","VR2W-114167",52.470646,4.607811,2017-11-24 00:24:07,2017-11-24 01:13:26,14,4437,2172.539123,0.489641,28424.610016,21996.934019,FALSE,NA,NA,NA,NA,NA,NA,TRUE
"312","A69-1602-2983",312,"Noordzeekanaal","Spuisluis NZK","VR2W-114167",52.470646,4.607811,2017-11-24 02:21:35,2017-11-24 04:23:30,24,NA,NA,NA,28424.610016,21996.934019,FALSE,NA,NA,NA,NA,NA,NA,TRUE
"313","A69-1602-2983",313,"Noordzeekanaal","Noordzeekanaal","VR2W-114165",52.462798,4.633995,2017-11-24 05:39:36,2017-11-24 05:57:10,2,4566,2172.539123,0.475808,30597.149139,19824.394896,TRUE,21431.313895,28,2017-11-24 06:17:04,1606.918999,2248,0.714821618772241,TRUE
"314","A69-1602-2983",314,"Noordzeekanaal","Grote sluis NZK","VR2W-114178",52.467488,4.613347,2017-11-24 06:17:04,2017-11-24 06:45:50,9,1194,1606.918999,1.345828,32204.068138,21431.313895,FALSE,22855.411035,30,2017-11-24 16:50:04,1424.09714,37980,0.0374959752501317,TRUE
"315","A69-1602-2983",315,"Noordzeekanaal","Grote sluis NZK","VR2W-114178",52.467488,4.613347,2017-11-24 13:35:46,2017-11-24 16:37:05,118,NA,NA,NA,32204.068138,21431.313895,TRUE,22855.411035,30,2017-11-24 16:50:04,1424.09714,11658,0.122156213758792,TRUE
"316","A69-1602-2983",316,"Noordzeekanaal","Spuisluis Noordzee","VR2W-132409",52.471207,4.595198,2017-11-24 16:50:04,2017-11-24 17:02:09,18,779,1424.097141,1.828109,33628.165279,22855.411035,NA,NA,NA,NA,NA,NA,NA,TRUE
"317","A69-1602-2984",317,"Noordzeekanaal","rel_noordzeekanaal15","none",52.451725,4.818485,2017-11-01 12:40:00,2017-11-01 12:40:00,1,NA,NA,NA,0,0,FALSE,NA,NA,NA,NA,NA,NA,FALSE
"318","A69-1602-2984",318,"Noordzeekanaal","Koog ad Zaan","VR2W-130586",52.463171,4.812326,2017-11-01 13:57:52,2017-11-01 15:12:43,45,4672,1465.518499,0.313681,1465.518499,-1465.518499,FALSE,NA,NA,NA,NA,NA,NA,FALSE
"319","A69-1602-2984",319,"Noordzeekanaal","Koog ad Zaan","VR2W-130586",52.463171,4.812326,2017-11-04 21:36:23,2017-11-04 21:49:20,5,NA,NA,NA,1465.518499,-1465.518499,FALSE,NA,NA,NA,NA,NA,NA,FALSE
"320","A69-1602-2984",320,"Noordzeekanaal","Koog ad Zaan","VR2W-130586",52.463171,4.812326,2017-11-08 17:50:59,2017-11-08 20:58:45,162,NA,NA,NA,1465.518499,-1465.518499,FALSE,NA,NA,NA,NA,NA,NA,FALSE
"321","A69-1602-2984",321,"Noordzeekanaal","Koog ad Zaan","VR2W-130586",52.463171,4.812326,2017-11-10 16:56:26,2017-11-11 01:50:01,559,NA,NA,NA,1465.518499,-1465.518499,NA,NA,NA,NA,NA,NA,NA,FALSE
"322","A69-1602-2985",322,"Noordzeekanaal","rel_noordzeekanaal15","none",52.451725,4.818485,2017-11-01 12:40:00,2017-11-01 12:40:00,1,NA,NA,NA,0,0,FALSE,NA,NA,NA,NA,NA,NA,FALSE
"323","A69-1602-2985",323,"Noordzeekanaal","Koog ad Zaan","VR2W-130586",52.463171,4.812326,2017-11-02 20:52:17,2017-11-03 00:07:52,58,115937,1465.518499,0.012641,1465.518499,-1465.518499,FALSE,NA,NA,NA,NA,NA,NA,FALSE
"324","A69-1602-2985",324,"Noordzeekanaal","Koog ad Zaan","VR2W-130586",52.463171,4.812326,2017-11-03 03:40:16,2017-11-03 04:24:24,3,NA,NA,NA,1465.518499,-1465.518499,FALSE,NA,NA,NA,NA,NA,NA,FALSE
"325","A69-1602-2985",325,"Noordzeekanaal","Koog ad Zaan","VR2W-130586",52.463171,4.812326,2017-11-03 06:45:34,2017-11-03 07:01:36,6,NA,NA,NA,1465.518499,-1465.518499,FALSE,NA,NA,NA,NA,NA,NA,FALSE
"326","A69-1602-2985",326,"Noordzeekanaal","Koog ad Zaan","VR2W-130586",52.463171,4.812326,2017-11-03 15:05:55,2017-11-03 15:30:26,8,NA,NA,NA,1465.518499,-1465.518499,FALSE,NA,NA,NA,NA,NA,NA,FALSE
"327","A69-1602-2985",327,"Noordzeekanaal","Koog ad Zaan","VR2W-130586",52.463171,4.812326,2017-11-03 16:40:30,2017-11-03 17:26:44,15,NA,NA,NA,1465.518499,-1465.518499,FALSE,NA,NA,NA,NA,NA,NA,FALSE
"328","A69-1602-2985",328,"Noordzeekanaal","Koog ad Zaan","VR2W-130586",52.463171,4.812326,2017-11-03 19:00:17,2017-11-03 22:40:28,84,NA,NA,NA,1465.518499,-1465.518499,FALSE,NA,NA,NA,NA,NA,NA,FALSE
"329","A69-1602-2985",329,"Noordzeekanaal","Koog ad Zaan","VR2W-130586",52.463171,4.812326,2017-11-04 08:59:19,2017-11-04 09:20:46,3,NA,NA,NA,1465.518499,-1465.518499,FALSE,NA,NA,NA,NA,NA,NA,FALSE
"330","A69-1602-2985",330,"Noordzeekanaal","Koog ad Zaan","VR2W-130586",52.463171,4.812326,2017-11-04 23:42:24,2017-11-05 01:34:02,80,NA,NA,NA,1465.518499,-1465.518499,NA,NA,NA,NA,NA,NA,NA,FALSE
"331","A69-1602-2986",331,"Noordzeekanaal","rel_noordzeekanaal15","none",52.451725,4.818485,2017-11-01 12:40:00,2017-11-01 12:40:00,1,NA,NA,NA,0,0,FALSE,1406.946114,2,2017-11-09 23:20:39,1406.946114,729639,0.00192827701644238,FALSE
"332","A69-1602-2986",332,"Noordzeekanaal","Zaangemaal 1","VR2W-119070",52.440868,4.824139,2017-11-09 23:20:39,2017-11-09 23:21:27,2,729639,1406.946114,0.001928,1406.946114,1406.946114,FALSE,NA,NA,NA,NA,NA,NA,FALSE
"333","A69-1602-2986",333,"Noordzeekanaal","Zaangemaal 1","VR2W-119070",52.440868,4.824139,2017-11-10 00:50:06,2017-11-10 05:38:13,163,NA,NA,NA,1406.946114,1406.946114,FALSE,NA,NA,NA,NA,NA,NA,FALSE
"334","A69-1602-2986",334,"Noordzeekanaal","Zaangemaal 1","VR2W-119070",52.440868,4.824139,2017-11-10 10:04:33,2017-11-10 12:11:11,48,NA,NA,NA,1406.946114,1406.946114,FALSE,NA,NA,NA,NA,NA,NA,FALSE
"335","A69-1602-2986",335,"Noordzeekanaal","Zaangemaal 1","VR2W-119070",52.440868,4.824139,2017-11-10 14:11:56,2017-11-10 18:48:11,76,NA,NA,NA,1406.946114,1406.946114,FALSE,NA,NA,NA,NA,NA,NA,FALSE
"336","A69-1602-2986",336,"Noordzeekanaal","Zaangemaal 1","VR2W-119070",52.440868,4.824139,2017-11-10 22:12:33,2017-11-10 23:22:22,19,NA,NA,NA,1406.946114,1406.946114,FALSE,NA,NA,NA,NA,NA,NA,FALSE
"337","A69-1602-2986",337,"Noordzeekanaal","Zaangemaal 1","VR2W-119070",52.440868,4.824139,2017-11-11 02:04:35,2017-11-11 03:42:42,76,NA,NA,NA,1406.946114,1406.946114,FALSE,NA,NA,NA,NA,NA,NA,FALSE
"338","A69-1602-2986",338,"Noordzeekanaal","Zaangemaal 1","VR2W-119070",52.440868,4.824139,2017-11-11 11:36:24,2017-11-11 11:36:24,1,NA,NA,NA,1406.946114,1406.946114,FALSE,NA,NA,NA,NA,NA,NA,FALSE
"339","A69-1602-2986",339,"Noordzeekanaal","Zaangemaal 1","VR2W-119070",52.440868,4.824139,2017-11-11 12:41:09,2017-11-11 13:11:59,17,NA,NA,NA,1406.946114,1406.946114,FALSE,NA,NA,NA,NA,NA,NA,FALSE
"340","A69-1602-2986",340,"Noordzeekanaal","Zaangemaal 1","VR2W-119070",52.440868,4.824139,2017-11-11 14:13:06,2017-11-11 14:43:04,6,NA,NA,NA,1406.946114,1406.946114,FALSE,NA,NA,NA,NA,NA,NA,FALSE
"341","A69-1602-2986",341,"Noordzeekanaal","Koog ad Zaan","VR2W-130586",52.463171,4.812326,2017-11-11 17:50:27,2017-11-11 23:23:32,229,11243,2872.464613,0.255489,4279.410727,-1465.518499,NA,NA,NA,NA,NA,NA,NA,FALSE
"342","A69-1602-2987",342,"Noordzeekanaal","rel_noordzeekanaal15","none",52.451725,4.818485,2017-11-01 12:40:00,2017-11-01 12:40:00,1,NA,NA,NA,0,0,FALSE,NA,NA,NA,NA,NA,NA,FALSE
"343","A69-1602-2987",343,"Noordzeekanaal","Koog ad Zaan","VR2W-130586",52.463171,4.812326,2017-11-02 04:12:50,2017-11-02 06:19:34,25,55970,1465.518499,0.026184,1465.518499,-1465.518499,FALSE,NA,NA,NA,NA,NA,NA,FALSE
"344","A69-1602-2987",344,"Noordzeekanaal","Koog ad Zaan","VR2W-130586",52.463171,4.812326,2017-11-02 12:06:35,2017-11-02 12:58:18,16,NA,NA,NA,1465.518499,-1465.518499,FALSE,NA,NA,NA,NA,NA,NA,FALSE
"345","A69-1602-2987",345,"Noordzeekanaal","Koog ad Zaan","VR2W-130586",52.463171,4.812326,2017-11-03 00:24:30,2017-11-03 00:53:29,3,NA,NA,NA,1465.518499,-1465.518499,FALSE,NA,NA,NA,NA,NA,NA,FALSE
"346","A69-1602-2987",346,"Noordzeekanaal","Koog ad Zaan","VR2W-130586",52.463171,4.812326,2017-11-03 02:46:14,2017-11-03 02:53:30,7,NA,NA,NA,1465.518499,-1465.518499,FALSE,NA,NA,NA,NA,NA,NA,FALSE
"347","A69-1602-2987",347,"Noordzeekanaal","Koog ad Zaan","VR2W-130586",52.463171,4.812326,2017-11-03 05:23:52,2017-11-03 05:36:32,3,NA,NA,NA,1465.518499,-1465.518499,FALSE,NA,NA,NA,NA,NA,NA,FALSE
"348","A69-1602-2987",348,"Noordzeekanaal","Koog ad Zaan","VR2W-130586",52.463171,4.812326,2017-11-03 16:38:45,2017-11-03 22:55:09,117,NA,NA,NA,1465.518499,-1465.518499,FALSE,NA,NA,NA,NA,NA,NA,FALSE
"349","A69-1602-2987",349,"Noordzeekanaal","Koog ad Zaan","VR2W-130586",52.463171,4.812326,2017-11-04 00:56:10,2017-11-04 00:57:45,3,NA,NA,NA,1465.518499,-1465.518499,FALSE,NA,NA,NA,NA,NA,NA,FALSE
"350","A69-1602-2987",350,"Noordzeekanaal","Koog ad Zaan","VR2W-130586",52.463171,4.812326,2017-11-04 02:09:43,2017-11-04 07:50:35,213,NA,NA,NA,1465.518499,-1465.518499,FALSE,NA,NA,NA,NA,NA,NA,FALSE
"351","A69-1602-2987",351,"Noordzeekanaal","Koog ad Zaan","VR2W-130586",52.463171,4.812326,2017-11-04 09:42:20,2017-11-04 09:42:20,1,NA,NA,NA,1465.518499,-1465.518499,FALSE,NA,NA,NA,NA,NA,NA,FALSE
"352","A69-1602-2987",352,"Noordzeekanaal","Koog ad Zaan","VR2W-130586",52.463171,4.812326,2017-11-05 18:02:11,2017-11-05 18:37:48,8,NA,NA,NA,1465.518499,-1465.518499,FALSE,NA,NA,NA,NA,NA,NA,FALSE
"353","A69-1602-2987",353,"Noordzeekanaal","Koog ad Zaan","VR2W-130586",52.463171,4.812326,2017-11-10 19:23:06,2017-11-10 20:49:28,16,NA,NA,NA,1465.518499,-1465.518499,FALSE,NA,NA,NA,NA,NA,NA,FALSE
"354","A69-1602-2987",354,"Noordzeekanaal","Koog ad Zaan","VR2W-130586",52.463171,4.812326,2017-11-19 21:48:46,2017-11-19 22:22:02,22,NA,NA,NA,1465.518499,-1465.518499,FALSE,NA,NA,NA,NA,NA,NA,FALSE
"355","A69-1602-2987",355,"Noordzeekanaal","Koog ad Zaan","VR2W-130586",52.463171,4.812326,2017-11-19 23:37:17,2017-11-20 03:22:58,119,NA,NA,NA,1465.518499,-1465.518499,FALSE,NA,NA,NA,NA,NA,NA,FALSE
"356","A69-1602-2987",356,"Noordzeekanaal","Koog ad Zaan","VR2W-130586",52.463171,4.812326,2017-11-22 15:47:38,2017-11-22 17:22:43,32,NA,NA,NA,1465.518499,-1465.518499,FALSE,NA,NA,NA,NA,NA,NA,FALSE
"357","A69-1602-2987",357,"Noordzeekanaal","Koog ad Zaan","VR2W-130586",52.463171,4.812326,2017-11-22 18:36:20,2017-11-22 20:18:27,37,NA,NA,NA,1465.518499,-1465.518499,FALSE,NA,NA,NA,NA,NA,NA,FALSE
"358","A69-1602-2987",358,"Noordzeekanaal","Koog ad Zaan","VR2W-130586",52.463171,4.812326,2017-11-22 21:57:29,2017-11-23 03:46:31,67,NA,NA,NA,1465.518499,-1465.518499,FALSE,NA,NA,NA,NA,NA,NA,FALSE
"359","A69-1602-2987",359,"Noordzeekanaal","Koog ad Zaan","VR2W-130586",52.463171,4.812326,2017-11-24 20:27:45,2017-11-24 20:29:48,4,NA,NA,NA,1465.518499,-1465.518499,FALSE,NA,NA,NA,NA,NA,NA,FALSE
"360","A69-1602-2987",360,"Noordzeekanaal","Koog ad Zaan","VR2W-130586",52.463171,4.812326,2017-11-24 22:42:14,2017-11-25 01:34:46,32,NA,NA,NA,1465.518499,-1465.518499,FALSE,NA,NA,NA,NA,NA,NA,FALSE
"361","A69-1602-2987",361,"Noordzeekanaal","Koog ad Zaan","VR2W-130586",52.463171,4.812326,2017-11-25 02:43:33,2017-11-25 07:08:40,39,NA,NA,NA,1465.518499,-1465.518499,FALSE,NA,NA,NA,NA,NA,NA,FALSE
"362","A69-1602-2987",362,"Noordzeekanaal","Koog ad Zaan","VR2W-130586",52.463171,4.812326,2017-11-26 20:04:24,2017-11-27 00:41:02,114,NA,NA,NA,1465.518499,-1465.518499,FALSE,NA,NA,NA,NA,NA,NA,FALSE
"363","A69-1602-2987",363,"Noordzeekanaal","Koog ad Zaan","VR2W-130586",52.463171,4.812326,2017-11-27 02:48:37,2017-11-27 05:00:16,28,NA,NA,NA,1465.518499,-1465.518499,FALSE,NA,NA,NA,NA,NA,NA,FALSE
"364","A69-1602-2987",364,"Noordzeekanaal","Koog ad Zaan","VR2W-130586",52.463171,4.812326,2017-12-07 02:26:38,2017-12-07 03:38:35,35,NA,NA,NA,1465.518499,-1465.518499,NA,NA,NA,NA,NA,NA,NA,FALSE
"365","A69-1602-2988",365,"Noordzeekanaal","rel_noordzeekanaal15","none",52.451725,4.818485,2017-11-01 12:40:00,2017-11-01 12:40:00,1,NA,NA,NA,0,0,FALSE,1406.946114,2,2017-11-07 23:08:12,1406.946114,556092,0.002530059979284,FALSE
"366","A69-1602-2988",366,"Noordzeekanaal","Zaangemaal 1","VR2W-119070",52.440868,4.824139,2017-11-07 23:08:12,2017-11-08 00:00:32,22,556092,1406.946114,0.00253,1406.946114,1406.946114,FALSE,19824.394896,10,2017-12-10 07:15:59,18417.448782,2794067,0.00659162746705788,FALSE
"367","A69-1602-2988",367,"Noordzeekanaal","Zaangemaal 1","VR2W-119070",52.440868,4.824139,2017-11-12 03:45:10,2017-11-12 03:45:10,1,NA,NA,NA,1406.946114,1406.946114,FALSE,19824.394896,10,2017-12-10 07:15:59,18417.448782,2431849,0.00757343436290658,FALSE
"368","A69-1602-2988",368,"Noordzeekanaal","Zaangemaal 1","VR2W-119070",52.440868,4.824139,2017-11-13 03:07:38,2017-11-13 03:10:38,5,NA,NA,NA,1406.946114,1406.946114,FALSE,19824.394896,10,2017-12-10 07:15:59,18417.448782,2347701,0.00784488688380676,FALSE
"369","A69-1602-2988",369,"Noordzeekanaal","Zaangemaal 1","VR2W-119070",52.440868,4.824139,2017-11-17 20:02:20,2017-11-17 20:03:08,2,NA,NA,NA,1406.946114,1406.946114,FALSE,19824.394896,10,2017-12-10 07:15:59,18417.448782,1941219,0.00948756878126579,FALSE
"370","A69-1602-2988",370,"Noordzeekanaal","Zaangemaal 1","VR2W-119070",52.440868,4.824139,2017-11-20 16:09:15,2017-11-20 16:09:15,1,NA,NA,NA,1406.946114,1406.946114,FALSE,19824.394896,10,2017-12-10 07:15:59,18417.448782,1696004,0.0108593191891057,FALSE
"371","A69-1602-2988",371,"Noordzeekanaal","Zaangemaal 1","VR2W-119070",52.440868,4.824139,2017-11-20 17:48:23,2017-11-20 19:40:24,29,NA,NA,NA,1406.946114,1406.946114,FALSE,NA,NA,NA,NA,NA,NA,FALSE
"372","A69-1602-2988",372,"Noordzeekanaal","Koog ad Zaan","VR2W-130586",52.463171,4.812326,2017-11-20 20:43:02,2017-11-21 00:44:14,194,3758,2872.464613,0.76436,4279.410727,-1465.518499,TRUE,1406.946114,9,2017-11-21 01:43:21,2872.464613,18019,0.159413098007659,TRUE
"373","A69-1602-2988",373,"Noordzeekanaal","Zaangemaal 1","VR2W-119070",52.440868,4.824139,2017-11-21 01:43:21,2017-11-21 02:34:51,52,3547,2872.464613,0.809829,7151.87534,1406.946114,TRUE,19824.394896,10,2017-12-10 07:15:59,18417.448782,1661558,0.0110844453109672,TRUE
"374","A69-1602-2988",374,"Noordzeekanaal","Noordzeekanaal","VR2W-114165",52.462798,4.633995,2017-12-10 07:15:59,2017-12-10 08:09:53,37,1658468,18417.448782,0.011105,25569.324122,19824.394896,TRUE,21431.313895,11,2017-12-10 08:20:24,1606.918999,3865,0.415761707373867,TRUE
"375","A69-1602-2988",375,"Noordzeekanaal","Grote sluis NZK","VR2W-114178",52.467488,4.613347,2017-12-10 08:20:24,2017-12-10 10:08:41,38,631,1606.918999,2.546623,27176.243121,21431.313895,FALSE,22706.898281,14,2017-12-11 00:35:33,1275.584386,58509,0.0218015072211113,TRUE
"376","A69-1602-2988",376,"Noordzeekanaal","Grote sluis NZK","VR2W-114178",52.467488,4.613347,2017-12-10 16:41:03,2017-12-10 16:48:27,6,NA,NA,NA,27176.243121,21431.313895,FALSE,22706.898281,14,2017-12-11 00:35:33,1275.584386,28470,0.0448045095187918,TRUE
"377","A69-1602-2988",377,"Noordzeekanaal","Grote sluis NZK","VR2W-114178",52.467488,4.613347,2017-12-10 17:51:13,2017-12-11 00:33:39,253,NA,NA,NA,27176.243121,21431.313895,TRUE,22706.898281,14,2017-12-11 00:35:33,1275.584386,24260,0.0525797356141798,TRUE
"378","A69-1602-2988",378,"Noordzeekanaal","Kleine sluis NZK","VR2W-132415",52.464559,4.592909,2017-12-11 00:35:33,2017-12-11 04:25:09,210,114,1524.085346,13.36917,28700.328467,22706.898281,FALSE,NA,NA,NA,NA,NA,NA,TRUE
"379","A69-1602-2988",379,"Noordzeekanaal","Kleine sluis NZK","VR2W-132415",52.464559,4.592909,2017-12-11 05:32:11,2017-12-11 11:36:57,248,NA,NA,NA,28700.328467,22706.898281,FALSE,NA,NA,NA,NA,NA,NA,TRUE
"380","A69-1602-2988",380,"Noordzeekanaal","Kleine sluis NZK","VR2W-132415",52.464559,4.592909,2017-12-11 13:23:01,2017-12-11 19:06:55,157,NA,NA,NA,28700.328467,22706.898281,FALSE,NA,NA,NA,NA,NA,NA,TRUE
"381","A69-1602-2988",381,"Noordzeekanaal","Kleine sluis NZK","VR2W-132415",52.464559,4.592909,2017-12-11 20:37:28,2017-12-12 04:32:43,337,NA,NA,NA,28700.328467,22706.898281,FALSE,NA,NA,NA,NA,NA,NA,TRUE
"382","A69-1602-2988",382,"Noordzeekanaal","Grote sluis NZK","VR2W-114178",52.467488,4.613347,2017-12-12 05:03:40,2017-12-12 05:05:23,2,1857,1524.085346,0.820724,30224.413813,21431.313895,FALSE,NA,NA,NA,NA,NA,NA,TRUE
"383","A69-1602-2988",383,"Noordzeekanaal","Noordzeekanaal","VR2W-114165",52.462798,4.633995,2017-12-12 05:24:50,2017-12-12 06:36:04,60,1167,1606.918999,1.376966,31831.332812,19824.394896,FALSE,21431.313895,21,2017-12-14 22:10:56,1606.918999,233166,0.00689173807073071,TRUE
"384","A69-1602-2988",384,"Noordzeekanaal","Noordzeekanaal","VR2W-114165",52.462798,4.633995,2017-12-14 22:07:48,2017-12-14 22:09:49,6,NA,NA,NA,31831.332812,19824.394896,TRUE,21431.313895,21,2017-12-14 22:10:56,1606.918999,188,8.54744148404254,TRUE
"385","A69-1602-2988",385,"Noordzeekanaal","Grote sluis NZK","VR2W-114178",52.467488,4.613347,2017-12-14 22:10:56,2017-12-14 22:10:56,1,67,1606.918999,23.983866,33438.251811,21431.313895,FALSE,NA,NA,NA,NA,NA,NA,TRUE
"386","A69-1602-2988",386,"Noordzeekanaal","Noordzeekanaal","VR2W-114164",52.465232,4.633992,2017-12-14 22:11:42,2017-12-14 22:16:30,9,46,1606.918999,34.933022,35045.17081,19824.394896,TRUE,21431.313895,23,2017-12-14 22:16:45,1606.918999,303,5.30336303300329,TRUE
"387","A69-1602-2988",387,"Noordzeekanaal","Grote sluis NZK","VR2W-114178",52.467488,4.613347,2017-12-14 22:16:45,2017-12-14 22:16:45,1,15,1606.918999,107.127933,36652.089809,21431.313895,FALSE,NA,NA,NA,NA,NA,NA,TRUE
"388","A69-1602-2988",388,"Noordzeekanaal","Noordzeekanaal","VR2W-114164",52.465232,4.633992,2017-12-14 22:16:49,2017-12-14 22:19:07,7,4,1606.918999,401.72975,38259.008808,19824.394896,TRUE,21431.313895,25,2017-12-14 22:19:46,1606.918999,177,9.07863841242937,TRUE
"389","A69-1602-2988",389,"Noordzeekanaal","Grote sluis NZK","VR2W-114178",52.467488,4.613347,2017-12-14 22:19:46,2017-12-14 22:19:46,1,39,1606.918999,41.203051,39865.927807,21431.313895,FALSE,NA,NA,NA,NA,NA,NA,TRUE
"390","A69-1602-2988",390,"Noordzeekanaal","Noordzeekanaal","VR2W-114165",52.462798,4.633995,2017-12-14 22:19:49,2017-12-14 22:32:56,16,3,1606.918999,535.639666,41472.846806,19824.394896,TRUE,21431.313895,27,2017-12-14 22:51:03,1606.918999,1874,0.857480789220917,TRUE
"391","A69-1602-2988",391,"Noordzeekanaal","Grote sluis NZK","VR2W-114178",52.467488,4.613347,2017-12-14 22:51:03,2017-12-14 23:00:11,8,1087,1606.918999,1.478306,43079.765805,21431.313895,FALSE,NA,NA,NA,NA,NA,NA,TRUE
"392","A69-1602-2988",392,"Noordzeekanaal","Noordzeekanaal","VR2W-114165",52.462798,4.633995,2017-12-14 23:00:17,2017-12-14 23:00:17,1,6,1606.918999,267.819833,44686.684804,19824.394896,TRUE,21431.313895,29,2017-12-14 23:01:03,1606.918999,46,34.9330217173913,TRUE
"393","A69-1602-2988",393,"Noordzeekanaal","Grote sluis NZK","VR2W-114178",52.467488,4.613347,2017-12-14 23:01:03,2017-12-15 02:57:08,173,46,1606.918999,34.933022,46293.603803,21431.313895,FALSE,NA,NA,NA,NA,NA,NA,TRUE
"394","A69-1602-2988",394,"Noordzeekanaal","Noordzeekanaal","VR2W-114165",52.462798,4.633995,2017-12-15 03:13:39,2017-12-15 03:15:52,2,991,1606.918999,1.621513,47900.522802,19824.394896,TRUE,21431.313895,31,2017-12-15 03:21:28,1606.918999,469,3.42626652238805,TRUE
"395","A69-1602-2988",395,"Noordzeekanaal","Grote sluis NZK","VR2W-114178",52.467488,4.613347,2017-12-15 03:21:28,2017-12-15 03:21:28,1,336,1606.918999,4.782497,49507.441801,21431.313895,FALSE,NA,NA,NA,NA,NA,NA,TRUE
"396","A69-1602-2988",396,"Noordzeekanaal","Noordzeekanaal","VR2W-114165",52.462798,4.633995,2017-12-15 03:25:47,2017-12-15 03:49:29,30,259,1606.918999,6.20432,51114.3608,19824.394896,FALSE,21431.313895,34,2017-12-15 20:18:44,1606.918999,60777,0.0264395906181614,TRUE
"397","A69-1602-2988",397,"Noordzeekanaal","Noordzeekanaal","VR2W-114165",52.462798,4.633995,2017-12-15 19:42:52,2017-12-15 20:18:07,25,NA,NA,NA,51114.3608,19824.394896,TRUE,21431.313895,34,2017-12-15 20:18:44,1606.918999,2152,0.746709572026021,TRUE
"398","A69-1602-2988",398,"Noordzeekanaal","Grote sluis NZK","VR2W-114178",52.467488,4.613347,2017-12-15 20:18:44,2017-12-15 20:18:44,1,37,1606.918999,43.430243,52721.279799,21431.313895,FALSE,NA,NA,NA,NA,NA,NA,TRUE
"399","A69-1602-2988",399,"Noordzeekanaal","Noordzeekanaal","VR2W-114165",52.462798,4.633995,2017-12-15 20:18:52,2017-12-15 20:19:29,2,8,1606.918999,200.864875,54328.198798,19824.394896,TRUE,21431.313895,36,2017-12-15 20:20:45,1606.918999,113,14.2205221150442,TRUE
"400","A69-1602-2988",400,"Noordzeekanaal","Grote sluis NZK","VR2W-114178",52.467488,4.613347,2017-12-15 20:20:45,2017-12-15 20:46:58,16,76,1606.918999,21.143671,55935.117797,21431.313895,FALSE,22855.411035,102,2018-01-29 16:30:59,1424.09714,3874214,0.00036758349951758,TRUE
"401","A69-1602-2988",401,"Noordzeekanaal","Spuisluis NZK","VR2W-114167",52.470646,4.607811,2017-12-15 22:36:25,2017-12-15 22:38:19,4,6567,565.620125,0.086131,56500.737922,21996.934019,FALSE,NA,NA,NA,NA,NA,NA,TRUE
"402","A69-1602-2988",402,"Noordzeekanaal","Noordzeekanaal","VR2W-114165",52.462798,4.633995,2017-12-16 00:26:42,2017-12-16 00:36:14,3,6503,2172.539123,0.334083,58673.277045,19824.394896,TRUE,21431.313895,39,2017-12-16 00:50:55,1606.918999,1453,1.10593186441844,TRUE
"403","A69-1602-2988",403,"Noordzeekanaal","Grote sluis NZK","VR2W-114178",52.467488,4.613347,2017-12-16 00:50:55,2017-12-16 01:05:24,19,881,1606.918999,1.823972,60280.196044,21431.313895,FALSE,NA,NA,NA,NA,NA,NA,TRUE
"404","A69-1602-2988",404,"Noordzeekanaal","Noordzeekanaal","VR2W-114164",52.465232,4.633992,2017-12-16 01:05:43,2017-12-16 01:05:43,1,19,1606.918999,84.574684,61887.115043,19824.394896,TRUE,22148.385879,41,2017-12-16 01:09:43,2323.990983,240,9.6832957625,TRUE
"405","A69-1602-2988",405,"Noordzeekanaal","Middensluis NZK","VR2W-132417",52.465373,4.601803,2017-12-16 01:09:43,2017-12-16 03:55:47,144,240,2323.990983,9.683296,64211.106026,22148.385879,FALSE,NA,NA,NA,NA,NA,NA,TRUE
"406","A69-1602-2988",406,"Noordzeekanaal","Noordzeekanaal","VR2W-114165",52.462798,4.633995,2017-12-16 04:24:07,2017-12-16 04:46:12,11,1700,2323.990983,1.367054,66535.097009,19824.394896,TRUE,21431.313895,43,2017-12-16 04:51:59,1606.918999,1672,0.961075956339712,TRUE
"407","A69-1602-2988",407,"Noordzeekanaal","Grote sluis NZK","VR2W-114178",52.467488,4.613347,2017-12-16 04:51:59,2017-12-16 04:51:59,1,347,1606.918999,4.63089,68142.016008,21431.313895,FALSE,NA,NA,NA,NA,NA,NA,TRUE
"408","A69-1602-2988",408,"Noordzeekanaal","Noordzeekanaal","VR2W-114164",52.465232,4.633992,2017-12-16 04:56:23,2017-12-16 04:57:02,2,264,1606.918999,6.086814,69748.935007,19824.394896,TRUE,21431.313895,45,2017-12-16 04:57:48,1606.918999,85,18.9049294,TRUE
"409","A69-1602-2988",409,"Noordzeekanaal","Grote sluis NZK","VR2W-114178",52.467488,4.613347,2017-12-16 04:57:48,2017-12-16 06:39:23,45,46,1606.918999,34.933022,71355.854006,21431.313895,FALSE,NA,NA,NA,NA,NA,NA,TRUE
"410","A69-1602-2988",410,"Noordzeekanaal","Noordzeekanaal","VR2W-114165",52.462798,4.633995,2017-12-16 06:45:06,2017-12-16 06:45:06,1,343,1606.918999,4.684895,72962.773005,19824.394896,TRUE,21431.313895,47,2017-12-16 06:47:27,1606.918999,141,11.3965886453901,TRUE
"411","A69-1602-2988",411,"Noordzeekanaal","Grote sluis NZK","VR2W-114178",52.467488,4.613347,2017-12-16 06:47:27,2017-12-16 06:50:12,4,141,1606.918999,11.396589,74569.692004,21431.313895,FALSE,NA,NA,NA,NA,NA,NA,TRUE
"412","A69-1602-2988",412,"Noordzeekanaal","Noordzeekanaal","VR2W-114165",52.462798,4.633995,2017-12-16 07:01:09,2017-12-16 08:56:45,57,657,1606.918999,2.445843,76176.611003,19824.394896,FALSE,21431.313895,51,2018-01-28 19:04:58,1606.918999,3758629,0.000427527962722577,TRUE
"413","A69-1602-2988",413,"Noordzeekanaal","Noordzeekanaal","VR2W-114164",52.465232,4.633992,2017-12-16 17:28:21,2017-12-16 17:28:21,1,NA,NA,NA,76176.611003,19824.394896,FALSE,21431.313895,51,2018-01-28 19:04:58,1606.918999,3720997,0.000431851731941734,TRUE
"414","A69-1602-2988",414,"Noordzeekanaal","Noordzeekanaal","VR2W-114165",52.462798,4.633995,2018-01-28 18:26:41,2018-01-28 19:04:37,58,NA,NA,NA,76176.611003,19824.394896,TRUE,21431.313895,51,2018-01-28 19:04:58,1606.918999,2297,0.699572920766216,TRUE
"415","A69-1602-2988",415,"Noordzeekanaal","Grote sluis NZK","VR2W-114178",52.467488,4.613347,2018-01-28 19:04:58,2018-01-28 19:04:58,1,21,1606.918999,76.519952,77783.530002,21431.313895,FALSE,NA,NA,NA,NA,NA,NA,TRUE
"416","A69-1602-2988",416,"Noordzeekanaal","Noordzeekanaal","VR2W-114164",52.465232,4.633992,2018-01-28 19:05:21,2018-01-28 19:06:28,2,23,1606.918999,69.866043,79390.449001,19824.394896,TRUE,21431.313895,53,2018-01-28 19:06:29,1606.918999,68,23.63116175,TRUE
"417","A69-1602-2988",417,"Noordzeekanaal","Grote sluis NZK","VR2W-114178",52.467488,4.613347,2018-01-28 19:06:29,2018-01-28 19:06:29,1,1,1606.918999,1606.918999,80997.368,21431.313895,FALSE,NA,NA,NA,NA,NA,NA,TRUE
"418","A69-1602-2988",418,"Noordzeekanaal","Noordzeekanaal","VR2W-114165",52.462798,4.633995,2018-01-28 19:14:49,2018-01-28 19:18:33,6,500,1606.918999,3.213838,82604.286999,19824.394896,TRUE,21431.313895,55,2018-01-28 19:18:38,1606.918999,229,7.01711353275108,TRUE
"419","A69-1602-2988",419,"Noordzeekanaal","Grote sluis NZK","VR2W-114178",52.467488,4.613347,2018-01-28 19:18:38,2018-01-28 19:24:22,5,5,1606.918999,321.3838,84211.205998,21431.313895,FALSE,NA,NA,NA,NA,NA,NA,TRUE
"420","A69-1602-2988",420,"Noordzeekanaal","Noordzeekanaal","VR2W-114165",52.462798,4.633995,2018-01-28 19:25:13,2018-01-28 19:25:13,1,51,1606.918999,31.508216,85818.124997,19824.394896,TRUE,21431.313895,57,2018-01-28 19:25:14,1606.918999,1,1606.918999,TRUE
"421","A69-1602-2988",421,"Noordzeekanaal","Grote sluis NZK","VR2W-114178",52.467488,4.613347,2018-01-28 19:25:14,2018-01-28 19:25:14,1,1,1606.918999,1606.918999,87425.043996,21431.313895,FALSE,NA,NA,NA,NA,NA,NA,TRUE
"422","A69-1602-2988",422,"Noordzeekanaal","Noordzeekanaal","VR2W-114165",52.462798,4.633995,2018-01-28 19:26:31,2018-01-28 19:26:31,1,77,1606.918999,20.869078,89031.962995,19824.394896,TRUE,21431.313895,59,2018-01-28 19:26:54,1606.918999,23,69.8660434347825,TRUE
"423","A69-1602-2988",423,"Noordzeekanaal","Grote sluis NZK","VR2W-114178",52.467488,4.613347,2018-01-28 19:26:54,2018-01-28 19:26:54,1,23,1606.918999,69.866043,90638.881994,21431.313895,FALSE,NA,NA,NA,NA,NA,NA,TRUE
"424","A69-1602-2988",424,"Noordzeekanaal","Noordzeekanaal","VR2W-114165",52.462798,4.633995,2018-01-28 19:27:06,2018-01-28 19:27:06,1,12,1606.918999,133.909917,92245.800993,19824.394896,TRUE,21431.313895,61,2018-01-28 19:27:37,1606.918999,31,51.8360967419354,TRUE
"425","A69-1602-2988",425,"Noordzeekanaal","Grote sluis NZK","VR2W-114178",52.467488,4.613347,2018-01-28 19:27:37,2018-01-28 19:27:37,1,31,1606.918999,51.836097,93852.719992,21431.313895,FALSE,NA,NA,NA,NA,NA,NA,TRUE
"426","A69-1602-2988",426,"Noordzeekanaal","Noordzeekanaal","VR2W-114165",52.462798,4.633995,2018-01-28 19:27:42,2018-01-28 19:28:20,2,5,1606.918999,321.3838,95459.638991,19824.394896,TRUE,21431.313895,63,2018-01-28 19:31:02,1606.918999,200,8.03459499499999,TRUE
"427","A69-1602-2988",427,"Noordzeekanaal","Grote sluis NZK","VR2W-114178",52.467488,4.613347,2018-01-28 19:31:02,2018-01-28 19:32:55,3,162,1606.918999,9.919253,97066.55799,21431.313895,FALSE,NA,NA,NA,NA,NA,NA,TRUE
"428","A69-1602-2988",428,"Noordzeekanaal","Noordzeekanaal","VR2W-114165",52.462798,4.633995,2018-01-28 19:33:10,2018-01-28 19:37:04,3,15,1606.918999,107.127933,98673.476989,19824.394896,TRUE,21431.313895,65,2018-01-28 19:37:14,1606.918999,244,6.58573360245901,TRUE
"429","A69-1602-2988",429,"Noordzeekanaal","Grote sluis NZK","VR2W-114178",52.467488,4.613347,2018-01-28 19:37:14,2018-01-28 19:37:14,1,10,1606.918999,160.6919,100280.395988,21431.313895,FALSE,NA,NA,NA,NA,NA,NA,TRUE
"430","A69-1602-2988",430,"Noordzeekanaal","Noordzeekanaal","VR2W-114165",52.462798,4.633995,2018-01-28 19:37:41,2018-01-28 19:37:41,1,27,1606.918999,59.515518,101887.314987,19824.394896,TRUE,21431.313895,67,2018-01-28 19:39:49,1606.918999,128,12.5540546796875,TRUE
"431","A69-1602-2988",431,"Noordzeekanaal","Grote sluis NZK","VR2W-114178",52.467488,4.613347,2018-01-28 19:39:49,2018-01-28 19:40:37,2,128,1606.918999,12.554055,103494.233986,21431.313895,FALSE,NA,NA,NA,NA,NA,NA,TRUE
"432","A69-1602-2988",432,"Noordzeekanaal","Noordzeekanaal","VR2W-114165",52.462798,4.633995,2018-01-28 19:42:02,2018-01-28 19:43:28,3,85,1606.918999,18.904929,105101.152985,19824.394896,TRUE,21431.313895,69,2018-01-28 19:44:11,1606.918999,129,12.4567364263566,TRUE
"433","A69-1602-2988",433,"Noordzeekanaal","Grote sluis NZK","VR2W-114178",52.467488,4.613347,2018-01-28 19:44:11,2018-01-28 19:44:58,2,43,1606.918999,37.370209,106708.071984,21431.313895,FALSE,NA,NA,NA,NA,NA,NA,TRUE
"434","A69-1602-2988",434,"Noordzeekanaal","Noordzeekanaal","VR2W-114165",52.462798,4.633995,2018-01-28 19:52:40,2018-01-28 19:55:43,3,462,1606.918999,3.47818,108314.990983,19824.394896,TRUE,21431.313895,71,2018-01-28 19:56:18,1606.918999,218,7.37118806880733,TRUE
"435","A69-1602-2988",435,"Noordzeekanaal","Grote sluis NZK","VR2W-114178",52.467488,4.613347,2018-01-28 19:56:18,2018-01-28 19:56:18,1,35,1606.918999,45.911971,109921.909982,21431.313895,FALSE,NA,NA,NA,NA,NA,NA,TRUE
"436","A69-1602-2988",436,"Noordzeekanaal","Noordzeekanaal","VR2W-114165",52.462798,4.633995,2018-01-28 19:57:43,2018-01-28 19:58:18,2,85,1606.918999,18.904929,111528.828981,19824.394896,TRUE,21431.313895,73,2018-01-28 19:58:29,1606.918999,46,34.9330217173913,TRUE
"437","A69-1602-2988",437,"Noordzeekanaal","Grote sluis NZK","VR2W-114178",52.467488,4.613347,2018-01-28 19:58:29,2018-01-28 19:59:17,2,11,1606.918999,146.083545,113135.74798,21431.313895,FALSE,NA,NA,NA,NA,NA,NA,TRUE
"438","A69-1602-2988",438,"Noordzeekanaal","Noordzeekanaal","VR2W-114165",52.462798,4.633995,2018-01-28 19:59:34,2018-01-28 20:07:07,9,17,1606.918999,94.524647,114742.666979,19824.394896,TRUE,21431.313895,75,2018-01-28 20:10:10,1606.918999,636,2.52660219968553,TRUE
"439","A69-1602-2988",439,"Noordzeekanaal","Grote sluis NZK","VR2W-114178",52.467488,4.613347,2018-01-28 20:10:10,2018-01-28 20:10:10,1,183,1606.918999,8.780978,116349.585978,21431.313895,FALSE,NA,NA,NA,NA,NA,NA,TRUE
"440","A69-1602-2988",440,"Noordzeekanaal","Noordzeekanaal","VR2W-114165",52.462798,4.633995,2018-01-28 20:12:35,2018-01-28 20:45:57,19,145,1606.918999,11.0822,117956.504977,19824.394896,TRUE,21431.313895,77,2018-01-28 20:57:51,1606.918999,2716,0.591649115979381,TRUE
"441","A69-1602-2988",441,"Noordzeekanaal","Grote sluis NZK","VR2W-114178",52.467488,4.613347,2018-01-28 20:57:51,2018-01-28 21:22:51,17,714,1606.918999,2.250587,119563.423976,21431.313895,FALSE,NA,NA,NA,NA,NA,NA,TRUE
"442","A69-1602-2988",442,"Noordzeekanaal","Noordzeekanaal","VR2W-114165",52.462798,4.633995,2018-01-28 21:23:32,2018-01-28 21:23:32,1,41,1606.918999,39.193146,121170.342975,19824.394896,TRUE,21431.313895,79,2018-01-28 21:24:26,1606.918999,54,29.7577592407407,TRUE
"443","A69-1602-2988",443,"Noordzeekanaal","Grote sluis NZK","VR2W-114178",52.467488,4.613347,2018-01-28 21:24:26,2018-01-28 22:02:27,35,54,1606.918999,29.757759,122777.261974,21431.313895,FALSE,NA,NA,NA,NA,NA,NA,TRUE
"444","A69-1602-2988",444,"Noordzeekanaal","Noordzeekanaal","VR2W-114165",52.462798,4.633995,2018-01-28 22:03:59,2018-01-28 22:03:59,1,92,1606.918999,17.466511,124384.180973,19824.394896,TRUE,21431.313895,81,2018-01-28 22:06:32,1606.918999,153,10.5027385555555,TRUE
"445","A69-1602-2988",445,"Noordzeekanaal","Grote sluis NZK","VR2W-114178",52.467488,4.613347,2018-01-28 22:06:32,2018-01-28 22:06:32,1,153,1606.918999,10.502739,125991.099972,21431.313895,FALSE,NA,NA,NA,NA,NA,NA,TRUE
"446","A69-1602-2988",446,"Noordzeekanaal","Noordzeekanaal","VR2W-114165",52.462798,4.633995,2018-01-28 22:07:12,2018-01-28 22:07:12,1,40,1606.918999,40.172975,127598.018971,19824.394896,TRUE,21431.313895,83,2018-01-28 22:07:42,1606.918999,30,53.5639666333333,TRUE
"447","A69-1602-2988",447,"Noordzeekanaal","Grote sluis NZK","VR2W-114178",52.467488,4.613347,2018-01-28 22:07:42,2018-01-28 22:07:42,1,30,1606.918999,53.563967,129204.93797,21431.313895,FALSE,NA,NA,NA,NA,NA,NA,TRUE
"448","A69-1602-2988",448,"Noordzeekanaal","Noordzeekanaal","VR2W-114165",52.462798,4.633995,2018-01-28 22:11:40,2018-01-28 22:11:40,1,238,1606.918999,6.75176,130811.856969,19824.394896,TRUE,21431.313895,85,2018-01-28 22:13:01,1606.918999,81,19.8385061604938,TRUE
"449","A69-1602-2988",449,"Noordzeekanaal","Grote sluis NZK","VR2W-114178",52.467488,4.613347,2018-01-28 22:13:01,2018-01-28 22:13:01,1,81,1606.918999,19.838506,132418.775968,21431.313895,FALSE,NA,NA,NA,NA,NA,NA,TRUE
"450","A69-1602-2988",450,"Noordzeekanaal","Noordzeekanaal","VR2W-114165",52.462798,4.633995,2018-01-28 22:13:11,2018-01-28 22:33:30,8,10,1606.918999,160.6919,134025.694967,19824.394896,TRUE,21431.313895,87,2018-01-28 22:33:47,1606.918999,1236,1.30009627750809,TRUE
"451","A69-1602-2988",451,"Noordzeekanaal","Grote sluis NZK","VR2W-114178",52.467488,4.613347,2018-01-28 22:33:47,2018-01-28 22:33:47,1,17,1606.918999,94.524647,135632.613966,21431.313895,FALSE,NA,NA,NA,NA,NA,NA,TRUE
"452","A69-1602-2988",452,"Noordzeekanaal","Noordzeekanaal","VR2W-114165",52.462798,4.633995,2018-01-28 22:34:19,2018-01-28 22:34:19,1,32,1606.918999,50.216219,137239.532965,19824.394896,TRUE,21431.313895,89,2018-01-28 22:34:34,1606.918999,15,107.127933266667,TRUE
"453","A69-1602-2988",453,"Noordzeekanaal","Grote sluis NZK","VR2W-114178",52.467488,4.613347,2018-01-28 22:34:34,2018-01-28 22:34:34,1,15,1606.918999,107.127933,138846.451964,21431.313895,FALSE,NA,NA,NA,NA,NA,NA,TRUE
"454","A69-1602-2988",454,"Noordzeekanaal","Noordzeekanaal","VR2W-114165",52.462798,4.633995,2018-01-28 22:35:05,2018-01-28 22:35:05,1,31,1606.918999,51.836097,140453.370963,19824.394896,TRUE,21431.313895,91,2018-01-28 22:35:14,1606.918999,9,178.546555444444,TRUE
"455","A69-1602-2988",455,"Noordzeekanaal","Grote sluis NZK","VR2W-114178",52.467488,4.613347,2018-01-28 22:35:14,2018-01-28 22:35:14,1,9,1606.918999,178.546555,142060.289962,21431.313895,FALSE,NA,NA,NA,NA,NA,NA,TRUE
"456","A69-1602-2988",456,"Noordzeekanaal","Noordzeekanaal","VR2W-114165",52.462798,4.633995,2018-01-28 22:35:42,2018-01-28 22:35:42,1,28,1606.918999,57.389964,143667.208961,19824.394896,TRUE,21431.313895,93,2018-01-28 22:36:00,1606.918999,18,89.2732777222221,TRUE
"457","A69-1602-2988",457,"Noordzeekanaal","Grote sluis NZK","VR2W-114178",52.467488,4.613347,2018-01-28 22:36:00,2018-01-28 22:36:00,1,18,1606.918999,89.273278,145274.12796,21431.313895,FALSE,NA,NA,NA,NA,NA,NA,TRUE
"458","A69-1602-2988",458,"Noordzeekanaal","Noordzeekanaal","VR2W-114165",52.462798,4.633995,2018-01-28 22:36:23,2018-01-28 22:36:23,1,23,1606.918999,69.866043,146881.046959,19824.394896,TRUE,21431.313895,95,2018-01-28 22:36:39,1606.918999,16,100.4324374375,TRUE
"459","A69-1602-2988",459,"Noordzeekanaal","Grote sluis NZK","VR2W-114178",52.467488,4.613347,2018-01-28 22:36:39,2018-01-28 22:36:39,1,16,1606.918999,100.432437,148487.965958,21431.313895,FALSE,NA,NA,NA,NA,NA,NA,TRUE
"460","A69-1602-2988",460,"Noordzeekanaal","Noordzeekanaal","VR2W-114165",52.462798,4.633995,2018-01-28 22:37:13,2018-01-28 22:41:38,5,34,1606.918999,47.262323,150094.884957,19824.394896,TRUE,21431.313895,97,2018-01-28 22:44:23,1606.918999,430,3.73702092790697,TRUE
"461","A69-1602-2988",461,"Noordzeekanaal","Grote sluis NZK","VR2W-114178",52.467488,4.613347,2018-01-28 22:44:23,2018-01-28 22:44:23,1,165,1606.918999,9.738903,151701.803956,21431.313895,FALSE,NA,NA,NA,NA,NA,NA,TRUE
"462","A69-1602-2988",462,"Noordzeekanaal","Noordzeekanaal","VR2W-114165",52.462798,4.633995,2018-01-28 22:45:06,2018-01-28 22:45:54,2,43,1606.918999,37.370209,153308.722955,19824.394896,TRUE,21431.313895,99,2018-01-28 22:46:37,1606.918999,91,17.6584505384615,TRUE
"463","A69-1602-2988",463,"Noordzeekanaal","Grote sluis NZK","VR2W-114178",52.467488,4.613347,2018-01-28 22:46:37,2018-01-28 23:04:24,17,43,1606.918999,37.370209,154915.641954,21431.313895,FALSE,NA,NA,NA,NA,NA,NA,TRUE
"464","A69-1602-2988",464,"Noordzeekanaal","Noordzeekanaal","VR2W-114165",52.462798,4.633995,2018-01-29 01:41:45,2018-01-29 01:44:02,3,9441,1606.918999,0.170206,156522.560953,19824.394896,TRUE,21996.934019,101,2018-01-29 02:36:54,2172.539123,3309,0.656554585373224,TRUE
"465","A69-1602-2988",465,"Noordzeekanaal","Spuisluis NZK","VR2W-114167",52.470646,4.607811,2018-01-29 02:36:54,2018-01-29 04:24:35,78,3172,2172.539123,0.684911,158695.100076,21996.934019,NA,NA,NA,NA,NA,NA,NA,TRUE
"466","A69-1602-2988",466,"Noordzeekanaal","Spuisluis Noordzee","VR2W-132408",52.470319,4.594701,2018-01-29 16:30:59,2018-01-29 17:24:30,2,43584,941.310669,0.021598,159636.410745,22855.411035,NA,NA,NA,NA,NA,NA,NA,TRUE
"467","A69-1602-2989",467,"Noordzeekanaal","rel_noordzeekanaal15","none",52.451725,4.818485,2017-11-01 12:40:00,2017-11-01 12:40:00,1,NA,NA,NA,0,0,TRUE,1406.946114,2,2017-11-02 02:27:33,1406.946114,49653,0.0283355711437375,TRUE
"468","A69-1602-2989",468,"Noordzeekanaal","Zaangemaal 1","VR2W-119070",52.440868,4.824139,2017-11-02 02:27:33,2017-11-02 04:53:56,64,49653,1406.946114,0.028336,1406.946114,1406.946114,FALSE,19824.394896,25,2017-11-24 03:36:08,18417.448782,1904915,0.00966838351422505,TRUE
"469","A69-1602-2989",469,"Noordzeekanaal","Zaangemaal 1","VR2W-119070",52.440868,4.824139,2017-11-03 20:26:18,2017-11-03 20:30:35,7,NA,NA,NA,1406.946114,1406.946114,FALSE,19824.394896,25,2017-11-24 03:36:08,18417.448782,1753790,0.0105015131697638,TRUE
"470","A69-1602-2989",470,"Noordzeekanaal","Zaangemaal 1","VR2W-119070",52.440868,4.824139,2017-11-03 23:34:16,2017-11-03 23:34:16,1,NA,NA,NA,1406.946114,1406.946114,FALSE,19824.394896,25,2017-11-24 03:36:08,18417.448782,1742512,0.0105694817493366,TRUE
"471","A69-1602-2989",471,"Noordzeekanaal","Zaangemaal 1","VR2W-119070",52.440868,4.824139,2017-11-04 01:10:17,2017-11-04 03:39:09,27,NA,NA,NA,1406.946114,1406.946114,FALSE,19824.394896,25,2017-11-24 03:36:08,18417.448782,1736751,0.0106045419187897,TRUE
"472","A69-1602-2989",472,"Noordzeekanaal","Zaangemaal 1","VR2W-119070",52.440868,4.824139,2017-11-04 15:46:11,2017-11-04 18:11:49,131,NA,NA,NA,1406.946114,1406.946114,FALSE,19824.394896,25,2017-11-24 03:36:08,18417.448782,1684197,0.0109354480396296,TRUE
"473","A69-1602-2989",473,"Noordzeekanaal","Zaangemaal 1","VR2W-119070",52.440868,4.824139,2017-11-05 14:54:55,2017-11-05 17:18:31,109,NA,NA,NA,1406.946114,1406.946114,FALSE,19824.394896,25,2017-11-24 03:36:08,18417.448782,1600873,0.0115046282759469,TRUE
"474","A69-1602-2989",474,"Noordzeekanaal","Zaangemaal 1","VR2W-119070",52.440868,4.824139,2017-11-05 19:21:00,2017-11-05 19:21:36,2,NA,NA,NA,1406.946114,1406.946114,FALSE,19824.394896,25,2017-11-24 03:36:08,18417.448782,1584908,0.0116205160059764,TRUE
"475","A69-1602-2989",475,"Noordzeekanaal","Zaangemaal 1","VR2W-119070",52.440868,4.824139,2017-11-05 20:27:32,2017-11-05 21:31:53,61,NA,NA,NA,1406.946114,1406.946114,FALSE,19824.394896,25,2017-11-24 03:36:08,18417.448782,1580916,0.0116498591841692,TRUE
"476","A69-1602-2989",476,"Noordzeekanaal","Zaangemaal 1","VR2W-119070",52.440868,4.824139,2017-11-06 19:42:42,2017-11-06 21:38:33,109,NA,NA,NA,1406.946114,1406.946114,FALSE,19824.394896,25,2017-11-24 03:36:08,18417.448782,1497206,0.0123012122460102,TRUE
"477","A69-1602-2989",477,"Noordzeekanaal","Zaangemaal 1","VR2W-119070",52.440868,4.824139,2017-11-07 09:11:17,2017-11-07 09:26:54,2,NA,NA,NA,1406.946114,1406.946114,FALSE,19824.394896,25,2017-11-24 03:36:08,18417.448782,1448691,0.0127131657351361,TRUE
"478","A69-1602-2989",478,"Noordzeekanaal","Zaangemaal 1","VR2W-119070",52.440868,4.824139,2017-11-07 10:47:24,2017-11-07 10:47:24,1,NA,NA,NA,1406.946114,1406.946114,FALSE,19824.394896,25,2017-11-24 03:36:08,18417.448782,1442924,0.0127639770230449,TRUE
"479","A69-1602-2989",479,"Noordzeekanaal","Zaangemaal 1","VR2W-119070",52.440868,4.824139,2017-11-08 00:57:37,2017-11-08 03:21:01,141,NA,NA,NA,1406.946114,1406.946114,FALSE,19824.394896,25,2017-11-24 03:36:08,18417.448782,1391911,0.0132317718460448,TRUE
"480","A69-1602-2989",480,"Noordzeekanaal","Zaangemaal 1","VR2W-119070",52.440868,4.824139,2017-11-08 05:32:58,2017-11-08 05:32:58,1,NA,NA,NA,1406.946114,1406.946114,FALSE,19824.394896,25,2017-11-24 03:36:08,18417.448782,1375390,0.013390710112768,TRUE
"481","A69-1602-2989",481,"Noordzeekanaal","Zaangemaal 1","VR2W-119070",52.440868,4.824139,2017-11-17 16:47:31,2017-11-17 16:53:28,5,NA,NA,NA,1406.946114,1406.946114,FALSE,19824.394896,25,2017-11-24 03:36:08,18417.448782,557317,0.0330466301620083,TRUE
"482","A69-1602-2989",482,"Noordzeekanaal","Zaangemaal 1","VR2W-119070",52.440868,4.824139,2017-11-20 18:28:53,2017-11-21 08:01:51,564,NA,NA,NA,1406.946114,1406.946114,TRUE,19824.394896,25,2017-11-24 03:36:08,18417.448782,292035,0.0630658954645847,TRUE
"483","A69-1602-2989",483,"Noordzeekanaal","Zaangemaal 3","VR2W-119064",52.437818,4.826197,2017-11-21 17:26:24,2017-11-21 21:18:06,51,33873,341.382448,0.010078,1748.328562,1748.328561,FALSE,19824.394896,25,2017-11-24 03:36:08,18076.066335,209384,0.0863297402619111,TRUE
"484","A69-1602-2989",484,"Noordzeekanaal","Zaangemaal 3","VR2W-119064",52.437818,4.826197,2017-11-21 23:15:00,2017-11-21 23:26:31,3,NA,NA,NA,1748.328562,1748.328561,FALSE,19824.394896,25,2017-11-24 03:36:08,18076.066335,188468,0.0959105330082561,TRUE
"485","A69-1602-2989",485,"Noordzeekanaal","Zaangemaal 3","VR2W-119064",52.437818,4.826197,2017-11-22 00:59:36,2017-11-22 02:21:13,8,NA,NA,NA,1748.328562,1748.328561,FALSE,19824.394896,25,2017-11-24 03:36:08,18076.066335,182192,0.0992143800770616,TRUE
"486","A69-1602-2989",486,"Noordzeekanaal","Zaangemaal 3","VR2W-119064",52.437818,4.826197,2017-11-22 14:52:57,2017-11-22 18:18:52,70,NA,NA,NA,1748.328562,1748.328561,FALSE,19824.394896,25,2017-11-24 03:36:08,18076.066335,132191,0.136742034896476,TRUE
"487","A69-1602-2989",487,"Noordzeekanaal","Zaangemaal 3","VR2W-119064",52.437818,4.826197,2017-11-22 20:46:25,2017-11-22 20:48:37,2,NA,NA,NA,1748.328562,1748.328561,FALSE,19824.394896,25,2017-11-24 03:36:08,18076.066335,110983,0.162872388879378,TRUE
"488","A69-1602-2989",488,"Noordzeekanaal","Zaangemaal 3","VR2W-119064",52.437818,4.826197,2017-11-22 21:50:28,2017-11-22 21:56:11,6,NA,NA,NA,1748.328562,1748.328561,FALSE,19824.394896,25,2017-11-24 03:36:08,18076.066335,107140,0.16871445151204,TRUE
"489","A69-1602-2989",489,"Noordzeekanaal","Zaangemaal 3","VR2W-119064",52.437818,4.826197,2017-11-22 23:52:22,2017-11-23 00:26:15,22,NA,NA,NA,1748.328562,1748.328561,FALSE,19824.394896,25,2017-11-24 03:36:08,18076.066335,99826,0.181075735129125,TRUE
"490","A69-1602-2989",490,"Noordzeekanaal","Zaangemaal 3","VR2W-119064",52.437818,4.826197,2017-11-23 16:06:10,2017-11-23 16:06:10,1,NA,NA,NA,1748.328562,1748.328561,TRUE,19824.394896,25,2017-11-24 03:36:08,18076.066335,41398,0.436641053553312,TRUE
"491","A69-1602-2989",491,"Noordzeekanaal","Noordzeekanaal","VR2W-114165",52.462798,4.633995,2017-11-24 03:36:08,2017-11-24 04:14:29,32,41398,18076.066335,0.436641,19824.394897,19824.394896,FALSE,21431.313895,27,2017-11-24 17:54:40,1606.918999,51512,0.031195041912564,TRUE
"492","A69-1602-2989",492,"Noordzeekanaal","Noordzeekanaal","VR2W-114165",52.462798,4.633995,2017-11-24 17:01:28,2017-11-24 17:46:47,25,NA,NA,NA,19824.394897,19824.394896,TRUE,21431.313895,27,2017-11-24 17:54:40,1606.918999,3192,0.503420739035087,TRUE
"493","A69-1602-2989",493,"Noordzeekanaal","Grote sluis NZK","VR2W-114178",52.467488,4.613347,2017-11-24 17:54:40,2017-11-24 19:59:04,67,473,1606.918999,3.397292,21431.313896,21431.313895,TRUE,22706.898281,28,2017-11-24 20:10:25,1275.584386,8145,0.156609501043585,TRUE
"494","A69-1602-2989",494,"Noordzeekanaal","Kleine sluis NZK","VR2W-132415",52.464559,4.592909,2017-11-24 20:10:25,2017-11-25 00:09:56,182,681,1524.085346,2.238011,22955.399242,22706.898281,NA,NA,NA,NA,NA,NA,NA,TRUE
"495","A69-1602-2990",495,"Noordzeekanaal","rel_noordzeekanaal15","none",52.451725,4.818485,2017-11-01 12:40:00,2017-11-01 12:40:00,1,NA,NA,NA,0,0,TRUE,1406.946114,2,2017-11-01 13:04:07,1406.946114,1447,0.972319360055287,TRUE
"496","A69-1602-2990",496,"Noordzeekanaal","Zaangemaal 1","VR2W-119070",52.440868,4.824139,2017-11-01 13:04:07,2017-11-01 13:11:59,2,1447,1406.946114,0.972319,1406.946114,1406.946114,FALSE,NA,NA,NA,NA,NA,NA,TRUE
"497","A69-1602-2990",497,"Noordzeekanaal","Zaangemaal 1","VR2W-119070",52.440868,4.824139,2017-11-01 14:54:00,2017-11-01 15:27:49,3,NA,NA,NA,1406.946114,1406.946114,FALSE,NA,NA,NA,NA,NA,NA,TRUE
"498","A69-1602-2990",498,"Noordzeekanaal","Zaangemaal 1","VR2W-119070",52.440868,4.824139,2017-11-01 17:59:40,2017-11-01 17:59:40,1,NA,NA,NA,1406.946114,1406.946114,FALSE,NA,NA,NA,NA,NA,NA,TRUE
"499","A69-1602-2990",499,"Noordzeekanaal","Zaangemaal 1","VR2W-119070",52.440868,4.824139,2017-11-01 23:45:20,2017-11-02 06:13:08,342,NA,NA,NA,1406.946114,1406.946114,FALSE,NA,NA,NA,NA,NA,NA,TRUE
"500","A69-1602-2990",500,"Noordzeekanaal","Zaangemaal 1","VR2W-119070",52.440868,4.824139,2017-11-02 15:15:10,2017-11-02 15:50:17,9,NA,NA,NA,1406.946114,1406.946114,FALSE,NA,NA,NA,NA,NA,NA,TRUE
"501","A69-1602-2990",501,"Noordzeekanaal","Zaangemaal 1","VR2W-119070",52.440868,4.824139,2017-11-02 16:51:12,2017-11-03 05:31:38,448,NA,NA,NA,1406.946114,1406.946114,FALSE,NA,NA,NA,NA,NA,NA,TRUE
"502","A69-1602-2990",502,"Noordzeekanaal","Zaangemaal 1","VR2W-119070",52.440868,4.824139,2017-11-03 22:51:21,2017-11-04 01:54:15,193,NA,NA,NA,1406.946114,1406.946114,NA,NA,NA,NA,NA,NA,NA,TRUE
"503","A69-1602-2990",503,"Noordzeekanaal","Zaangemaal 3","VR2W-119064",52.437818,4.826197,2017-11-07 19:08:48,2017-11-07 19:30:46,2,321273,341.382448,0.001063,1748.328562,1748.328561,FALSE,NA,NA,NA,NA,NA,NA,TRUE
"504","A69-1602-2990",504,"Noordzeekanaal","Zaangemaal 3","VR2W-119064",52.437818,4.826197,2017-11-14 13:44:46,2017-11-15 18:02:10,1564,NA,NA,NA,1748.328562,1748.328561,FALSE,NA,NA,NA,NA,NA,NA,TRUE
"505","A69-1602-2990",505,"Noordzeekanaal","Zaangemaal 3","VR2W-119064",52.437818,4.826197,2017-11-15 19:19:54,2017-11-15 20:19:53,14,NA,NA,NA,1748.328562,1748.328561,FALSE,NA,NA,NA,NA,NA,NA,TRUE
"506","A69-1602-2990",506,"Noordzeekanaal","Zaangemaal 3","VR2W-119064",52.437818,4.826197,2017-11-16 01:28:11,2017-11-16 01:28:11,1,NA,NA,NA,1748.328562,1748.328561,FALSE,NA,NA,NA,NA,NA,NA,TRUE
"507","A69-1602-2990",507,"Noordzeekanaal","Zaangemaal 3","VR2W-119064",52.437818,4.826197,2017-11-16 03:36:25,2017-11-16 03:36:25,1,NA,NA,NA,1748.328562,1748.328561,FALSE,NA,NA,NA,NA,NA,NA,TRUE
"508","A69-1602-2990",508,"Noordzeekanaal","Zaangemaal 3","VR2W-119064",52.437818,4.826197,2017-11-16 05:25:42,2017-11-16 05:25:42,1,NA,NA,NA,1748.328562,1748.328561,FALSE,NA,NA,NA,NA,NA,NA,TRUE
"509","A69-1602-2990",509,"Noordzeekanaal","Zaangemaal 3","VR2W-119064",52.437818,4.826197,2017-11-16 07:18:58,2017-11-16 09:41:49,54,NA,NA,NA,1748.328562,1748.328561,FALSE,NA,NA,NA,NA,NA,NA,TRUE
"510","A69-1602-2990",510,"Noordzeekanaal","Zaangemaal 3","VR2W-119064",52.437818,4.826197,2017-11-16 11:17:40,2017-11-16 11:35:28,7,NA,NA,NA,1748.328562,1748.328561,FALSE,NA,NA,NA,NA,NA,NA,TRUE
"511","A69-1602-2990",511,"Noordzeekanaal","Zaangemaal 3","VR2W-119064",52.437818,4.826197,2017-11-16 14:44:15,2017-11-16 18:04:38,16,NA,NA,NA,1748.328562,1748.328561,FALSE,NA,NA,NA,NA,NA,NA,TRUE
"512","A69-1602-2990",512,"Noordzeekanaal","Zaangemaal 3","VR2W-119064",52.437818,4.826197,2017-11-16 19:22:22,2017-11-16 20:40:44,5,NA,NA,NA,1748.328562,1748.328561,FALSE,NA,NA,NA,NA,NA,NA,TRUE
"513","A69-1602-2990",513,"Noordzeekanaal","Zaangemaal 3","VR2W-119064",52.437818,4.826197,2017-11-16 22:15:56,2017-11-17 00:32:12,14,NA,NA,NA,1748.328562,1748.328561,FALSE,NA,NA,NA,NA,NA,NA,TRUE
"514","A69-1602-2990",514,"Noordzeekanaal","Zaangemaal 3","VR2W-119064",52.437818,4.826197,2017-11-17 01:37:30,2017-11-17 05:12:35,33,NA,NA,NA,1748.328562,1748.328561,FALSE,NA,NA,NA,NA,NA,NA,TRUE
"515","A69-1602-2990",515,"Noordzeekanaal","Zaangemaal 3","VR2W-119064",52.437818,4.826197,2017-11-17 06:12:44,2017-11-17 12:16:51,133,NA,NA,NA,1748.328562,1748.328561,FALSE,NA,NA,NA,NA,NA,NA,TRUE
"516","A69-1602-2990",516,"Noordzeekanaal","Zaangemaal 3","VR2W-119064",52.437818,4.826197,2017-11-17 13:18:22,2017-11-17 15:32:16,17,NA,NA,NA,1748.328562,1748.328561,FALSE,NA,NA,NA,NA,NA,NA,TRUE
"517","A69-1602-2990",517,"Noordzeekanaal","Zaangemaal 3","VR2W-119064",52.437818,4.826197,2017-11-17 16:37:59,2017-11-17 16:38:46,2,NA,NA,NA,1748.328562,1748.328561,FALSE,NA,NA,NA,NA,NA,NA,TRUE
"518","A69-1602-2990",518,"Noordzeekanaal","Zaangemaal 3","VR2W-119064",52.437818,4.826197,2017-11-17 17:43:33,2017-11-18 12:42:33,290,NA,NA,NA,1748.328562,1748.328561,FALSE,NA,NA,NA,NA,NA,NA,TRUE
"519","A69-1602-2990",519,"Noordzeekanaal","Zaangemaal 3","VR2W-119064",52.437818,4.826197,2017-11-18 14:12:20,2017-11-18 21:21:48,63,NA,NA,NA,1748.328562,1748.328561,FALSE,NA,NA,NA,NA,NA,NA,TRUE
"520","A69-1602-2990",520,"Noordzeekanaal","Zaangemaal 3","VR2W-119064",52.437818,4.826197,2017-11-19 08:42:43,2017-11-19 09:07:45,12,NA,NA,NA,1748.328562,1748.328561,FALSE,NA,NA,NA,NA,NA,NA,TRUE
"521","A69-1602-2990",521,"Noordzeekanaal","Zaangemaal 3","VR2W-119064",52.437818,4.826197,2017-11-19 10:10:04,2017-11-20 05:28:38,847,NA,NA,NA,1748.328562,1748.328561,FALSE,NA,NA,NA,NA,NA,NA,TRUE
"522","A69-1602-2990",522,"Noordzeekanaal","Zaangemaal 3","VR2W-119064",52.437818,4.826197,2017-11-20 07:33:01,2017-11-20 08:43:30,5,NA,NA,NA,1748.328562,1748.328561,FALSE,NA,NA,NA,NA,NA,NA,TRUE
"523","A69-1602-2990",523,"Noordzeekanaal","Zaangemaal 3","VR2W-119064",52.437818,4.826197,2017-11-20 10:33:13,2017-11-20 10:37:48,2,NA,NA,NA,1748.328562,1748.328561,FALSE,NA,NA,NA,NA,NA,NA,TRUE
"524","A69-1602-2990",524,"Noordzeekanaal","Zaangemaal 3","VR2W-119064",52.437818,4.826197,2017-11-20 12:21:17,2017-11-20 12:49:54,14,NA,NA,NA,1748.328562,1748.328561,FALSE,NA,NA,NA,NA,NA,NA,TRUE
"525","A69-1602-2990",525,"Noordzeekanaal","Zaangemaal 3","VR2W-119064",52.437818,4.826197,2017-11-20 15:24:49,2017-11-20 15:27:03,2,NA,NA,NA,1748.328562,1748.328561,FALSE,NA,NA,NA,NA,NA,NA,TRUE
"526","A69-1602-2990",526,"Noordzeekanaal","Zaangemaal 3","VR2W-119064",52.437818,4.826197,2017-11-20 18:17:34,2017-11-22 04:19:03,796,NA,NA,NA,1748.328562,1748.328561,FALSE,NA,NA,NA,NA,NA,NA,TRUE
"527","A69-1602-2990",527,"Noordzeekanaal","Zaangemaal 3","VR2W-119064",52.437818,4.826197,2017-11-22 05:34:15,2017-11-22 08:23:59,20,NA,NA,NA,1748.328562,1748.328561,FALSE,NA,NA,NA,NA,NA,NA,TRUE
"528","A69-1602-2990",528,"Noordzeekanaal","Zaangemaal 3","VR2W-119064",52.437818,4.826197,2017-11-22 09:27:09,2017-11-23 08:12:23,631,NA,NA,NA,1748.328562,1748.328561,FALSE,NA,NA,NA,NA,NA,NA,TRUE
"529","A69-1602-2990",529,"Noordzeekanaal","Zaangemaal 3","VR2W-119064",52.437818,4.826197,2017-11-23 09:22:16,2017-11-23 09:28:06,3,NA,NA,NA,1748.328562,1748.328561,FALSE,NA,NA,NA,NA,NA,NA,TRUE
"530","A69-1602-2990",530,"Noordzeekanaal","Zaangemaal 3","VR2W-119064",52.437818,4.826197,2017-11-23 13:01:17,2017-11-23 18:46:18,78,NA,NA,NA,1748.328562,1748.328561,FALSE,NA,NA,NA,NA,NA,NA,TRUE
"531","A69-1602-2990",531,"Noordzeekanaal","Zaangemaal 3","VR2W-119064",52.437818,4.826197,2017-11-24 05:50:55,2017-11-24 19:14:12,396,NA,NA,NA,1748.328562,1748.328561,FALSE,NA,NA,NA,NA,NA,NA,TRUE
"532","A69-1602-2990",532,"Noordzeekanaal","Zaangemaal 3","VR2W-119064",52.437818,4.826197,2017-11-24 20:53:19,2017-11-25 15:55:51,418,NA,NA,NA,1748.328562,1748.328561,FALSE,NA,NA,NA,NA,NA,NA,TRUE
"533","A69-1602-2990",533,"Noordzeekanaal","Zaangemaal 3","VR2W-119064",52.437818,4.826197,2017-11-25 17:18:44,2017-11-25 18:17:37,5,NA,NA,NA,1748.328562,1748.328561,FALSE,NA,NA,NA,NA,NA,NA,TRUE
"534","A69-1602-2990",534,"Noordzeekanaal","Zaangemaal 3","VR2W-119064",52.437818,4.826197,2017-11-25 20:50:49,2017-11-25 20:50:49,1,NA,NA,NA,1748.328562,1748.328561,FALSE,NA,NA,NA,NA,NA,NA,TRUE
"535","A69-1602-2990",535,"Noordzeekanaal","Zaangemaal 3","VR2W-119064",52.437818,4.826197,2017-11-25 22:51:14,2017-11-27 04:09:08,1188,NA,NA,NA,1748.328562,1748.328561,FALSE,NA,NA,NA,NA,NA,NA,TRUE
"536","A69-1602-2990",536,"Noordzeekanaal","Zaangemaal 3","VR2W-119064",52.437818,4.826197,2017-11-27 10:14:51,2017-11-28 16:07:16,1241,NA,NA,NA,1748.328562,1748.328561,FALSE,NA,NA,NA,NA,NA,NA,TRUE
"537","A69-1602-2990",537,"Noordzeekanaal","Zaangemaal 3","VR2W-119064",52.437818,4.826197,2017-11-28 17:30:10,2017-12-11 14:45:48,19565,NA,NA,NA,1748.328562,1748.328561,FALSE,NA,NA,NA,NA,NA,NA,TRUE
"538","A69-1602-2990",538,"Noordzeekanaal","Zaangemaal 3","VR2W-119064",52.437818,4.826197,2017-12-11 16:59:27,2017-12-13 23:19:08,3240,NA,NA,NA,1748.328562,1748.328561,FALSE,NA,NA,NA,NA,NA,NA,TRUE
"539","A69-1602-2990",539,"Noordzeekanaal","Zaangemaal 3","VR2W-119064",52.437818,4.826197,2017-12-14 01:31:14,2017-12-14 01:55:30,2,NA,NA,NA,1748.328562,1748.328561,FALSE,NA,NA,NA,NA,NA,NA,TRUE
"540","A69-1602-2990",540,"Noordzeekanaal","Zaangemaal 3","VR2W-119064",52.437818,4.826197,2017-12-14 04:51:14,2017-12-14 05:44:47,6,NA,NA,NA,1748.328562,1748.328561,FALSE,NA,NA,NA,NA,NA,NA,TRUE
"541","A69-1602-2990",541,"Noordzeekanaal","Zaangemaal 3","VR2W-119064",52.437818,4.826197,2017-12-14 07:11:04,2017-12-14 07:45:15,3,NA,NA,NA,1748.328562,1748.328561,FALSE,NA,NA,NA,NA,NA,NA,TRUE
"542","A69-1602-2990",542,"Noordzeekanaal","Zaangemaal 3","VR2W-119064",52.437818,4.826197,2017-12-14 08:58:28,2017-12-14 09:49:05,8,NA,NA,NA,1748.328562,1748.328561,FALSE,NA,NA,NA,NA,NA,NA,TRUE
"543","A69-1602-2990",543,"Noordzeekanaal","Zaangemaal 3","VR2W-119064",52.437818,4.826197,2017-12-14 13:42:11,2017-12-14 16:54:42,13,NA,NA,NA,1748.328562,1748.328561,FALSE,NA,NA,NA,NA,NA,NA,TRUE
"544","A69-1602-2990",544,"Noordzeekanaal","Zaangemaal 3","VR2W-119064",52.437818,4.826197,2017-12-14 19:43:32,2017-12-14 19:43:32,1,NA,NA,NA,1748.328562,1748.328561,FALSE,NA,NA,NA,NA,NA,NA,TRUE
"545","A69-1602-2990",545,"Noordzeekanaal","Zaangemaal 3","VR2W-119064",52.437818,4.826197,2017-12-14 21:20:23,2017-12-14 21:20:23,1,NA,NA,NA,1748.328562,1748.328561,FALSE,NA,NA,NA,NA,NA,NA,TRUE
"546","A69-1602-2990",546,"Noordzeekanaal","Zaangemaal 3","VR2W-119064",52.437818,4.826197,2017-12-15 00:31:56,2017-12-15 11:00:32,236,NA,NA,NA,1748.328562,1748.328561,FALSE,NA,NA,NA,NA,NA,NA,TRUE
"547","A69-1602-2990",547,"Noordzeekanaal","Zaangemaal 3","VR2W-119064",52.437818,4.826197,2017-12-15 12:19:58,2017-12-15 12:46:01,6,NA,NA,NA,1748.328562,1748.328561,FALSE,NA,NA,NA,NA,NA,NA,TRUE
"548","A69-1602-2990",548,"Noordzeekanaal","Zaangemaal 3","VR2W-119064",52.437818,4.826197,2017-12-15 14:09:45,2017-12-15 14:42:05,5,NA,NA,NA,1748.328562,1748.328561,FALSE,NA,NA,NA,NA,NA,NA,TRUE
"549","A69-1602-2990",549,"Noordzeekanaal","Zaangemaal 3","VR2W-119064",52.437818,4.826197,2017-12-15 15:43:07,2017-12-15 17:13:13,5,NA,NA,NA,1748.328562,1748.328561,FALSE,NA,NA,NA,NA,NA,NA,TRUE
"550","A69-1602-2990",550,"Noordzeekanaal","Zaangemaal 3","VR2W-119064",52.437818,4.826197,2017-12-15 20:07:54,2017-12-16 16:54:43,559,NA,NA,NA,1748.328562,1748.328561,FALSE,NA,NA,NA,NA,NA,NA,TRUE
"551","A69-1602-2990",551,"Noordzeekanaal","Zaangemaal 3","VR2W-119064",52.437818,4.826197,2017-12-16 17:59:07,2017-12-17 20:13:29,577,NA,NA,NA,1748.328562,1748.328561,FALSE,NA,NA,NA,NA,NA,NA,TRUE
"552","A69-1602-2990",552,"Noordzeekanaal","Zaangemaal 3","VR2W-119064",52.437818,4.826197,2017-12-17 21:31:46,2017-12-18 06:02:50,271,NA,NA,NA,1748.328562,1748.328561,FALSE,NA,NA,NA,NA,NA,NA,TRUE
"553","A69-1602-2990",553,"Noordzeekanaal","Zaangemaal 3","VR2W-119064",52.437818,4.826197,2017-12-18 08:17:09,2017-12-18 16:09:20,49,NA,NA,NA,1748.328562,1748.328561,FALSE,NA,NA,NA,NA,NA,NA,TRUE
"554","A69-1602-2990",554,"Noordzeekanaal","Zaangemaal 3","VR2W-119064",52.437818,4.826197,2017-12-18 17:26:54,2017-12-19 12:12:18,358,NA,NA,NA,1748.328562,1748.328561,FALSE,NA,NA,NA,NA,NA,NA,TRUE
"555","A69-1602-2990",555,"Noordzeekanaal","Zaangemaal 3","VR2W-119064",52.437818,4.826197,2017-12-19 14:59:24,2017-12-22 19:08:42,3378,NA,NA,NA,1748.328562,1748.328561,FALSE,NA,NA,NA,NA,NA,NA,TRUE
"556","A69-1602-2990",556,"Noordzeekanaal","Zaangemaal 3","VR2W-119064",52.437818,4.826197,2017-12-22 23:43:14,2017-12-22 23:49:07,4,NA,NA,NA,1748.328562,1748.328561,FALSE,NA,NA,NA,NA,NA,NA,TRUE
"557","A69-1602-2990",557,"Noordzeekanaal","Zaangemaal 3","VR2W-119064",52.437818,4.826197,2017-12-23 01:22:03,2017-12-23 03:51:21,14,NA,NA,NA,1748.328562,1748.328561,FALSE,NA,NA,NA,NA,NA,NA,TRUE
"558","A69-1602-2990",558,"Noordzeekanaal","Zaangemaal 3","VR2W-119064",52.437818,4.826197,2017-12-23 05:18:27,2017-12-23 06:12:49,6,NA,NA,NA,1748.328562,1748.328561,FALSE,NA,NA,NA,NA,NA,NA,TRUE
"559","A69-1602-2990",559,"Noordzeekanaal","Zaangemaal 3","VR2W-119064",52.437818,4.826197,2017-12-23 07:55:21,2017-12-23 08:19:15,3,NA,NA,NA,1748.328562,1748.328561,FALSE,NA,NA,NA,NA,NA,NA,TRUE
"560","A69-1602-2990",560,"Noordzeekanaal","Zaangemaal 3","VR2W-119064",52.437818,4.826197,2017-12-23 09:28:45,2017-12-23 10:25:13,3,NA,NA,NA,1748.328562,1748.328561,FALSE,NA,NA,NA,NA,NA,NA,TRUE
"561","A69-1602-2990",561,"Noordzeekanaal","Zaangemaal 3","VR2W-119064",52.437818,4.826197,2017-12-23 11:35:22,2017-12-23 14:54:25,15,NA,NA,NA,1748.328562,1748.328561,FALSE,NA,NA,NA,NA,NA,NA,TRUE
"562","A69-1602-2990",562,"Noordzeekanaal","Zaangemaal 3","VR2W-119064",52.437818,4.826197,2017-12-23 23:18:32,2017-12-24 00:31:24,3,NA,NA,NA,1748.328562,1748.328561,FALSE,NA,NA,NA,NA,NA,NA,TRUE
"563","A69-1602-2990",563,"Noordzeekanaal","Zaangemaal 3","VR2W-119064",52.437818,4.826197,2017-12-24 01:32:50,2017-12-24 09:04:06,60,NA,NA,NA,1748.328562,1748.328561,FALSE,NA,NA,NA,NA,NA,NA,TRUE
"564","A69-1602-2990",564,"Noordzeekanaal","Zaangemaal 3","VR2W-119064",52.437818,4.826197,2017-12-24 10:23:52,2017-12-24 14:00:24,9,NA,NA,NA,1748.328562,1748.328561,FALSE,NA,NA,NA,NA,NA,NA,TRUE
"565","A69-1602-2990",565,"Noordzeekanaal","Zaangemaal 3","VR2W-119064",52.437818,4.826197,2017-12-24 16:11:26,2017-12-24 16:11:26,1,NA,NA,NA,1748.328562,1748.328561,FALSE,NA,NA,NA,NA,NA,NA,TRUE
"566","A69-1602-2990",566,"Noordzeekanaal","Zaangemaal 3","VR2W-119064",52.437818,4.826197,2017-12-24 23:13:53,2017-12-24 23:13:53,1,NA,NA,NA,1748.328562,1748.328561,FALSE,NA,NA,NA,NA,NA,NA,TRUE
"567","A69-1602-2990",567,"Noordzeekanaal","Zaangemaal 3","VR2W-119064",52.437818,4.826197,2017-12-25 03:41:35,2017-12-25 03:47:18,2,NA,NA,NA,1748.328562,1748.328561,FALSE,NA,NA,NA,NA,NA,NA,TRUE
"568","A69-1602-2990",568,"Noordzeekanaal","Zaangemaal 3","VR2W-119064",52.437818,4.826197,2017-12-25 05:09:41,2017-12-25 05:09:41,1,NA,NA,NA,1748.328562,1748.328561,FALSE,NA,NA,NA,NA,NA,NA,TRUE
"569","A69-1602-2990",569,"Noordzeekanaal","Zaangemaal 3","VR2W-119064",52.437818,4.826197,2017-12-25 15:44:29,2017-12-25 15:44:29,1,NA,NA,NA,1748.328562,1748.328561,FALSE,NA,NA,NA,NA,NA,NA,TRUE
"570","A69-1602-2990",570,"Noordzeekanaal","Zaangemaal 3","VR2W-119064",52.437818,4.826197,2017-12-25 17:09:13,2017-12-25 17:09:13,1,NA,NA,NA,1748.328562,1748.328561,FALSE,NA,NA,NA,NA,NA,NA,TRUE
"571","A69-1602-2990",571,"Noordzeekanaal","Zaangemaal 3","VR2W-119064",52.437818,4.826197,2017-12-25 21:57:51,2017-12-25 21:57:51,1,NA,NA,NA,1748.328562,1748.328561,FALSE,NA,NA,NA,NA,NA,NA,TRUE
"572","A69-1602-2990",572,"Noordzeekanaal","Zaangemaal 3","VR2W-119064",52.437818,4.826197,2017-12-26 09:27:16,2017-12-26 09:56:18,2,NA,NA,NA,1748.328562,1748.328561,FALSE,NA,NA,NA,NA,NA,NA,TRUE
"573","A69-1602-2990",573,"Noordzeekanaal","Zaangemaal 3","VR2W-119064",52.437818,4.826197,2017-12-26 11:49:35,2017-12-26 14:15:02,28,NA,NA,NA,1748.328562,1748.328561,FALSE,NA,NA,NA,NA,NA,NA,TRUE
"574","A69-1602-2990",574,"Noordzeekanaal","Zaangemaal 3","VR2W-119064",52.437818,4.826197,2017-12-26 16:06:55,2017-12-26 21:07:29,63,NA,NA,NA,1748.328562,1748.328561,FALSE,NA,NA,NA,NA,NA,NA,TRUE
"575","A69-1602-2990",575,"Noordzeekanaal","Zaangemaal 3","VR2W-119064",52.437818,4.826197,2017-12-27 04:48:41,2017-12-27 04:48:41,1,NA,NA,NA,1748.328562,1748.328561,FALSE,NA,NA,NA,NA,NA,NA,TRUE
"576","A69-1602-2990",576,"Noordzeekanaal","Zaangemaal 3","VR2W-119064",52.437818,4.826197,2017-12-27 10:16:48,2017-12-27 16:49:44,112,NA,NA,NA,1748.328562,1748.328561,FALSE,NA,NA,NA,NA,NA,NA,TRUE
"577","A69-1602-2990",577,"Noordzeekanaal","Zaangemaal 3","VR2W-119064",52.437818,4.826197,2017-12-27 18:36:31,2017-12-27 20:30:56,61,NA,NA,NA,1748.328562,1748.328561,FALSE,NA,NA,NA,NA,NA,NA,TRUE
"578","A69-1602-2990",578,"Noordzeekanaal","Zaangemaal 3","VR2W-119064",52.437818,4.826197,2017-12-27 22:47:16,2017-12-27 22:47:16,1,NA,NA,NA,1748.328562,1748.328561,FALSE,NA,NA,NA,NA,NA,NA,TRUE
"579","A69-1602-2990",579,"Noordzeekanaal","Zaangemaal 3","VR2W-119064",52.437818,4.826197,2017-12-28 01:01:10,2017-12-28 18:12:51,163,NA,NA,NA,1748.328562,1748.328561,FALSE,NA,NA,NA,NA,NA,NA,TRUE
"580","A69-1602-2990",580,"Noordzeekanaal","Zaangemaal 3","VR2W-119064",52.437818,4.826197,2017-12-28 19:52:55,2017-12-29 08:07:39,209,NA,NA,NA,1748.328562,1748.328561,FALSE,NA,NA,NA,NA,NA,NA,TRUE
"581","A69-1602-2990",581,"Noordzeekanaal","Zaangemaal 3","VR2W-119064",52.437818,4.826197,2017-12-29 11:04:15,2017-12-29 11:04:15,1,NA,NA,NA,1748.328562,1748.328561,FALSE,NA,NA,NA,NA,NA,NA,TRUE
"582","A69-1602-2990",582,"Noordzeekanaal","Zaangemaal 3","VR2W-119064",52.437818,4.826197,2017-12-29 17:08:13,2017-12-29 18:06:01,17,NA,NA,NA,1748.328562,1748.328561,FALSE,NA,NA,NA,NA,NA,NA,TRUE
"583","A69-1602-2990",583,"Noordzeekanaal","Zaangemaal 3","VR2W-119064",52.437818,4.826197,2017-12-29 20:30:48,2017-12-29 20:41:40,2,NA,NA,NA,1748.328562,1748.328561,FALSE,NA,NA,NA,NA,NA,NA,TRUE
"584","A69-1602-2990",584,"Noordzeekanaal","Zaangemaal 3","VR2W-119064",52.437818,4.826197,2017-12-29 23:40:16,2017-12-30 04:14:32,82,NA,NA,NA,1748.328562,1748.328561,FALSE,NA,NA,NA,NA,NA,NA,TRUE
"585","A69-1602-2990",585,"Noordzeekanaal","Zaangemaal 3","VR2W-119064",52.437818,4.826197,2017-12-30 19:52:49,2017-12-30 20:15:59,2,NA,NA,NA,1748.328562,1748.328561,FALSE,NA,NA,NA,NA,NA,NA,TRUE
"586","A69-1602-2990",586,"Noordzeekanaal","Zaangemaal 3","VR2W-119064",52.437818,4.826197,2017-12-30 22:15:42,2017-12-30 22:15:42,1,NA,NA,NA,1748.328562,1748.328561,FALSE,NA,NA,NA,NA,NA,NA,TRUE
"587","A69-1602-2990",587,"Noordzeekanaal","Zaangemaal 3","VR2W-119064",52.437818,4.826197,2017-12-31 00:44:25,2017-12-31 00:44:25,1,NA,NA,NA,1748.328562,1748.328561,FALSE,NA,NA,NA,NA,NA,NA,TRUE
"588","A69-1602-2990",588,"Noordzeekanaal","Zaangemaal 3","VR2W-119064",52.437818,4.826197,2017-12-31 02:46:43,2017-12-31 02:46:43,1,NA,NA,NA,1748.328562,1748.328561,FALSE,NA,NA,NA,NA,NA,NA,TRUE
"589","A69-1602-2990",589,"Noordzeekanaal","Zaangemaal 3","VR2W-119064",52.437818,4.826197,2017-12-31 03:52:40,2017-12-31 03:52:40,1,NA,NA,NA,1748.328562,1748.328561,FALSE,NA,NA,NA,NA,NA,NA,TRUE
"590","A69-1602-2990",590,"Noordzeekanaal","Zaangemaal 3","VR2W-119064",52.437818,4.826197,2017-12-31 09:09:23,2017-12-31 09:09:23,1,NA,NA,NA,1748.328562,1748.328561,FALSE,NA,NA,NA,NA,NA,NA,TRUE
"591","A69-1602-2990",591,"Noordzeekanaal","Zaangemaal 3","VR2W-119064",52.437818,4.826197,2017-12-31 13:31:49,2017-12-31 14:33:20,30,NA,NA,NA,1748.328562,1748.328561,FALSE,NA,NA,NA,NA,NA,NA,TRUE
"592","A69-1602-2990",592,"Noordzeekanaal","Zaangemaal 3","VR2W-119064",52.437818,4.826197,2017-12-31 16:18:22,2017-12-31 16:40:03,29,NA,NA,NA,1748.328562,1748.328561,FALSE,NA,NA,NA,NA,NA,NA,TRUE
"593","A69-1602-2990",593,"Noordzeekanaal","Zaangemaal 3","VR2W-119064",52.437818,4.826197,2017-12-31 18:13:03,2017-12-31 22:00:23,68,NA,NA,NA,1748.328562,1748.328561,FALSE,NA,NA,NA,NA,NA,NA,TRUE
"594","A69-1602-2990",594,"Noordzeekanaal","Zaangemaal 3","VR2W-119064",52.437818,4.826197,2017-12-31 23:02:05,2017-12-31 23:02:05,1,NA,NA,NA,1748.328562,1748.328561,FALSE,NA,NA,NA,NA,NA,NA,TRUE
"595","A69-1602-2990",595,"Noordzeekanaal","Zaangemaal 3","VR2W-119064",52.437818,4.826197,2018-01-01 01:49:13,2018-01-01 02:16:34,4,NA,NA,NA,1748.328562,1748.328561,FALSE,NA,NA,NA,NA,NA,NA,TRUE
"596","A69-1602-2990",596,"Noordzeekanaal","Zaangemaal 3","VR2W-119064",52.437818,4.826197,2018-01-01 04:13:35,2018-01-01 04:37:53,4,NA,NA,NA,1748.328562,1748.328561,FALSE,NA,NA,NA,NA,NA,NA,TRUE
"597","A69-1602-2990",597,"Noordzeekanaal","Zaangemaal 3","VR2W-119064",52.437818,4.826197,2018-01-01 05:52:28,2018-01-01 05:53:08,2,NA,NA,NA,1748.328562,1748.328561,FALSE,NA,NA,NA,NA,NA,NA,TRUE
"598","A69-1602-2990",598,"Noordzeekanaal","Zaangemaal 3","VR2W-119064",52.437818,4.826197,2018-01-01 09:59:06,2018-01-01 09:59:06,1,NA,NA,NA,1748.328562,1748.328561,FALSE,NA,NA,NA,NA,NA,NA,TRUE
"599","A69-1602-2990",599,"Noordzeekanaal","Zaangemaal 3","VR2W-119064",52.437818,4.826197,2018-01-01 14:09:56,2018-01-01 14:09:56,1,NA,NA,NA,1748.328562,1748.328561,FALSE,NA,NA,NA,NA,NA,NA,TRUE
"600","A69-1602-2990",600,"Noordzeekanaal","Zaangemaal 3","VR2W-119064",52.437818,4.826197,2018-01-01 17:42:41,2018-01-02 08:18:49,172,NA,NA,NA,1748.328562,1748.328561,FALSE,NA,NA,NA,NA,NA,NA,TRUE
"601","A69-1602-2990",601,"Noordzeekanaal","Zaangemaal 3","VR2W-119064",52.437818,4.826197,2018-01-02 14:11:30,2018-01-02 14:51:09,19,NA,NA,NA,1748.328562,1748.328561,FALSE,NA,NA,NA,NA,NA,NA,TRUE
"602","A69-1602-2990",602,"Noordzeekanaal","Zaangemaal 3","VR2W-119064",52.437818,4.826197,2018-01-03 16:51:03,2018-01-03 19:34:38,9,NA,NA,NA,1748.328562,1748.328561,FALSE,NA,NA,NA,NA,NA,NA,TRUE
"603","A69-1602-2990",603,"Noordzeekanaal","Zaangemaal 3","VR2W-119064",52.437818,4.826197,2018-01-04 11:47:13,2018-01-04 12:24:18,4,NA,NA,NA,1748.328562,1748.328561,FALSE,NA,NA,NA,NA,NA,NA,TRUE
"604","A69-1602-2990",604,"Noordzeekanaal","Zaangemaal 3","VR2W-119064",52.437818,4.826197,2018-01-04 15:21:29,2018-01-04 15:28:18,2,NA,NA,NA,1748.328562,1748.328561,FALSE,NA,NA,NA,NA,NA,NA,TRUE
"605","A69-1602-2990",605,"Noordzeekanaal","Zaangemaal 3","VR2W-119064",52.437818,4.826197,2018-01-05 09:35:15,2018-01-05 09:38:43,5,NA,NA,NA,1748.328562,1748.328561,FALSE,NA,NA,NA,NA,NA,NA,TRUE
"606","A69-1602-2990",606,"Noordzeekanaal","Zaangemaal 3","VR2W-119064",52.437818,4.826197,2018-01-05 11:30:19,2018-01-05 12:19:49,2,NA,NA,NA,1748.328562,1748.328561,FALSE,NA,NA,NA,NA,NA,NA,TRUE
"607","A69-1602-2990",607,"Noordzeekanaal","Zaangemaal 3","VR2W-119064",52.437818,4.826197,2018-01-05 13:55:58,2018-01-05 14:07:37,3,NA,NA,NA,1748.328562,1748.328561,FALSE,NA,NA,NA,NA,NA,NA,TRUE
"608","A69-1602-2990",608,"Noordzeekanaal","Zaangemaal 3","VR2W-119064",52.437818,4.826197,2018-01-05 15:51:36,2018-01-05 18:02:14,15,NA,NA,NA,1748.328562,1748.328561,FALSE,NA,NA,NA,NA,NA,NA,TRUE
"609","A69-1602-2990",609,"Noordzeekanaal","Zaangemaal 3","VR2W-119064",52.437818,4.826197,2018-01-05 20:35:11,2018-01-05 21:36:12,5,NA,NA,NA,1748.328562,1748.328561,FALSE,NA,NA,NA,NA,NA,NA,TRUE
"610","A69-1602-2990",610,"Noordzeekanaal","Zaangemaal 3","VR2W-119064",52.437818,4.826197,2018-01-05 22:57:55,2018-01-06 06:07:25,200,NA,NA,NA,1748.328562,1748.328561,FALSE,NA,NA,NA,NA,NA,NA,TRUE
"611","A69-1602-2990",611,"Noordzeekanaal","Zaangemaal 3","VR2W-119064",52.437818,4.826197,2018-01-06 09:41:30,2018-01-06 10:12:28,5,NA,NA,NA,1748.328562,1748.328561,FALSE,NA,NA,NA,NA,NA,NA,TRUE
"612","A69-1602-2990",612,"Noordzeekanaal","Zaangemaal 3","VR2W-119064",52.437818,4.826197,2018-01-06 11:22:34,2018-01-06 12:14:37,11,NA,NA,NA,1748.328562,1748.328561,FALSE,NA,NA,NA,NA,NA,NA,TRUE
"613","A69-1602-2990",613,"Noordzeekanaal","Zaangemaal 3","VR2W-119064",52.437818,4.826197,2018-01-06 14:16:03,2018-01-06 14:16:36,2,NA,NA,NA,1748.328562,1748.328561,FALSE,NA,NA,NA,NA,NA,NA,TRUE
"614","A69-1602-2990",614,"Noordzeekanaal","Zaangemaal 3","VR2W-119064",52.437818,4.826197,2018-01-06 16:09:14,2018-01-06 16:34:05,3,NA,NA,NA,1748.328562,1748.328561,FALSE,NA,NA,NA,NA,NA,NA,TRUE
"615","A69-1602-2990",615,"Noordzeekanaal","Zaangemaal 3","VR2W-119064",52.437818,4.826197,2018-01-06 18:17:30,2018-01-06 19:09:05,3,NA,NA,NA,1748.328562,1748.328561,FALSE,NA,NA,NA,NA,NA,NA,TRUE
"616","A69-1602-2990",616,"Noordzeekanaal","Zaangemaal 3","VR2W-119064",52.437818,4.826197,2018-01-06 21:44:19,2018-01-06 21:44:19,1,NA,NA,NA,1748.328562,1748.328561,FALSE,NA,NA,NA,NA,NA,NA,TRUE
"617","A69-1602-2990",617,"Noordzeekanaal","Zaangemaal 3","VR2W-119064",52.437818,4.826197,2018-01-06 22:49:29,2018-01-07 00:38:13,7,NA,NA,NA,1748.328562,1748.328561,FALSE,NA,NA,NA,NA,NA,NA,TRUE
"618","A69-1602-2990",618,"Noordzeekanaal","Zaangemaal 3","VR2W-119064",52.437818,4.826197,2018-01-07 02:10:33,2018-01-07 02:10:33,1,NA,NA,NA,1748.328562,1748.328561,FALSE,NA,NA,NA,NA,NA,NA,TRUE
"619","A69-1602-2990",619,"Noordzeekanaal","Zaangemaal 3","VR2W-119064",52.437818,4.826197,2018-01-07 05:13:25,2018-01-07 05:13:25,1,NA,NA,NA,1748.328562,1748.328561,FALSE,NA,NA,NA,NA,NA,NA,TRUE
"620","A69-1602-2990",620,"Noordzeekanaal","Zaangemaal 3","VR2W-119064",52.437818,4.826197,2018-01-07 08:05:25,2018-01-07 08:05:25,1,NA,NA,NA,1748.328562,1748.328561,FALSE,NA,NA,NA,NA,NA,NA,TRUE
"621","A69-1602-2990",621,"Noordzeekanaal","Zaangemaal 3","VR2W-119064",52.437818,4.826197,2018-01-07 11:08:20,2018-01-07 11:08:20,1,NA,NA,NA,1748.328562,1748.328561,FALSE,NA,NA,NA,NA,NA,NA,TRUE
"622","A69-1602-2990",622,"Noordzeekanaal","Zaangemaal 3","VR2W-119064",52.437818,4.826197,2018-01-07 12:08:32,2018-01-07 12:38:56,5,NA,NA,NA,1748.328562,1748.328561,FALSE,NA,NA,NA,NA,NA,NA,TRUE
"623","A69-1602-2990",623,"Noordzeekanaal","Zaangemaal 3","VR2W-119064",52.437818,4.826197,2018-01-07 15:31:05,2018-01-07 15:31:05,1,NA,NA,NA,1748.328562,1748.328561,FALSE,NA,NA,NA,NA,NA,NA,TRUE
"624","A69-1602-2990",624,"Noordzeekanaal","Zaangemaal 3","VR2W-119064",52.437818,4.826197,2018-01-08 05:37:52,2018-01-08 05:37:52,1,NA,NA,NA,1748.328562,1748.328561,FALSE,NA,NA,NA,NA,NA,NA,TRUE
"625","A69-1602-2990",625,"Noordzeekanaal","Zaangemaal 3","VR2W-119064",52.437818,4.826197,2018-01-08 13:43:35,2018-01-08 15:34:20,8,NA,NA,NA,1748.328562,1748.328561,FALSE,NA,NA,NA,NA,NA,NA,TRUE
"626","A69-1602-2990",626,"Noordzeekanaal","Zaangemaal 3","VR2W-119064",52.437818,4.826197,2018-01-08 17:02:02,2018-01-08 18:17:39,4,NA,NA,NA,1748.328562,1748.328561,FALSE,NA,NA,NA,NA,NA,NA,TRUE
"627","A69-1602-2990",627,"Noordzeekanaal","Zaangemaal 3","VR2W-119064",52.437818,4.826197,2018-01-09 03:14:45,2018-01-09 03:14:45,1,NA,NA,NA,1748.328562,1748.328561,FALSE,NA,NA,NA,NA,NA,NA,TRUE
"628","A69-1602-2990",628,"Noordzeekanaal","Zaangemaal 3","VR2W-119064",52.437818,4.826197,2018-01-09 05:26:57,2018-01-09 05:27:50,2,NA,NA,NA,1748.328562,1748.328561,FALSE,NA,NA,NA,NA,NA,NA,TRUE
"629","A69-1602-2990",629,"Noordzeekanaal","Zaangemaal 3","VR2W-119064",52.437818,4.826197,2018-01-09 07:07:11,2018-01-09 08:56:44,5,NA,NA,NA,1748.328562,1748.328561,FALSE,NA,NA,NA,NA,NA,NA,TRUE
"630","A69-1602-2990",630,"Noordzeekanaal","Zaangemaal 3","VR2W-119064",52.437818,4.826197,2018-01-09 09:58:06,2018-01-09 14:33:06,17,NA,NA,NA,1748.328562,1748.328561,FALSE,NA,NA,NA,NA,NA,NA,TRUE
"631","A69-1602-2990",631,"Noordzeekanaal","Zaangemaal 3","VR2W-119064",52.437818,4.826197,2018-01-09 15:47:39,2018-01-09 15:47:39,1,NA,NA,NA,1748.328562,1748.328561,FALSE,NA,NA,NA,NA,NA,NA,TRUE
"632","A69-1602-2990",632,"Noordzeekanaal","Zaangemaal 3","VR2W-119064",52.437818,4.826197,2018-01-09 16:54:28,2018-01-09 16:54:28,1,NA,NA,NA,1748.328562,1748.328561,FALSE,NA,NA,NA,NA,NA,NA,TRUE
"633","A69-1602-2990",633,"Noordzeekanaal","Zaangemaal 3","VR2W-119064",52.437818,4.826197,2018-01-09 19:21:22,2018-01-09 19:22:05,2,NA,NA,NA,1748.328562,1748.328561,FALSE,NA,NA,NA,NA,NA,NA,TRUE
"634","A69-1602-2990",634,"Noordzeekanaal","Zaangemaal 3","VR2W-119064",52.437818,4.826197,2018-01-09 22:26:56,2018-01-09 22:54:45,2,NA,NA,NA,1748.328562,1748.328561,FALSE,NA,NA,NA,NA,NA,NA,TRUE
"635","A69-1602-2990",635,"Noordzeekanaal","Zaangemaal 3","VR2W-119064",52.437818,4.826197,2018-01-10 03:09:05,2018-01-10 05:38:06,8,NA,NA,NA,1748.328562,1748.328561,FALSE,NA,NA,NA,NA,NA,NA,TRUE
"636","A69-1602-2990",636,"Noordzeekanaal","Zaangemaal 3","VR2W-119064",52.437818,4.826197,2018-01-10 07:19:53,2018-01-10 07:19:53,1,NA,NA,NA,1748.328562,1748.328561,FALSE,NA,NA,NA,NA,NA,NA,TRUE
"637","A69-1602-2990",637,"Noordzeekanaal","Zaangemaal 3","VR2W-119064",52.437818,4.826197,2018-01-10 10:53:45,2018-01-10 10:53:45,1,NA,NA,NA,1748.328562,1748.328561,FALSE,NA,NA,NA,NA,NA,NA,TRUE
"638","A69-1602-2990",638,"Noordzeekanaal","Zaangemaal 3","VR2W-119064",52.437818,4.826197,2018-01-10 14:04:23,2018-01-10 14:06:24,4,NA,NA,NA,1748.328562,1748.328561,FALSE,NA,NA,NA,NA,NA,NA,TRUE
"639","A69-1602-2990",639,"Noordzeekanaal","Zaangemaal 3","VR2W-119064",52.437818,4.826197,2018-01-10 17:36:29,2018-01-10 17:36:29,1,NA,NA,NA,1748.328562,1748.328561,FALSE,NA,NA,NA,NA,NA,NA,TRUE
"640","A69-1602-2990",640,"Noordzeekanaal","Zaangemaal 3","VR2W-119064",52.437818,4.826197,2018-01-10 20:23:26,2018-01-10 20:23:26,1,NA,NA,NA,1748.328562,1748.328561,FALSE,NA,NA,NA,NA,NA,NA,TRUE
"641","A69-1602-2990",641,"Noordzeekanaal","Zaangemaal 3","VR2W-119064",52.437818,4.826197,2018-01-11 00:36:23,2018-01-11 02:44:38,10,NA,NA,NA,1748.328562,1748.328561,FALSE,NA,NA,NA,NA,NA,NA,TRUE
"642","A69-1602-2990",642,"Noordzeekanaal","Zaangemaal 3","VR2W-119064",52.437818,4.826197,2018-01-11 04:41:55,2018-01-11 04:41:55,1,NA,NA,NA,1748.328562,1748.328561,FALSE,NA,NA,NA,NA,NA,NA,TRUE
"643","A69-1602-2990",643,"Noordzeekanaal","Zaangemaal 3","VR2W-119064",52.437818,4.826197,2018-01-11 06:02:08,2018-01-11 08:10:58,13,NA,NA,NA,1748.328562,1748.328561,FALSE,NA,NA,NA,NA,NA,NA,TRUE
"644","A69-1602-2990",644,"Noordzeekanaal","Zaangemaal 3","VR2W-119064",52.437818,4.826197,2018-01-11 09:56:49,2018-01-11 10:09:33,2,NA,NA,NA,1748.328562,1748.328561,FALSE,NA,NA,NA,NA,NA,NA,TRUE
"645","A69-1602-2990",645,"Noordzeekanaal","Zaangemaal 3","VR2W-119064",52.437818,4.826197,2018-01-11 12:52:29,2018-01-11 12:52:29,1,NA,NA,NA,1748.328562,1748.328561,FALSE,NA,NA,NA,NA,NA,NA,TRUE
"646","A69-1602-2990",646,"Noordzeekanaal","Zaangemaal 3","VR2W-119064",52.437818,4.826197,2018-01-11 14:59:04,2018-01-11 16:54:36,7,NA,NA,NA,1748.328562,1748.328561,FALSE,NA,NA,NA,NA,NA,NA,TRUE
"647","A69-1602-2990",647,"Noordzeekanaal","Zaangemaal 3","VR2W-119064",52.437818,4.826197,2018-01-11 17:57:45,2018-01-11 17:57:45,1,NA,NA,NA,1748.328562,1748.328561,FALSE,NA,NA,NA,NA,NA,NA,TRUE
"648","A69-1602-2990",648,"Noordzeekanaal","Zaangemaal 3","VR2W-119064",52.437818,4.826197,2018-01-11 21:11:45,2018-01-11 22:57:53,9,NA,NA,NA,1748.328562,1748.328561,FALSE,NA,NA,NA,NA,NA,NA,TRUE
"649","A69-1602-2990",649,"Noordzeekanaal","Zaangemaal 3","VR2W-119064",52.437818,4.826197,2018-01-12 00:05:15,2018-01-12 02:26:42,13,NA,NA,NA,1748.328562,1748.328561,FALSE,NA,NA,NA,NA,NA,NA,TRUE
"650","A69-1602-2990",650,"Noordzeekanaal","Zaangemaal 3","VR2W-119064",52.437818,4.826197,2018-01-12 04:12:10,2018-01-12 04:21:19,2,NA,NA,NA,1748.328562,1748.328561,FALSE,NA,NA,NA,NA,NA,NA,TRUE
"651","A69-1602-2990",651,"Noordzeekanaal","Zaangemaal 3","VR2W-119064",52.437818,4.826197,2018-01-12 06:00:27,2018-01-12 07:31:55,43,NA,NA,NA,1748.328562,1748.328561,FALSE,NA,NA,NA,NA,NA,NA,TRUE
"652","A69-1602-2990",652,"Noordzeekanaal","Zaangemaal 3","VR2W-119064",52.437818,4.826197,2018-01-12 08:55:35,2018-01-12 10:37:34,9,NA,NA,NA,1748.328562,1748.328561,FALSE,NA,NA,NA,NA,NA,NA,TRUE
"653","A69-1602-2990",653,"Noordzeekanaal","Zaangemaal 3","VR2W-119064",52.437818,4.826197,2018-01-12 11:50:51,2018-01-12 22:01:56,176,NA,NA,NA,1748.328562,1748.328561,FALSE,NA,NA,NA,NA,NA,NA,TRUE
"654","A69-1602-2990",654,"Noordzeekanaal","Zaangemaal 3","VR2W-119064",52.437818,4.826197,2018-01-12 23:18:12,2018-01-13 01:00:28,10,NA,NA,NA,1748.328562,1748.328561,FALSE,NA,NA,NA,NA,NA,NA,TRUE
"655","A69-1602-2990",655,"Noordzeekanaal","Zaangemaal 3","VR2W-119064",52.437818,4.826197,2018-01-13 02:10:53,2018-01-13 03:55:33,17,NA,NA,NA,1748.328562,1748.328561,FALSE,NA,NA,NA,NA,NA,NA,TRUE
"656","A69-1602-2990",656,"Noordzeekanaal","Zaangemaal 3","VR2W-119064",52.437818,4.826197,2018-01-13 07:41:36,2018-01-13 07:57:54,7,NA,NA,NA,1748.328562,1748.328561,FALSE,NA,NA,NA,NA,NA,NA,TRUE
"657","A69-1602-2990",657,"Noordzeekanaal","Zaangemaal 3","VR2W-119064",52.437818,4.826197,2018-01-13 09:44:08,2018-01-13 10:35:18,4,NA,NA,NA,1748.328562,1748.328561,FALSE,NA,NA,NA,NA,NA,NA,TRUE
"658","A69-1602-2990",658,"Noordzeekanaal","Zaangemaal 3","VR2W-119064",52.437818,4.826197,2018-01-13 12:47:54,2018-01-13 12:58:06,6,NA,NA,NA,1748.328562,1748.328561,FALSE,NA,NA,NA,NA,NA,NA,TRUE
"659","A69-1602-2990",659,"Noordzeekanaal","Zaangemaal 3","VR2W-119064",52.437818,4.826197,2018-01-13 14:24:39,2018-01-13 15:19:15,3,NA,NA,NA,1748.328562,1748.328561,FALSE,NA,NA,NA,NA,NA,NA,TRUE
"660","A69-1602-2990",660,"Noordzeekanaal","Zaangemaal 3","VR2W-119064",52.437818,4.826197,2018-01-13 17:22:19,2018-01-13 17:22:19,1,NA,NA,NA,1748.328562,1748.328561,FALSE,NA,NA,NA,NA,NA,NA,TRUE
"661","A69-1602-2990",661,"Noordzeekanaal","Zaangemaal 3","VR2W-119064",52.437818,4.826197,2018-01-13 20:06:46,2018-01-13 22:26:10,31,NA,NA,NA,1748.328562,1748.328561,FALSE,NA,NA,NA,NA,NA,NA,TRUE
"662","A69-1602-2990",662,"Noordzeekanaal","Zaangemaal 3","VR2W-119064",52.437818,4.826197,2018-01-14 00:34:04,2018-01-14 02:50:16,31,NA,NA,NA,1748.328562,1748.328561,FALSE,NA,NA,NA,NA,NA,NA,TRUE
"663","A69-1602-2990",663,"Noordzeekanaal","Zaangemaal 3","VR2W-119064",52.437818,4.826197,2018-01-14 09:59:07,2018-01-14 10:57:57,4,NA,NA,NA,1748.328562,1748.328561,FALSE,NA,NA,NA,NA,NA,NA,TRUE
"664","A69-1602-2990",664,"Noordzeekanaal","Zaangemaal 3","VR2W-119064",52.437818,4.826197,2018-01-14 15:39:48,2018-01-14 15:51:13,2,NA,NA,NA,1748.328562,1748.328561,FALSE,NA,NA,NA,NA,NA,NA,TRUE
"665","A69-1602-2990",665,"Noordzeekanaal","Zaangemaal 3","VR2W-119064",52.437818,4.826197,2018-01-15 05:41:35,2018-01-15 05:57:52,2,NA,NA,NA,1748.328562,1748.328561,FALSE,NA,NA,NA,NA,NA,NA,TRUE
"666","A69-1602-2990",666,"Noordzeekanaal","Zaangemaal 3","VR2W-119064",52.437818,4.826197,2018-01-15 07:15:52,2018-01-15 07:15:52,1,NA,NA,NA,1748.328562,1748.328561,FALSE,NA,NA,NA,NA,NA,NA,TRUE
"667","A69-1602-2990",667,"Noordzeekanaal","Zaangemaal 3","VR2W-119064",52.437818,4.826197,2018-01-15 08:53:54,2018-01-15 09:30:50,9,NA,NA,NA,1748.328562,1748.328561,FALSE,NA,NA,NA,NA,NA,NA,TRUE
"668","A69-1602-2990",668,"Noordzeekanaal","Zaangemaal 3","VR2W-119064",52.437818,4.826197,2018-01-15 10:51:51,2018-01-15 10:51:51,1,NA,NA,NA,1748.328562,1748.328561,FALSE,NA,NA,NA,NA,NA,NA,TRUE
"669","A69-1602-2990",669,"Noordzeekanaal","Zaangemaal 3","VR2W-119064",52.437818,4.826197,2018-01-16 09:35:53,2018-01-16 09:35:53,1,NA,NA,NA,1748.328562,1748.328561,FALSE,NA,NA,NA,NA,NA,NA,TRUE
"670","A69-1602-2990",670,"Noordzeekanaal","Zaangemaal 3","VR2W-119064",52.437818,4.826197,2018-01-16 11:05:15,2018-01-16 11:06:43,3,NA,NA,NA,1748.328562,1748.328561,FALSE,NA,NA,NA,NA,NA,NA,TRUE
"671","A69-1602-2990",671,"Noordzeekanaal","Zaangemaal 3","VR2W-119064",52.437818,4.826197,2018-01-16 12:21:27,2018-01-16 12:21:27,1,NA,NA,NA,1748.328562,1748.328561,FALSE,NA,NA,NA,NA,NA,NA,TRUE
"672","A69-1602-2990",672,"Noordzeekanaal","Zaangemaal 3","VR2W-119064",52.437818,4.826197,2018-01-16 13:23:58,2018-01-16 15:05:27,7,NA,NA,NA,1748.328562,1748.328561,FALSE,NA,NA,NA,NA,NA,NA,TRUE
"673","A69-1602-2990",673,"Noordzeekanaal","Zaangemaal 3","VR2W-119064",52.437818,4.826197,2018-01-16 17:37:15,2018-01-16 18:01:08,3,NA,NA,NA,1748.328562,1748.328561,FALSE,NA,NA,NA,NA,NA,NA,TRUE
"674","A69-1602-2990",674,"Noordzeekanaal","Zaangemaal 3","VR2W-119064",52.437818,4.826197,2018-01-16 21:39:50,2018-01-16 21:39:50,1,NA,NA,NA,1748.328562,1748.328561,FALSE,NA,NA,NA,NA,NA,NA,TRUE
"675","A69-1602-2990",675,"Noordzeekanaal","Zaangemaal 3","VR2W-119064",52.437818,4.826197,2018-01-16 23:45:04,2018-01-16 23:48:24,2,NA,NA,NA,1748.328562,1748.328561,FALSE,NA,NA,NA,NA,NA,NA,TRUE
"676","A69-1602-2990",676,"Noordzeekanaal","Zaangemaal 3","VR2W-119064",52.437818,4.826197,2018-01-17 01:10:13,2018-01-17 07:12:58,26,NA,NA,NA,1748.328562,1748.328561,FALSE,NA,NA,NA,NA,NA,NA,TRUE
"677","A69-1602-2990",677,"Noordzeekanaal","Zaangemaal 3","VR2W-119064",52.437818,4.826197,2018-01-17 15:07:54,2018-01-17 15:07:54,1,NA,NA,NA,1748.328562,1748.328561,FALSE,NA,NA,NA,NA,NA,NA,TRUE
"678","A69-1602-2990",678,"Noordzeekanaal","Zaangemaal 3","VR2W-119064",52.437818,4.826197,2018-01-17 18:18:53,2018-01-17 18:18:53,1,NA,NA,NA,1748.328562,1748.328561,FALSE,NA,NA,NA,NA,NA,NA,TRUE
"679","A69-1602-2990",679,"Noordzeekanaal","Zaangemaal 3","VR2W-119064",52.437818,4.826197,2018-01-17 21:18:49,2018-01-17 21:18:49,1,NA,NA,NA,1748.328562,1748.328561,FALSE,NA,NA,NA,NA,NA,NA,TRUE
"680","A69-1602-2990",680,"Noordzeekanaal","Zaangemaal 3","VR2W-119064",52.437818,4.826197,2018-01-18 15:20:50,2018-01-18 15:20:50,1,NA,NA,NA,1748.328562,1748.328561,FALSE,NA,NA,NA,NA,NA,NA,TRUE
"681","A69-1602-2990",681,"Noordzeekanaal","Zaangemaal 3","VR2W-119064",52.437818,4.826197,2018-01-18 16:46:10,2018-01-18 16:46:10,1,NA,NA,NA,1748.328562,1748.328561,FALSE,NA,NA,NA,NA,NA,NA,TRUE
"682","A69-1602-2990",682,"Noordzeekanaal","Zaangemaal 3","VR2W-119064",52.437818,4.826197,2018-01-18 19:07:31,2018-01-18 20:36:51,3,NA,NA,NA,1748.328562,1748.328561,FALSE,NA,NA,NA,NA,NA,NA,TRUE
"683","A69-1602-2990",683,"Noordzeekanaal","Zaangemaal 3","VR2W-119064",52.437818,4.826197,2018-01-18 22:34:28,2018-01-18 22:34:28,1,NA,NA,NA,1748.328562,1748.328561,FALSE,NA,NA,NA,NA,NA,NA,TRUE
"684","A69-1602-2990",684,"Noordzeekanaal","Zaangemaal 3","VR2W-119064",52.437818,4.826197,2018-01-18 23:35:14,2018-01-19 01:24:53,10,NA,NA,NA,1748.328562,1748.328561,FALSE,NA,NA,NA,NA,NA,NA,TRUE
"685","A69-1602-2990",685,"Noordzeekanaal","Zaangemaal 3","VR2W-119064",52.437818,4.826197,2018-01-19 06:14:25,2018-01-19 06:16:22,4,NA,NA,NA,1748.328562,1748.328561,FALSE,NA,NA,NA,NA,NA,NA,TRUE
"686","A69-1602-2990",686,"Noordzeekanaal","Zaangemaal 3","VR2W-119064",52.437818,4.826197,2018-01-19 09:48:16,2018-01-19 09:48:16,1,NA,NA,NA,1748.328562,1748.328561,FALSE,NA,NA,NA,NA,NA,NA,TRUE
"687","A69-1602-2990",687,"Noordzeekanaal","Zaangemaal 3","VR2W-119064",52.437818,4.826197,2018-01-19 10:52:00,2018-01-19 10:52:00,1,NA,NA,NA,1748.328562,1748.328561,FALSE,NA,NA,NA,NA,NA,NA,TRUE
"688","A69-1602-2990",688,"Noordzeekanaal","Zaangemaal 3","VR2W-119064",52.437818,4.826197,2018-01-19 15:14:59,2018-01-19 15:14:59,1,NA,NA,NA,1748.328562,1748.328561,FALSE,NA,NA,NA,NA,NA,NA,TRUE
"689","A69-1602-2990",689,"Noordzeekanaal","Zaangemaal 3","VR2W-119064",52.437818,4.826197,2018-01-20 06:28:42,2018-01-20 07:02:20,5,NA,NA,NA,1748.328562,1748.328561,FALSE,NA,NA,NA,NA,NA,NA,TRUE
"690","A69-1602-2990",690,"Noordzeekanaal","Zaangemaal 3","VR2W-119064",52.437818,4.826197,2018-01-20 09:39:17,2018-01-20 09:39:17,1,NA,NA,NA,1748.328562,1748.328561,FALSE,NA,NA,NA,NA,NA,NA,TRUE
"691","A69-1602-2990",691,"Noordzeekanaal","Zaangemaal 3","VR2W-119064",52.437818,4.826197,2018-01-20 11:01:22,2018-01-20 11:01:22,1,NA,NA,NA,1748.328562,1748.328561,FALSE,NA,NA,NA,NA,NA,NA,TRUE
"692","A69-1602-2990",692,"Noordzeekanaal","Zaangemaal 3","VR2W-119064",52.437818,4.826197,2018-01-20 13:14:25,2018-01-20 13:14:25,1,NA,NA,NA,1748.328562,1748.328561,FALSE,NA,NA,NA,NA,NA,NA,TRUE
"693","A69-1602-2990",693,"Noordzeekanaal","Zaangemaal 3","VR2W-119064",52.437818,4.826197,2018-01-21 00:42:44,2018-01-21 00:42:44,1,NA,NA,NA,1748.328562,1748.328561,FALSE,NA,NA,NA,NA,NA,NA,TRUE
"694","A69-1602-2990",694,"Noordzeekanaal","Zaangemaal 3","VR2W-119064",52.437818,4.826197,2018-01-21 01:51:56,2018-01-21 01:51:56,1,NA,NA,NA,1748.328562,1748.328561,FALSE,NA,NA,NA,NA,NA,NA,TRUE
"695","A69-1602-2990",695,"Noordzeekanaal","Zaangemaal 3","VR2W-119064",52.437818,4.826197,2018-01-21 04:46:14,2018-01-21 04:50:07,2,NA,NA,NA,1748.328562,1748.328561,FALSE,NA,NA,NA,NA,NA,NA,TRUE
"696","A69-1602-2990",696,"Noordzeekanaal","Zaangemaal 3","VR2W-119064",52.437818,4.826197,2018-01-21 06:27:45,2018-01-21 06:54:29,2,NA,NA,NA,1748.328562,1748.328561,FALSE,NA,NA,NA,NA,NA,NA,TRUE
"697","A69-1602-2990",697,"Noordzeekanaal","Zaangemaal 3","VR2W-119064",52.437818,4.826197,2018-01-21 08:24:46,2018-01-21 11:35:26,15,NA,NA,NA,1748.328562,1748.328561,FALSE,NA,NA,NA,NA,NA,NA,TRUE
"698","A69-1602-2990",698,"Noordzeekanaal","Zaangemaal 3","VR2W-119064",52.437818,4.826197,2018-01-21 12:42:44,2018-01-21 12:42:44,1,NA,NA,NA,1748.328562,1748.328561,FALSE,NA,NA,NA,NA,NA,NA,TRUE
"699","A69-1602-2990",699,"Noordzeekanaal","Zaangemaal 3","VR2W-119064",52.437818,4.826197,2018-01-21 15:12:36,2018-01-21 16:53:38,6,NA,NA,NA,1748.328562,1748.328561,FALSE,NA,NA,NA,NA,NA,NA,TRUE
"700","A69-1602-2990",700,"Noordzeekanaal","Zaangemaal 3","VR2W-119064",52.437818,4.826197,2018-01-21 23:43:03,2018-01-22 00:56:53,9,NA,NA,NA,1748.328562,1748.328561,FALSE,NA,NA,NA,NA,NA,NA,TRUE
"701","A69-1602-2990",701,"Noordzeekanaal","Zaangemaal 3","VR2W-119064",52.437818,4.826197,2018-01-22 02:43:14,2018-01-22 02:43:14,1,NA,NA,NA,1748.328562,1748.328561,FALSE,NA,NA,NA,NA,NA,NA,TRUE
"702","A69-1602-2990",702,"Noordzeekanaal","Zaangemaal 3","VR2W-119064",52.437818,4.826197,2018-01-22 04:57:30,2018-01-22 04:58:19,2,NA,NA,NA,1748.328562,1748.328561,FALSE,NA,NA,NA,NA,NA,NA,TRUE
"703","A69-1602-2990",703,"Noordzeekanaal","Zaangemaal 3","VR2W-119064",52.437818,4.826197,2018-01-22 13:32:40,2018-01-22 13:32:40,1,NA,NA,NA,1748.328562,1748.328561,FALSE,NA,NA,NA,NA,NA,NA,TRUE
"704","A69-1602-2990",704,"Noordzeekanaal","Zaangemaal 3","VR2W-119064",52.437818,4.826197,2018-01-22 15:22:06,2018-01-22 15:40:29,3,NA,NA,NA,1748.328562,1748.328561,FALSE,NA,NA,NA,NA,NA,NA,TRUE
"705","A69-1602-2990",705,"Noordzeekanaal","Zaangemaal 3","VR2W-119064",52.437818,4.826197,2018-01-22 17:00:36,2018-01-22 17:08:29,2,NA,NA,NA,1748.328562,1748.328561,FALSE,NA,NA,NA,NA,NA,NA,TRUE
"706","A69-1602-2990",706,"Noordzeekanaal","Zaangemaal 3","VR2W-119064",52.437818,4.826197,2018-01-22 22:29:49,2018-01-22 22:57:33,2,NA,NA,NA,1748.328562,1748.328561,FALSE,NA,NA,NA,NA,NA,NA,TRUE
"707","A69-1602-2990",707,"Noordzeekanaal","Zaangemaal 3","VR2W-119064",52.437818,4.826197,2018-01-23 03:47:16,2018-01-23 03:47:16,1,NA,NA,NA,1748.328562,1748.328561,FALSE,NA,NA,NA,NA,NA,NA,TRUE
"708","A69-1602-2990",708,"Noordzeekanaal","Zaangemaal 3","VR2W-119064",52.437818,4.826197,2018-01-23 07:08:06,2018-01-23 07:51:52,6,NA,NA,NA,1748.328562,1748.328561,FALSE,NA,NA,NA,NA,NA,NA,TRUE
"709","A69-1602-2990",709,"Noordzeekanaal","Zaangemaal 3","VR2W-119064",52.437818,4.826197,2018-01-23 19:10:13,2018-01-23 19:10:13,1,NA,NA,NA,1748.328562,1748.328561,FALSE,NA,NA,NA,NA,NA,NA,TRUE
"710","A69-1602-2990",710,"Noordzeekanaal","Zaangemaal 3","VR2W-119064",52.437818,4.826197,2018-01-24 04:37:52,2018-01-24 04:37:52,1,NA,NA,NA,1748.328562,1748.328561,FALSE,NA,NA,NA,NA,NA,NA,TRUE
"711","A69-1602-2990",711,"Noordzeekanaal","Zaangemaal 3","VR2W-119064",52.437818,4.826197,2018-01-24 20:01:00,2018-01-24 20:01:00,1,NA,NA,NA,1748.328562,1748.328561,FALSE,NA,NA,NA,NA,NA,NA,TRUE
"712","A69-1602-2990",712,"Noordzeekanaal","Zaangemaal 3","VR2W-119064",52.437818,4.826197,2018-01-25 01:36:47,2018-01-25 01:36:47,1,NA,NA,NA,1748.328562,1748.328561,FALSE,NA,NA,NA,NA,NA,NA,TRUE
"713","A69-1602-2990",713,"Noordzeekanaal","Zaangemaal 3","VR2W-119064",52.437818,4.826197,2018-01-25 11:38:20,2018-01-25 11:38:20,1,NA,NA,NA,1748.328562,1748.328561,FALSE,NA,NA,NA,NA,NA,NA,TRUE
"714","A69-1602-2990",714,"Noordzeekanaal","Zaangemaal 3","VR2W-119064",52.437818,4.826197,2018-01-25 17:59:34,2018-01-25 17:59:34,1,NA,NA,NA,1748.328562,1748.328561,FALSE,NA,NA,NA,NA,NA,NA,TRUE
"715","A69-1602-2990",715,"Noordzeekanaal","Zaangemaal 3","VR2W-119064",52.437818,4.826197,2018-01-26 12:29:51,2018-01-26 12:29:51,1,NA,NA,NA,1748.328562,1748.328561,FALSE,NA,NA,NA,NA,NA,NA,TRUE
"716","A69-1602-2990",716,"Noordzeekanaal","Zaangemaal 3","VR2W-119064",52.437818,4.826197,2018-01-26 21:37:44,2018-01-27 06:11:50,43,NA,NA,NA,1748.328562,1748.328561,FALSE,NA,NA,NA,NA,NA,NA,TRUE
"717","A69-1602-2990",717,"Noordzeekanaal","Zaangemaal 3","VR2W-119064",52.437818,4.826197,2018-01-27 07:37:11,2018-01-27 07:37:11,1,NA,NA,NA,1748.328562,1748.328561,FALSE,NA,NA,NA,NA,NA,NA,TRUE
"718","A69-1602-2990",718,"Noordzeekanaal","Zaangemaal 3","VR2W-119064",52.437818,4.826197,2018-01-27 09:15:25,2018-01-27 09:28:18,3,NA,NA,NA,1748.328562,1748.328561,FALSE,NA,NA,NA,NA,NA,NA,TRUE
"719","A69-1602-2990",719,"Noordzeekanaal","Zaangemaal 3","VR2W-119064",52.437818,4.826197,2018-01-27 11:10:22,2018-01-27 11:10:22,1,NA,NA,NA,1748.328562,1748.328561,FALSE,NA,NA,NA,NA,NA,NA,TRUE
"720","A69-1602-2990",720,"Noordzeekanaal","Zaangemaal 3","VR2W-119064",52.437818,4.826197,2018-01-27 14:33:28,2018-01-27 14:50:51,2,NA,NA,NA,1748.328562,1748.328561,FALSE,NA,NA,NA,NA,NA,NA,TRUE
"721","A69-1602-2990",721,"Noordzeekanaal","Zaangemaal 3","VR2W-119064",52.437818,4.826197,2018-01-29 04:44:42,2018-01-29 04:44:42,1,NA,NA,NA,1748.328562,1748.328561,FALSE,NA,NA,NA,NA,NA,NA,TRUE
"722","A69-1602-2990",722,"Noordzeekanaal","Zaangemaal 3","VR2W-119064",52.437818,4.826197,2018-01-29 21:31:09,2018-01-30 10:35:14,64,NA,NA,NA,1748.328562,1748.328561,FALSE,NA,NA,NA,NA,NA,NA,TRUE
"723","A69-1602-2990",723,"Noordzeekanaal","Zaangemaal 3","VR2W-119064",52.437818,4.826197,2018-01-30 12:01:21,2018-01-30 12:56:27,2,NA,NA,NA,1748.328562,1748.328561,FALSE,NA,NA,NA,NA,NA,NA,TRUE
"724","A69-1602-2990",724,"Noordzeekanaal","Zaangemaal 3","VR2W-119064",52.437818,4.826197,2018-01-30 14:12:24,2018-01-30 21:36:36,41,NA,NA,NA,1748.328562,1748.328561,FALSE,NA,NA,NA,NA,NA,NA,TRUE
"725","A69-1602-2990",725,"Noordzeekanaal","Zaangemaal 3","VR2W-119064",52.437818,4.826197,2018-01-31 01:21:55,2018-01-31 01:21:55,1,NA,NA,NA,1748.328562,1748.328561,FALSE,NA,NA,NA,NA,NA,NA,TRUE
"726","A69-1602-2990",726,"Noordzeekanaal","Zaangemaal 3","VR2W-119064",52.437818,4.826197,2018-02-01 08:53:56,2018-02-01 08:54:47,2,NA,NA,NA,1748.328562,1748.328561,FALSE,NA,NA,NA,NA,NA,NA,TRUE
"727","A69-1602-2990",727,"Noordzeekanaal","Zaangemaal 3","VR2W-119064",52.437818,4.826197,2018-02-02 04:58:43,2018-02-02 04:58:43,1,NA,NA,NA,1748.328562,1748.328561,FALSE,NA,NA,NA,NA,NA,NA,TRUE
"728","A69-1602-2990",728,"Noordzeekanaal","Zaangemaal 3","VR2W-119064",52.437818,4.826197,2018-02-02 06:26:38,2018-02-02 11:26:06,37,NA,NA,NA,1748.328562,1748.328561,FALSE,NA,NA,NA,NA,NA,NA,TRUE
"729","A69-1602-2990",729,"Noordzeekanaal","Zaangemaal 3","VR2W-119064",52.437818,4.826197,2018-02-02 16:35:33,2018-02-02 16:35:33,1,NA,NA,NA,1748.328562,1748.328561,FALSE,NA,NA,NA,NA,NA,NA,TRUE
"730","A69-1602-2990",730,"Noordzeekanaal","Zaangemaal 3","VR2W-119064",52.437818,4.826197,2018-02-02 18:09:34,2018-02-02 18:55:11,2,NA,NA,NA,1748.328562,1748.328561,FALSE,NA,NA,NA,NA,NA,NA,TRUE
"731","A69-1602-2990",731,"Noordzeekanaal","Zaangemaal 3","VR2W-119064",52.437818,4.826197,2018-02-02 20:02:49,2018-02-03 08:04:56,194,NA,NA,NA,1748.328562,1748.328561,FALSE,NA,NA,NA,NA,NA,NA,TRUE
"732","A69-1602-2990",732,"Noordzeekanaal","Zaangemaal 3","VR2W-119064",52.437818,4.826197,2018-02-03 09:11:58,2018-02-03 23:33:17,105,NA,NA,NA,1748.328562,1748.328561,FALSE,NA,NA,NA,NA,NA,NA,TRUE
"733","A69-1602-2990",733,"Noordzeekanaal","Zaangemaal 3","VR2W-119064",52.437818,4.826197,2018-02-04 00:41:59,2018-02-04 05:16:06,27,NA,NA,NA,1748.328562,1748.328561,FALSE,NA,NA,NA,NA,NA,NA,TRUE
"734","A69-1602-2990",734,"Noordzeekanaal","Zaangemaal 3","VR2W-119064",52.437818,4.826197,2018-02-04 06:35:09,2018-02-04 06:50:03,3,NA,NA,NA,1748.328562,1748.328561,FALSE,NA,NA,NA,NA,NA,NA,TRUE
"735","A69-1602-2990",735,"Noordzeekanaal","Zaangemaal 3","VR2W-119064",52.437818,4.826197,2018-02-04 08:47:35,2018-02-04 09:43:19,3,NA,NA,NA,1748.328562,1748.328561,FALSE,NA,NA,NA,NA,NA,NA,TRUE
"736","A69-1602-2990",736,"Noordzeekanaal","Zaangemaal 3","VR2W-119064",52.437818,4.826197,2018-02-04 14:14:10,2018-02-04 14:14:10,1,NA,NA,NA,1748.328562,1748.328561,FALSE,NA,NA,NA,NA,NA,NA,TRUE
"737","A69-1602-2990",737,"Noordzeekanaal","Zaangemaal 3","VR2W-119064",52.437818,4.826197,2018-02-04 16:13:27,2018-02-04 16:13:27,1,NA,NA,NA,1748.328562,1748.328561,FALSE,NA,NA,NA,NA,NA,NA,TRUE
"738","A69-1602-2990",738,"Noordzeekanaal","Zaangemaal 3","VR2W-119064",52.437818,4.826197,2018-02-04 18:13:17,2018-02-04 19:53:43,5,NA,NA,NA,1748.328562,1748.328561,FALSE,NA,NA,NA,NA,NA,NA,TRUE
"739","A69-1602-2990",739,"Noordzeekanaal","Zaangemaal 3","VR2W-119064",52.437818,4.826197,2018-02-04 21:15:39,2018-02-04 21:15:39,1,NA,NA,NA,1748.328562,1748.328561,FALSE,NA,NA,NA,NA,NA,NA,TRUE
"740","A69-1602-2990",740,"Noordzeekanaal","Zaangemaal 3","VR2W-119064",52.437818,4.826197,2018-02-04 23:29:29,2018-02-05 01:11:57,12,NA,NA,NA,1748.328562,1748.328561,FALSE,NA,NA,NA,NA,NA,NA,TRUE
"741","A69-1602-2990",741,"Noordzeekanaal","Zaangemaal 3","VR2W-119064",52.437818,4.826197,2018-02-05 02:20:39,2018-02-05 05:45:16,25,NA,NA,NA,1748.328562,1748.328561,FALSE,NA,NA,NA,NA,NA,NA,TRUE
"742","A69-1602-2990",742,"Noordzeekanaal","Zaangemaal 3","VR2W-119064",52.437818,4.826197,2018-02-05 07:20:45,2018-02-05 09:51:09,18,NA,NA,NA,1748.328562,1748.328561,FALSE,NA,NA,NA,NA,NA,NA,TRUE
"743","A69-1602-2990",743,"Noordzeekanaal","Zaangemaal 3","VR2W-119064",52.437818,4.826197,2018-02-05 11:02:02,2018-02-05 12:29:47,8,NA,NA,NA,1748.328562,1748.328561,FALSE,NA,NA,NA,NA,NA,NA,TRUE
"744","A69-1602-2990",744,"Noordzeekanaal","Zaangemaal 3","VR2W-119064",52.437818,4.826197,2018-02-05 14:06:23,2018-02-05 22:07:21,74,NA,NA,NA,1748.328562,1748.328561,FALSE,NA,NA,NA,NA,NA,NA,TRUE
"745","A69-1602-2990",745,"Noordzeekanaal","Zaangemaal 3","VR2W-119064",52.437818,4.826197,2018-02-05 23:30:51,2018-02-05 23:40:28,2,NA,NA,NA,1748.328562,1748.328561,FALSE,NA,NA,NA,NA,NA,NA,TRUE
"746","A69-1602-2990",746,"Noordzeekanaal","Zaangemaal 3","VR2W-119064",52.437818,4.826197,2018-02-06 00:48:42,2018-02-06 00:48:42,1,NA,NA,NA,1748.328562,1748.328561,FALSE,NA,NA,NA,NA,NA,NA,TRUE
"747","A69-1602-2990",747,"Noordzeekanaal","Zaangemaal 3","VR2W-119064",52.437818,4.826197,2018-02-06 08:02:44,2018-02-06 08:32:33,4,NA,NA,NA,1748.328562,1748.328561,FALSE,NA,NA,NA,NA,NA,NA,TRUE
"748","A69-1602-2990",748,"Noordzeekanaal","Zaangemaal 3","VR2W-119064",52.437818,4.826197,2018-02-06 10:48:28,2018-02-06 10:49:46,3,NA,NA,NA,1748.328562,1748.328561,FALSE,NA,NA,NA,NA,NA,NA,TRUE
"749","A69-1602-2990",749,"Noordzeekanaal","Zaangemaal 3","VR2W-119064",52.437818,4.826197,2018-02-06 13:57:23,2018-02-06 15:19:50,18,NA,NA,NA,1748.328562,1748.328561,FALSE,NA,NA,NA,NA,NA,NA,TRUE
"750","A69-1602-2990",750,"Noordzeekanaal","Zaangemaal 3","VR2W-119064",52.437818,4.826197,2018-02-06 16:30:12,2018-02-06 22:29:03,78,NA,NA,NA,1748.328562,1748.328561,FALSE,NA,NA,NA,NA,NA,NA,TRUE
"751","A69-1602-2990",751,"Noordzeekanaal","Zaangemaal 3","VR2W-119064",52.437818,4.826197,2018-02-07 00:42:27,2018-02-07 00:42:27,1,NA,NA,NA,1748.328562,1748.328561,FALSE,NA,NA,NA,NA,NA,NA,TRUE
"752","A69-1602-2990",752,"Noordzeekanaal","Zaangemaal 3","VR2W-119064",52.437818,4.826197,2018-02-07 05:08:53,2018-02-07 23:31:00,245,NA,NA,NA,1748.328562,1748.328561,FALSE,NA,NA,NA,NA,NA,NA,TRUE
"753","A69-1602-2990",753,"Noordzeekanaal","Zaangemaal 3","VR2W-119064",52.437818,4.826197,2018-02-08 03:34:29,2018-02-08 03:35:17,2,NA,NA,NA,1748.328562,1748.328561,FALSE,NA,NA,NA,NA,NA,NA,TRUE
"754","A69-1602-2990",754,"Noordzeekanaal","Zaangemaal 3","VR2W-119064",52.437818,4.826197,2018-02-08 06:16:47,2018-02-08 06:16:47,1,NA,NA,NA,1748.328562,1748.328561,FALSE,NA,NA,NA,NA,NA,NA,TRUE
"755","A69-1602-2990",755,"Noordzeekanaal","Zaangemaal 3","VR2W-119064",52.437818,4.826197,2018-02-08 07:58:01,2018-02-08 07:58:01,1,NA,NA,NA,1748.328562,1748.328561,FALSE,NA,NA,NA,NA,NA,NA,TRUE
"756","A69-1602-2990",756,"Noordzeekanaal","Zaangemaal 3","VR2W-119064",52.437818,4.826197,2018-02-08 09:10:59,2018-02-08 09:24:27,4,NA,NA,NA,1748.328562,1748.328561,FALSE,NA,NA,NA,NA,NA,NA,TRUE
"757","A69-1602-2990",757,"Noordzeekanaal","Zaangemaal 3","VR2W-119064",52.437818,4.826197,2018-02-08 10:54:06,2018-02-08 20:43:50,233,NA,NA,NA,1748.328562,1748.328561,FALSE,NA,NA,NA,NA,NA,NA,TRUE
"758","A69-1602-2990",758,"Noordzeekanaal","Zaangemaal 3","VR2W-119064",52.437818,4.826197,2018-02-08 23:35:48,2018-02-08 23:52:05,4,NA,NA,NA,1748.328562,1748.328561,FALSE,NA,NA,NA,NA,NA,NA,TRUE
"759","A69-1602-2990",759,"Noordzeekanaal","Zaangemaal 3","VR2W-119064",52.437818,4.826197,2018-02-09 01:05:25,2018-02-09 01:38:31,8,NA,NA,NA,1748.328562,1748.328561,FALSE,NA,NA,NA,NA,NA,NA,TRUE
"760","A69-1602-2990",760,"Noordzeekanaal","Zaangemaal 3","VR2W-119064",52.437818,4.826197,2018-02-09 02:58:01,2018-02-09 03:17:45,18,NA,NA,NA,1748.328562,1748.328561,FALSE,NA,NA,NA,NA,NA,NA,TRUE
"761","A69-1602-2990",761,"Noordzeekanaal","Zaangemaal 3","VR2W-119064",52.437818,4.826197,2018-02-09 05:05:20,2018-02-09 07:38:23,19,NA,NA,NA,1748.328562,1748.328561,FALSE,NA,NA,NA,NA,NA,NA,TRUE
"762","A69-1602-2990",762,"Noordzeekanaal","Zaangemaal 3","VR2W-119064",52.437818,4.826197,2018-02-09 14:56:52,2018-02-09 16:22:09,6,NA,NA,NA,1748.328562,1748.328561,FALSE,NA,NA,NA,NA,NA,NA,TRUE
"763","A69-1602-2990",763,"Noordzeekanaal","Zaangemaal 3","VR2W-119064",52.437818,4.826197,2018-02-09 19:34:18,2018-02-09 20:00:08,3,NA,NA,NA,1748.328562,1748.328561,FALSE,NA,NA,NA,NA,NA,NA,TRUE
"764","A69-1602-2990",764,"Noordzeekanaal","Zaangemaal 3","VR2W-119064",52.437818,4.826197,2018-02-09 22:48:38,2018-02-10 00:14:49,10,NA,NA,NA,1748.328562,1748.328561,FALSE,NA,NA,NA,NA,NA,NA,TRUE
"765","A69-1602-2990",765,"Noordzeekanaal","Zaangemaal 3","VR2W-119064",52.437818,4.826197,2018-02-10 10:24:52,2018-02-10 10:24:52,1,NA,NA,NA,1748.328562,1748.328561,FALSE,NA,NA,NA,NA,NA,NA,TRUE
"766","A69-1602-2990",766,"Noordzeekanaal","Zaangemaal 3","VR2W-119064",52.437818,4.826197,2018-02-10 11:39:11,2018-02-10 11:39:11,1,NA,NA,NA,1748.328562,1748.328561,FALSE,NA,NA,NA,NA,NA,NA,TRUE
"767","A69-1602-2990",767,"Noordzeekanaal","Zaangemaal 3","VR2W-119064",52.437818,4.826197,2018-02-10 15:47:25,2018-02-10 15:47:25,1,NA,NA,NA,1748.328562,1748.328561,FALSE,NA,NA,NA,NA,NA,NA,TRUE
"768","A69-1602-2990",768,"Noordzeekanaal","Zaangemaal 3","VR2W-119064",52.437818,4.826197,2018-02-10 16:50:23,2018-02-10 17:35:20,2,NA,NA,NA,1748.328562,1748.328561,FALSE,NA,NA,NA,NA,NA,NA,TRUE
"769","A69-1602-2990",769,"Noordzeekanaal","Zaangemaal 3","VR2W-119064",52.437818,4.826197,2018-02-11 08:41:26,2018-02-11 09:01:44,2,NA,NA,NA,1748.328562,1748.328561,FALSE,NA,NA,NA,NA,NA,NA,TRUE
"770","A69-1602-2990",770,"Noordzeekanaal","Zaangemaal 3","VR2W-119064",52.437818,4.826197,2018-02-11 13:11:59,2018-02-11 16:22:04,6,NA,NA,NA,1748.328562,1748.328561,FALSE,NA,NA,NA,NA,NA,NA,TRUE
"771","A69-1602-2990",771,"Noordzeekanaal","Zaangemaal 3","VR2W-119064",52.437818,4.826197,2018-02-11 18:04:35,2018-02-11 18:07:39,2,NA,NA,NA,1748.328562,1748.328561,FALSE,NA,NA,NA,NA,NA,NA,TRUE
"772","A69-1602-2990",772,"Noordzeekanaal","Zaangemaal 3","VR2W-119064",52.437818,4.826197,2018-02-11 19:20:32,2018-02-11 19:20:32,1,NA,NA,NA,1748.328562,1748.328561,FALSE,NA,NA,NA,NA,NA,NA,TRUE
"773","A69-1602-2990",773,"Noordzeekanaal","Zaangemaal 3","VR2W-119064",52.437818,4.826197,2018-02-11 21:29:55,2018-02-11 21:29:55,1,NA,NA,NA,1748.328562,1748.328561,FALSE,NA,NA,NA,NA,NA,NA,TRUE
"774","A69-1602-2990",774,"Noordzeekanaal","Zaangemaal 3","VR2W-119064",52.437818,4.826197,2018-02-11 23:15:45,2018-02-12 00:39:22,8,NA,NA,NA,1748.328562,1748.328561,FALSE,NA,NA,NA,NA,NA,NA,TRUE
"775","A69-1602-2990",775,"Noordzeekanaal","Zaangemaal 3","VR2W-119064",52.437818,4.826197,2018-02-12 03:05:13,2018-02-12 06:12:45,16,NA,NA,NA,1748.328562,1748.328561,FALSE,NA,NA,NA,NA,NA,NA,TRUE
"776","A69-1602-2990",776,"Noordzeekanaal","Zaangemaal 3","VR2W-119064",52.437818,4.826197,2018-02-12 07:25:33,2018-02-12 07:25:33,1,NA,NA,NA,1748.328562,1748.328561,FALSE,NA,NA,NA,NA,NA,NA,TRUE
"777","A69-1602-2990",777,"Noordzeekanaal","Zaangemaal 3","VR2W-119064",52.437818,4.826197,2018-02-12 10:02:30,2018-02-12 11:12:43,3,NA,NA,NA,1748.328562,1748.328561,FALSE,NA,NA,NA,NA,NA,NA,TRUE
"778","A69-1602-2990",778,"Noordzeekanaal","Zaangemaal 3","VR2W-119064",52.437818,4.826197,2018-02-12 13:09:03,2018-02-12 13:20:29,3,NA,NA,NA,1748.328562,1748.328561,FALSE,NA,NA,NA,NA,NA,NA,TRUE
"779","A69-1602-2990",779,"Noordzeekanaal","Zaangemaal 3","VR2W-119064",52.437818,4.826197,2018-02-12 17:28:34,2018-02-12 18:16:38,2,NA,NA,NA,1748.328562,1748.328561,FALSE,NA,NA,NA,NA,NA,NA,TRUE
"780","A69-1602-2990",780,"Noordzeekanaal","Zaangemaal 3","VR2W-119064",52.437818,4.826197,2018-02-13 00:46:41,2018-02-13 00:46:41,1,NA,NA,NA,1748.328562,1748.328561,FALSE,NA,NA,NA,NA,NA,NA,TRUE
"781","A69-1602-2990",781,"Noordzeekanaal","Zaangemaal 3","VR2W-119064",52.437818,4.826197,2018-02-13 01:48:30,2018-02-13 01:48:30,1,NA,NA,NA,1748.328562,1748.328561,FALSE,NA,NA,NA,NA,NA,NA,TRUE
"782","A69-1602-2990",782,"Noordzeekanaal","Zaangemaal 3","VR2W-119064",52.437818,4.826197,2018-02-13 06:00:47,2018-02-13 06:00:47,1,NA,NA,NA,1748.328562,1748.328561,FALSE,NA,NA,NA,NA,NA,NA,TRUE
"783","A69-1602-2990",783,"Noordzeekanaal","Zaangemaal 3","VR2W-119064",52.437818,4.826197,2018-02-13 07:44:46,2018-02-13 07:44:46,1,NA,NA,NA,1748.328562,1748.328561,FALSE,NA,NA,NA,NA,NA,NA,TRUE
"784","A69-1602-2990",784,"Noordzeekanaal","Zaangemaal 3","VR2W-119064",52.437818,4.826197,2018-02-13 09:23:07,2018-02-13 09:38:50,2,NA,NA,NA,1748.328562,1748.328561,FALSE,NA,NA,NA,NA,NA,NA,TRUE
"785","A69-1602-2990",785,"Noordzeekanaal","Zaangemaal 3","VR2W-119064",52.437818,4.826197,2018-02-13 12:14:48,2018-02-13 12:14:48,1,NA,NA,NA,1748.328562,1748.328561,FALSE,NA,NA,NA,NA,NA,NA,TRUE
"786","A69-1602-2990",786,"Noordzeekanaal","Zaangemaal 3","VR2W-119064",52.437818,4.826197,2018-02-13 14:38:32,2018-02-13 19:15:46,67,NA,NA,NA,1748.328562,1748.328561,FALSE,NA,NA,NA,NA,NA,NA,TRUE
"787","A69-1602-2990",787,"Noordzeekanaal","Zaangemaal 3","VR2W-119064",52.437818,4.826197,2018-02-14 01:16:46,2018-02-14 01:51:03,7,NA,NA,NA,1748.328562,1748.328561,FALSE,NA,NA,NA,NA,NA,NA,TRUE
"788","A69-1602-2990",788,"Noordzeekanaal","Zaangemaal 3","VR2W-119064",52.437818,4.826197,2018-02-14 09:23:58,2018-02-14 09:29:11,3,NA,NA,NA,1748.328562,1748.328561,FALSE,NA,NA,NA,NA,NA,NA,TRUE
"789","A69-1602-2990",789,"Noordzeekanaal","Zaangemaal 3","VR2W-119064",52.437818,4.826197,2018-02-14 15:00:06,2018-02-14 16:47:15,11,NA,NA,NA,1748.328562,1748.328561,FALSE,NA,NA,NA,NA,NA,NA,TRUE
"790","A69-1602-2990",790,"Noordzeekanaal","Zaangemaal 3","VR2W-119064",52.437818,4.826197,2018-02-14 21:31:34,2018-02-14 21:31:34,1,NA,NA,NA,1748.328562,1748.328561,FALSE,NA,NA,NA,NA,NA,NA,TRUE
"791","A69-1602-2990",791,"Noordzeekanaal","Zaangemaal 3","VR2W-119064",52.437818,4.826197,2018-02-15 07:04:03,2018-02-15 07:23:21,4,NA,NA,NA,1748.328562,1748.328561,FALSE,NA,NA,NA,NA,NA,NA,TRUE
"792","A69-1602-2990",792,"Noordzeekanaal","Zaangemaal 3","VR2W-119064",52.437818,4.826197,2018-02-15 08:34:10,2018-02-15 12:48:03,75,NA,NA,NA,1748.328562,1748.328561,FALSE,NA,NA,NA,NA,NA,NA,TRUE
"793","A69-1602-2990",793,"Noordzeekanaal","Zaangemaal 3","VR2W-119064",52.437818,4.826197,2018-02-15 14:20:45,2018-02-15 15:47:32,14,NA,NA,NA,1748.328562,1748.328561,FALSE,NA,NA,NA,NA,NA,NA,TRUE
"794","A69-1602-2990",794,"Noordzeekanaal","Zaangemaal 3","VR2W-119064",52.437818,4.826197,2018-02-15 17:46:41,2018-02-15 17:46:41,1,NA,NA,NA,1748.328562,1748.328561,FALSE,NA,NA,NA,NA,NA,NA,TRUE
"795","A69-1602-2990",795,"Noordzeekanaal","Zaangemaal 3","VR2W-119064",52.437818,4.826197,2018-02-15 22:15:48,2018-02-15 22:15:48,1,NA,NA,NA,1748.328562,1748.328561,FALSE,NA,NA,NA,NA,NA,NA,TRUE
"796","A69-1602-2990",796,"Noordzeekanaal","Zaangemaal 3","VR2W-119064",52.437818,4.826197,2018-02-16 00:42:51,2018-02-16 02:20:32,31,NA,NA,NA,1748.328562,1748.328561,FALSE,NA,NA,NA,NA,NA,NA,TRUE
"797","A69-1602-2990",797,"Noordzeekanaal","Zaangemaal 3","VR2W-119064",52.437818,4.826197,2018-02-16 03:48:46,2018-02-16 10:22:59,60,NA,NA,NA,1748.328562,1748.328561,FALSE,NA,NA,NA,NA,NA,NA,TRUE
"798","A69-1602-2990",798,"Noordzeekanaal","Zaangemaal 3","VR2W-119064",52.437818,4.826197,2018-02-16 11:51:42,2018-02-16 14:28:54,16,NA,NA,NA,1748.328562,1748.328561,FALSE,NA,NA,NA,NA,NA,NA,TRUE
"799","A69-1602-2990",799,"Noordzeekanaal","Zaangemaal 3","VR2W-119064",52.437818,4.826197,2018-02-17 00:32:47,2018-02-17 01:04:04,7,NA,NA,NA,1748.328562,1748.328561,FALSE,NA,NA,NA,NA,NA,NA,TRUE
"800","A69-1602-2990",800,"Noordzeekanaal","Zaangemaal 3","VR2W-119064",52.437818,4.826197,2018-02-17 02:07:14,2018-02-17 11:21:20,148,NA,NA,NA,1748.328562,1748.328561,FALSE,NA,NA,NA,NA,NA,NA,TRUE
"801","A69-1602-2990",801,"Noordzeekanaal","Zaangemaal 3","VR2W-119064",52.437818,4.826197,2018-02-17 12:24:00,2018-02-18 08:21:17,261,NA,NA,NA,1748.328562,1748.328561,FALSE,NA,NA,NA,NA,NA,NA,TRUE
"802","A69-1602-2990",802,"Noordzeekanaal","Zaangemaal 3","VR2W-119064",52.437818,4.826197,2018-02-18 09:49:44,2018-02-18 09:49:44,1,NA,NA,NA,1748.328562,1748.328561,FALSE,NA,NA,NA,NA,NA,NA,TRUE
"803","A69-1602-2990",803,"Noordzeekanaal","Zaangemaal 3","VR2W-119064",52.437818,4.826197,2018-02-19 00:45:55,2018-02-19 00:46:48,2,NA,NA,NA,1748.328562,1748.328561,FALSE,NA,NA,NA,NA,NA,NA,TRUE
"804","A69-1602-2990",804,"Noordzeekanaal","Zaangemaal 3","VR2W-119064",52.437818,4.826197,2018-02-19 06:26:26,2018-02-19 07:20:05,7,NA,NA,NA,1748.328562,1748.328561,FALSE,NA,NA,NA,NA,NA,NA,TRUE
"805","A69-1602-2990",805,"Noordzeekanaal","Zaangemaal 3","VR2W-119064",52.437818,4.826197,2018-02-19 08:23:29,2018-02-19 09:45:38,41,NA,NA,NA,1748.328562,1748.328561,FALSE,NA,NA,NA,NA,NA,NA,TRUE
"806","A69-1602-2990",806,"Noordzeekanaal","Zaangemaal 3","VR2W-119064",52.437818,4.826197,2018-02-19 11:07:49,2018-02-19 15:32:20,124,NA,NA,NA,1748.328562,1748.328561,FALSE,NA,NA,NA,NA,NA,NA,TRUE
"807","A69-1602-2990",807,"Noordzeekanaal","Zaangemaal 3","VR2W-119064",52.437818,4.826197,2018-02-19 16:42:09,2018-02-20 00:57:20,192,NA,NA,NA,1748.328562,1748.328561,FALSE,NA,NA,NA,NA,NA,NA,TRUE
"808","A69-1602-2990",808,"Noordzeekanaal","Zaangemaal 3","VR2W-119064",52.437818,4.826197,2018-02-20 07:53:23,2018-02-20 10:54:21,10,NA,NA,NA,1748.328562,1748.328561,FALSE,NA,NA,NA,NA,NA,NA,TRUE
"809","A69-1602-2990",809,"Noordzeekanaal","Zaangemaal 3","VR2W-119064",52.437818,4.826197,2018-02-20 12:07:06,2018-02-20 19:33:04,60,NA,NA,NA,1748.328562,1748.328561,FALSE,NA,NA,NA,NA,NA,NA,TRUE
"810","A69-1602-2990",810,"Noordzeekanaal","Zaangemaal 3","VR2W-119064",52.437818,4.826197,2018-02-20 21:07:21,2018-02-20 21:07:21,1,NA,NA,NA,1748.328562,1748.328561,FALSE,NA,NA,NA,NA,NA,NA,TRUE
"811","A69-1602-2990",811,"Noordzeekanaal","Zaangemaal 3","VR2W-119064",52.437818,4.826197,2018-02-20 23:22:49,2018-02-20 23:22:49,1,NA,NA,NA,1748.328562,1748.328561,FALSE,NA,NA,NA,NA,NA,NA,TRUE
"812","A69-1602-2990",812,"Noordzeekanaal","Zaangemaal 3","VR2W-119064",52.437818,4.826197,2018-02-21 01:32:39,2018-02-21 03:18:38,36,NA,NA,NA,1748.328562,1748.328561,FALSE,NA,NA,NA,NA,NA,NA,TRUE
"813","A69-1602-2990",813,"Noordzeekanaal","Zaangemaal 3","VR2W-119064",52.437818,4.826197,2018-02-21 05:20:18,2018-02-23 00:13:45,1017,NA,NA,NA,1748.328562,1748.328561,FALSE,NA,NA,NA,NA,NA,NA,TRUE
"814","A69-1602-2990",814,"Noordzeekanaal","Zaangemaal 3","VR2W-119064",52.437818,4.826197,2018-02-23 02:51:44,2018-02-23 03:23:18,2,NA,NA,NA,1748.328562,1748.328561,FALSE,NA,NA,NA,NA,NA,NA,TRUE
"815","A69-1602-2990",815,"Noordzeekanaal","Zaangemaal 3","VR2W-119064",52.437818,4.826197,2018-02-23 04:54:20,2018-02-23 06:51:24,14,NA,NA,NA,1748.328562,1748.328561,FALSE,NA,NA,NA,NA,NA,NA,TRUE
"816","A69-1602-2990",816,"Noordzeekanaal","Zaangemaal 3","VR2W-119064",52.437818,4.826197,2018-02-23 08:30:44,2018-02-23 08:49:10,2,NA,NA,NA,1748.328562,1748.328561,FALSE,NA,NA,NA,NA,NA,NA,TRUE
"817","A69-1602-2990",817,"Noordzeekanaal","Zaangemaal 3","VR2W-119064",52.437818,4.826197,2018-02-23 10:17:45,2018-02-23 13:22:18,21,NA,NA,NA,1748.328562,1748.328561,FALSE,NA,NA,NA,NA,NA,NA,TRUE
"818","A69-1602-2990",818,"Noordzeekanaal","Zaangemaal 3","VR2W-119064",52.437818,4.826197,2018-02-23 14:55:24,2018-02-24 01:35:23,116,NA,NA,NA,1748.328562,1748.328561,FALSE,NA,NA,NA,NA,NA,NA,TRUE
"819","A69-1602-2990",819,"Noordzeekanaal","Zaangemaal 3","VR2W-119064",52.437818,4.826197,2018-02-24 02:37:43,2018-02-24 02:52:50,2,NA,NA,NA,1748.328562,1748.328561,FALSE,NA,NA,NA,NA,NA,NA,TRUE
"820","A69-1602-2990",820,"Noordzeekanaal","Zaangemaal 3","VR2W-119064",52.437818,4.826197,2018-02-24 05:11:28,2018-02-24 08:02:26,17,NA,NA,NA,1748.328562,1748.328561,FALSE,NA,NA,NA,NA,NA,NA,TRUE
"821","A69-1602-2990",821,"Noordzeekanaal","Zaangemaal 3","VR2W-119064",52.437818,4.826197,2018-02-24 09:29:47,2018-02-25 01:54:10,452,NA,NA,NA,1748.328562,1748.328561,FALSE,NA,NA,NA,NA,NA,NA,TRUE
"822","A69-1602-2990",822,"Noordzeekanaal","Zaangemaal 3","VR2W-119064",52.437818,4.826197,2018-02-25 15:27:43,2018-02-25 15:40:54,2,NA,NA,NA,1748.328562,1748.328561,FALSE,NA,NA,NA,NA,NA,NA,TRUE
"823","A69-1602-2990",823,"Noordzeekanaal","Zaangemaal 3","VR2W-119064",52.437818,4.826197,2018-02-25 22:59:38,2018-02-26 08:27:40,102,NA,NA,NA,1748.328562,1748.328561,FALSE,NA,NA,NA,NA,NA,NA,TRUE
"824","A69-1602-2990",824,"Noordzeekanaal","Zaangemaal 3","VR2W-119064",52.437818,4.826197,2018-02-26 11:01:11,2018-02-26 12:41:11,23,NA,NA,NA,1748.328562,1748.328561,FALSE,NA,NA,NA,NA,NA,NA,TRUE
"825","A69-1602-2990",825,"Noordzeekanaal","Zaangemaal 3","VR2W-119064",52.437818,4.826197,2018-02-26 13:45:29,2018-02-28 02:12:49,820,NA,NA,NA,1748.328562,1748.328561,FALSE,NA,NA,NA,NA,NA,NA,TRUE
"826","A69-1602-2990",826,"Noordzeekanaal","Zaangemaal 3","VR2W-119064",52.437818,4.826197,2018-02-28 03:58:42,2018-02-28 07:58:00,27,NA,NA,NA,1748.328562,1748.328561,FALSE,NA,NA,NA,NA,NA,NA,TRUE
"827","A69-1602-2990",827,"Noordzeekanaal","Zaangemaal 3","VR2W-119064",52.437818,4.826197,2018-02-28 09:26:05,2018-02-28 09:31:34,5,NA,NA,NA,1748.328562,1748.328561,FALSE,NA,NA,NA,NA,NA,NA,TRUE
"828","A69-1602-2990",828,"Noordzeekanaal","Zaangemaal 3","VR2W-119064",52.437818,4.826197,2018-02-28 10:50:42,2018-02-28 19:55:20,130,NA,NA,NA,1748.328562,1748.328561,FALSE,NA,NA,NA,NA,NA,NA,TRUE
"829","A69-1602-2990",829,"Noordzeekanaal","Zaangemaal 3","VR2W-119064",52.437818,4.826197,2018-02-28 22:24:28,2018-03-01 03:48:07,65,NA,NA,NA,1748.328562,1748.328561,FALSE,NA,NA,NA,NA,NA,NA,TRUE
"830","A69-1602-2990",830,"Noordzeekanaal","Zaangemaal 3","VR2W-119064",52.437818,4.826197,2018-03-01 05:10:23,2018-03-01 05:10:23,1,NA,NA,NA,1748.328562,1748.328561,FALSE,NA,NA,NA,NA,NA,NA,TRUE
"831","A69-1602-2990",831,"Noordzeekanaal","Zaangemaal 3","VR2W-119064",52.437818,4.826197,2018-03-01 06:35:51,2018-03-01 06:35:51,1,NA,NA,NA,1748.328562,1748.328561,FALSE,NA,NA,NA,NA,NA,NA,TRUE
"832","A69-1602-2990",832,"Noordzeekanaal","Zaangemaal 3","VR2W-119064",52.437818,4.826197,2018-03-01 17:16:50,2018-03-01 17:42:57,2,NA,NA,NA,1748.328562,1748.328561,FALSE,NA,NA,NA,NA,NA,NA,TRUE
"833","A69-1602-2990",833,"Noordzeekanaal","Zaangemaal 3","VR2W-119064",52.437818,4.826197,2018-03-01 20:00:14,2018-03-01 20:00:14,1,NA,NA,NA,1748.328562,1748.328561,FALSE,NA,NA,NA,NA,NA,NA,TRUE
"834","A69-1602-2990",834,"Noordzeekanaal","Zaangemaal 3","VR2W-119064",52.437818,4.826197,2018-03-01 21:28:37,2018-03-01 21:28:37,1,NA,NA,NA,1748.328562,1748.328561,FALSE,NA,NA,NA,NA,NA,NA,TRUE
"835","A69-1602-2990",835,"Noordzeekanaal","Zaangemaal 3","VR2W-119064",52.437818,4.826197,2018-03-02 00:32:45,2018-03-02 03:35:06,11,NA,NA,NA,1748.328562,1748.328561,FALSE,NA,NA,NA,NA,NA,NA,TRUE
"836","A69-1602-2990",836,"Noordzeekanaal","Zaangemaal 3","VR2W-119064",52.437818,4.826197,2018-03-02 16:59:12,2018-03-02 16:59:12,1,NA,NA,NA,1748.328562,1748.328561,FALSE,NA,NA,NA,NA,NA,NA,TRUE
"837","A69-1602-2990",837,"Noordzeekanaal","Zaangemaal 3","VR2W-119064",52.437818,4.826197,2018-03-03 01:39:20,2018-03-03 02:35:54,2,NA,NA,NA,1748.328562,1748.328561,FALSE,NA,NA,NA,NA,NA,NA,TRUE
"838","A69-1602-2990",838,"Noordzeekanaal","Zaangemaal 3","VR2W-119064",52.437818,4.826197,2018-03-03 04:09:14,2018-03-03 08:56:52,37,NA,NA,NA,1748.328562,1748.328561,FALSE,NA,NA,NA,NA,NA,NA,TRUE
"839","A69-1602-2990",839,"Noordzeekanaal","Zaangemaal 3","VR2W-119064",52.437818,4.826197,2018-03-03 10:16:51,2018-03-03 10:16:51,1,NA,NA,NA,1748.328562,1748.328561,FALSE,NA,NA,NA,NA,NA,NA,TRUE
"840","A69-1602-2990",840,"Noordzeekanaal","Zaangemaal 3","VR2W-119064",52.437818,4.826197,2018-03-03 12:32:56,2018-03-03 13:14:14,4,NA,NA,NA,1748.328562,1748.328561,FALSE,NA,NA,NA,NA,NA,NA,TRUE
"841","A69-1602-2990",841,"Noordzeekanaal","Zaangemaal 3","VR2W-119064",52.437818,4.826197,2018-03-03 14:16:09,2018-03-03 15:15:30,6,NA,NA,NA,1748.328562,1748.328561,FALSE,NA,NA,NA,NA,NA,NA,TRUE
"842","A69-1602-2990",842,"Noordzeekanaal","Zaangemaal 3","VR2W-119064",52.437818,4.826197,2018-03-03 22:00:03,2018-03-04 11:08:30,156,NA,NA,NA,1748.328562,1748.328561,FALSE,NA,NA,NA,NA,NA,NA,TRUE
"843","A69-1602-2990",843,"Noordzeekanaal","Zaangemaal 3","VR2W-119064",52.437818,4.826197,2018-03-04 13:03:40,2018-03-04 13:22:07,3,NA,NA,NA,1748.328562,1748.328561,FALSE,NA,NA,NA,NA,NA,NA,TRUE
"844","A69-1602-2990",844,"Noordzeekanaal","Zaangemaal 3","VR2W-119064",52.437818,4.826197,2018-03-04 14:50:04,2018-03-04 15:54:31,3,NA,NA,NA,1748.328562,1748.328561,FALSE,NA,NA,NA,NA,NA,NA,TRUE
"845","A69-1602-2990",845,"Noordzeekanaal","Zaangemaal 3","VR2W-119064",52.437818,4.826197,2018-03-04 17:12:52,2018-03-04 19:04:02,10,NA,NA,NA,1748.328562,1748.328561,FALSE,NA,NA,NA,NA,NA,NA,TRUE
"846","A69-1602-2990",846,"Noordzeekanaal","Zaangemaal 3","VR2W-119064",52.437818,4.826197,2018-03-04 20:13:48,2018-03-04 20:13:48,1,NA,NA,NA,1748.328562,1748.328561,FALSE,NA,NA,NA,NA,NA,NA,TRUE
"847","A69-1602-2990",847,"Noordzeekanaal","Zaangemaal 3","VR2W-119064",52.437818,4.826197,2018-03-05 05:28:30,2018-03-05 05:28:30,1,NA,NA,NA,1748.328562,1748.328561,FALSE,NA,NA,NA,NA,NA,NA,TRUE
"848","A69-1602-2990",848,"Noordzeekanaal","Zaangemaal 3","VR2W-119064",52.437818,4.826197,2018-03-05 06:45:13,2018-03-05 06:45:13,1,NA,NA,NA,1748.328562,1748.328561,FALSE,NA,NA,NA,NA,NA,NA,TRUE
"849","A69-1602-2990",849,"Noordzeekanaal","Zaangemaal 3","VR2W-119064",52.437818,4.826197,2018-03-05 07:52:19,2018-03-06 07:16:22,817,NA,NA,NA,1748.328562,1748.328561,FALSE,NA,NA,NA,NA,NA,NA,TRUE
"850","A69-1602-2990",850,"Noordzeekanaal","Zaangemaal 3","VR2W-119064",52.437818,4.826197,2018-03-06 10:22:28,2018-03-06 22:56:52,309,NA,NA,NA,1748.328562,1748.328561,FALSE,NA,NA,NA,NA,NA,NA,TRUE
"851","A69-1602-2990",851,"Noordzeekanaal","Zaangemaal 3","VR2W-119064",52.437818,4.826197,2018-03-07 00:39:07,2018-03-08 08:25:22,743,NA,NA,NA,1748.328562,1748.328561,FALSE,NA,NA,NA,NA,NA,NA,TRUE
"852","A69-1602-2990",852,"Noordzeekanaal","Zaangemaal 3","VR2W-119064",52.437818,4.826197,2018-03-08 09:30:01,2018-03-08 09:35:15,6,NA,NA,NA,1748.328562,1748.328561,FALSE,NA,NA,NA,NA,NA,NA,TRUE
"853","A69-1602-2990",853,"Noordzeekanaal","Zaangemaal 3","VR2W-119064",52.437818,4.826197,2018-03-08 11:00:12,2018-03-08 12:34:16,33,NA,NA,NA,1748.328562,1748.328561,FALSE,NA,NA,NA,NA,NA,NA,TRUE
"854","A69-1602-2990",854,"Noordzeekanaal","Zaangemaal 3","VR2W-119064",52.437818,4.826197,2018-03-08 18:13:09,2018-03-08 18:16:03,2,NA,NA,NA,1748.328562,1748.328561,FALSE,NA,NA,NA,NA,NA,NA,TRUE
"855","A69-1602-2990",855,"Noordzeekanaal","Zaangemaal 3","VR2W-119064",52.437818,4.826197,2018-03-08 20:24:36,2018-03-09 23:01:59,811,NA,NA,NA,1748.328562,1748.328561,FALSE,NA,NA,NA,NA,NA,NA,TRUE
"856","A69-1602-2990",856,"Noordzeekanaal","Zaangemaal 3","VR2W-119064",52.437818,4.826197,2018-03-10 00:07:59,2018-03-10 00:07:59,1,NA,NA,NA,1748.328562,1748.328561,FALSE,NA,NA,NA,NA,NA,NA,TRUE
"857","A69-1602-2990",857,"Noordzeekanaal","Zaangemaal 3","VR2W-119064",52.437818,4.826197,2018-03-10 01:58:49,2018-03-10 09:44:52,202,NA,NA,NA,1748.328562,1748.328561,FALSE,NA,NA,NA,NA,NA,NA,TRUE
"858","A69-1602-2990",858,"Noordzeekanaal","Zaangemaal 3","VR2W-119064",52.437818,4.826197,2018-03-10 11:49:38,2018-03-11 18:28:22,429,NA,NA,NA,1748.328562,1748.328561,FALSE,NA,NA,NA,NA,NA,NA,TRUE
"859","A69-1602-2990",859,"Noordzeekanaal","Zaangemaal 3","VR2W-119064",52.437818,4.826197,2018-03-11 20:03:49,2018-03-11 21:30:21,13,NA,NA,NA,1748.328562,1748.328561,FALSE,NA,NA,NA,NA,NA,NA,TRUE
"860","A69-1602-2990",860,"Noordzeekanaal","Zaangemaal 3","VR2W-119064",52.437818,4.826197,2018-03-11 23:29:16,2018-03-11 23:59:05,3,NA,NA,NA,1748.328562,1748.328561,FALSE,NA,NA,NA,NA,NA,NA,TRUE
"861","A69-1602-2990",861,"Noordzeekanaal","Zaangemaal 3","VR2W-119064",52.437818,4.826197,2018-03-12 01:20:15,2018-03-12 05:37:34,26,NA,NA,NA,1748.328562,1748.328561,FALSE,NA,NA,NA,NA,NA,NA,TRUE
"862","A69-1602-2990",862,"Noordzeekanaal","Zaangemaal 3","VR2W-119064",52.437818,4.826197,2018-03-12 07:03:23,2018-03-12 09:20:33,20,NA,NA,NA,1748.328562,1748.328561,FALSE,NA,NA,NA,NA,NA,NA,TRUE
"863","A69-1602-2990",863,"Noordzeekanaal","Zaangemaal 3","VR2W-119064",52.437818,4.826197,2018-03-12 11:08:29,2018-03-12 11:51:48,3,NA,NA,NA,1748.328562,1748.328561,FALSE,NA,NA,NA,NA,NA,NA,TRUE
"864","A69-1602-2990",864,"Noordzeekanaal","Zaangemaal 3","VR2W-119064",52.437818,4.826197,2018-03-12 14:38:38,2018-03-12 19:52:54,60,NA,NA,NA,1748.328562,1748.328561,FALSE,NA,NA,NA,NA,NA,NA,TRUE
"865","A69-1602-2990",865,"Noordzeekanaal","Zaangemaal 3","VR2W-119064",52.437818,4.826197,2018-03-12 21:32:54,2018-03-12 22:58:41,7,NA,NA,NA,1748.328562,1748.328561,FALSE,NA,NA,NA,NA,NA,NA,TRUE
"866","A69-1602-2990",866,"Noordzeekanaal","Zaangemaal 3","VR2W-119064",52.437818,4.826197,2018-03-13 00:53:04,2018-03-13 01:29:05,7,NA,NA,NA,1748.328562,1748.328561,FALSE,NA,NA,NA,NA,NA,NA,TRUE
"867","A69-1602-2990",867,"Noordzeekanaal","Zaangemaal 3","VR2W-119064",52.437818,4.826197,2018-03-13 03:11:32,2018-03-13 07:00:06,16,NA,NA,NA,1748.328562,1748.328561,FALSE,NA,NA,NA,NA,NA,NA,TRUE
"868","A69-1602-2990",868,"Noordzeekanaal","Zaangemaal 3","VR2W-119064",52.437818,4.826197,2018-03-13 10:07:41,2018-03-13 11:59:24,11,NA,NA,NA,1748.328562,1748.328561,FALSE,NA,NA,NA,NA,NA,NA,TRUE
"869","A69-1602-2990",869,"Noordzeekanaal","Zaangemaal 3","VR2W-119064",52.437818,4.826197,2018-03-13 13:44:09,2018-03-13 17:33:23,14,NA,NA,NA,1748.328562,1748.328561,FALSE,NA,NA,NA,NA,NA,NA,TRUE
"870","A69-1602-2990",870,"Noordzeekanaal","Zaangemaal 3","VR2W-119064",52.437818,4.826197,2018-03-13 19:23:49,2018-03-14 12:23:58,279,NA,NA,NA,1748.328562,1748.328561,FALSE,NA,NA,NA,NA,NA,NA,TRUE
"871","A69-1602-2990",871,"Noordzeekanaal","Zaangemaal 3","VR2W-119064",52.437818,4.826197,2018-03-14 13:30:27,2018-03-14 22:32:04,89,NA,NA,NA,1748.328562,1748.328561,FALSE,NA,NA,NA,NA,NA,NA,TRUE
"872","A69-1602-2990",872,"Noordzeekanaal","Zaangemaal 3","VR2W-119064",52.437818,4.826197,2018-03-14 23:52:40,2018-03-15 08:45:05,80,NA,NA,NA,1748.328562,1748.328561,FALSE,NA,NA,NA,NA,NA,NA,TRUE
"873","A69-1602-2990",873,"Noordzeekanaal","Zaangemaal 3","VR2W-119064",52.437818,4.826197,2018-03-15 09:45:40,2018-03-15 10:31:13,4,NA,NA,NA,1748.328562,1748.328561,FALSE,NA,NA,NA,NA,NA,NA,TRUE
"874","A69-1602-2990",874,"Noordzeekanaal","Zaangemaal 3","VR2W-119064",52.437818,4.826197,2018-03-15 13:07:12,2018-03-15 15:57:33,47,NA,NA,NA,1748.328562,1748.328561,FALSE,NA,NA,NA,NA,NA,NA,TRUE
"875","A69-1602-2990",875,"Noordzeekanaal","Zaangemaal 3","VR2W-119064",52.437818,4.826197,2018-03-15 17:06:22,2018-03-15 22:01:06,190,NA,NA,NA,1748.328562,1748.328561,FALSE,NA,NA,NA,NA,NA,NA,TRUE
"876","A69-1602-2990",876,"Noordzeekanaal","Zaangemaal 3","VR2W-119064",52.437818,4.826197,2018-03-15 23:14:16,2018-03-16 21:06:21,511,NA,NA,NA,1748.328562,1748.328561,FALSE,NA,NA,NA,NA,NA,NA,TRUE
"877","A69-1602-2990",877,"Noordzeekanaal","Zaangemaal 3","VR2W-119064",52.437818,4.826197,2018-03-16 23:21:23,2018-03-17 06:42:22,29,NA,NA,NA,1748.328562,1748.328561,FALSE,NA,NA,NA,NA,NA,NA,TRUE
"878","A69-1602-2990",878,"Noordzeekanaal","Zaangemaal 3","VR2W-119064",52.437818,4.826197,2018-03-17 09:07:49,2018-03-17 09:07:49,1,NA,NA,NA,1748.328562,1748.328561,FALSE,NA,NA,NA,NA,NA,NA,TRUE
"879","A69-1602-2990",879,"Noordzeekanaal","Zaangemaal 3","VR2W-119064",52.437818,4.826197,2018-03-17 14:28:17,2018-03-17 15:50:28,4,NA,NA,NA,1748.328562,1748.328561,FALSE,NA,NA,NA,NA,NA,NA,TRUE
"880","A69-1602-2990",880,"Noordzeekanaal","Zaangemaal 3","VR2W-119064",52.437818,4.826197,2018-03-17 19:09:12,2018-03-17 19:21:53,3,NA,NA,NA,1748.328562,1748.328561,FALSE,NA,NA,NA,NA,NA,NA,TRUE
"881","A69-1602-2990",881,"Noordzeekanaal","Zaangemaal 3","VR2W-119064",52.437818,4.826197,2018-03-18 00:18:50,2018-03-18 00:18:50,1,NA,NA,NA,1748.328562,1748.328561,FALSE,NA,NA,NA,NA,NA,NA,TRUE
"882","A69-1602-2990",882,"Noordzeekanaal","Zaangemaal 3","VR2W-119064",52.437818,4.826197,2018-03-18 07:19:05,2018-03-18 07:19:05,1,NA,NA,NA,1748.328562,1748.328561,FALSE,NA,NA,NA,NA,NA,NA,TRUE
"883","A69-1602-2990",883,"Noordzeekanaal","Zaangemaal 3","VR2W-119064",52.437818,4.826197,2018-03-18 15:31:31,2018-03-18 15:47:05,2,NA,NA,NA,1748.328562,1748.328561,FALSE,NA,NA,NA,NA,NA,NA,TRUE
"884","A69-1602-2990",884,"Noordzeekanaal","Zaangemaal 3","VR2W-119064",52.437818,4.826197,2018-03-18 20:58:31,2018-03-18 23:25:56,22,NA,NA,NA,1748.328562,1748.328561,FALSE,NA,NA,NA,NA,NA,NA,TRUE
"885","A69-1602-2990",885,"Noordzeekanaal","Zaangemaal 3","VR2W-119064",52.437818,4.826197,2018-03-19 00:54:40,2018-03-19 00:54:40,1,NA,NA,NA,1748.328562,1748.328561,FALSE,NA,NA,NA,NA,NA,NA,TRUE
"886","A69-1602-2990",886,"Noordzeekanaal","Zaangemaal 3","VR2W-119064",52.437818,4.826197,2018-03-19 02:41:42,2018-03-19 02:58:00,3,NA,NA,NA,1748.328562,1748.328561,FALSE,NA,NA,NA,NA,NA,NA,TRUE
"887","A69-1602-2990",887,"Noordzeekanaal","Zaangemaal 3","VR2W-119064",52.437818,4.826197,2018-03-19 05:10:03,2018-03-19 05:10:03,1,NA,NA,NA,1748.328562,1748.328561,FALSE,NA,NA,NA,NA,NA,NA,TRUE
"888","A69-1602-2990",888,"Noordzeekanaal","Zaangemaal 3","VR2W-119064",52.437818,4.826197,2018-03-19 07:00:16,2018-03-19 07:00:16,1,NA,NA,NA,1748.328562,1748.328561,FALSE,NA,NA,NA,NA,NA,NA,TRUE
"889","A69-1602-2990",889,"Noordzeekanaal","Zaangemaal 3","VR2W-119064",52.437818,4.826197,2018-03-19 08:31:10,2018-03-19 09:09:04,5,NA,NA,NA,1748.328562,1748.328561,NA,NA,NA,NA,NA,NA,NA,TRUE
"890","A69-1602-2991",890,"Noordzeekanaal","rel_noordzeekanaal15","none",52.451725,4.818485,2017-11-01 12:40:00,2017-11-01 12:40:00,1,NA,NA,NA,0,0,TRUE,1406.946114,2,2017-11-02 20:18:00,1406.946114,113880,0.0123546374604847,TRUE
"891","A69-1602-2991",891,"Noordzeekanaal","Zaangemaal 1","VR2W-119070",52.440868,4.824139,2017-11-02 20:18:00,2017-11-02 22:31:51,135,113880,1406.946114,0.012355,1406.946114,1406.946114,TRUE,8234.581472,3,2017-11-05 01:56:09,6827.635358,193089,0.0353600430785803,TRUE
"892","A69-1602-2991",892,"Noordzeekanaal","Overtoom 1","VR2W-119065",52.430117,4.784283,2017-11-05 01:56:09,2017-11-05 01:56:09,1,185058,6827.635359,0.036895,8234.581473,8234.581472,TRUE,19824.394896,4,2017-11-12 19:14:56,11589.813424,667127,0.0173727242698916,TRUE
"893","A69-1602-2991",893,"Noordzeekanaal","Noordzeekanaal","VR2W-114165",52.462798,4.633995,2017-11-12 19:14:56,2017-11-12 21:44:19,112,667127,11955.458146,0.017921,20190.039619,19824.394896,TRUE,21431.313895,5,2017-11-12 21:50:23,1606.918999,9327,0.17228680165112,TRUE
"894","A69-1602-2991",894,"Noordzeekanaal","Grote sluis NZK","VR2W-114178",52.467488,4.613347,2017-11-12 21:50:23,2017-11-12 21:59:49,8,364,1606.918999,4.414613,21796.958618,21431.313895,FALSE,NA,NA,NA,NA,NA,NA,TRUE
"895","A69-1602-2991",895,"Noordzeekanaal","Noordzeekanaal","VR2W-114165",52.462798,4.633995,2017-11-12 22:00:30,2017-11-12 22:00:30,1,41,1606.918999,39.193146,23403.877617,19824.394896,TRUE,21431.313895,7,2017-11-12 22:00:41,1606.918999,11,146.083545363636,TRUE
"896","A69-1602-2991",896,"Noordzeekanaal","Grote sluis NZK","VR2W-114178",52.467488,4.613347,2017-11-12 22:00:41,2017-11-12 22:00:41,1,11,1606.918999,146.083545,25010.796616,21431.313895,FALSE,NA,NA,NA,NA,NA,NA,TRUE
"897","A69-1602-2991",897,"Noordzeekanaal","Noordzeekanaal","VR2W-114165",52.462798,4.633995,2017-11-12 22:01:14,2017-11-12 22:01:14,1,33,1606.918999,48.694515,26617.715615,19824.394896,TRUE,21431.313895,9,2017-11-12 22:01:31,1606.918999,17,94.5246469999999,TRUE
"898","A69-1602-2991",898,"Noordzeekanaal","Grote sluis NZK","VR2W-114178",52.467488,4.613347,2017-11-12 22:01:31,2017-11-12 22:03:40,4,17,1606.918999,94.524647,28224.634614,21431.313895,FALSE,NA,NA,NA,NA,NA,NA,TRUE
"899","A69-1602-2991",899,"Noordzeekanaal","Noordzeekanaal","VR2W-114165",52.462798,4.633995,2017-11-12 22:21:24,2017-11-12 22:21:24,1,1064,1606.918999,1.510262,29831.553613,19824.394896,TRUE,21996.934019,11,2017-11-12 22:48:15,2172.539123,1611,1.34856556362508,TRUE
"900","A69-1602-2991",900,"Noordzeekanaal","Spuisluis NZK","VR2W-114167",52.470646,4.607811,2017-11-12 22:48:15,2017-11-13 03:04:27,256,1611,2172.539123,1.348566,32004.092736,21996.934019,FALSE,NA,NA,NA,NA,NA,NA,TRUE
"901","A69-1602-2991",901,"Noordzeekanaal","Noordzeekanaal","VR2W-114165",52.462798,4.633995,2017-11-13 04:15:08,2017-11-13 05:40:56,25,4241,2172.539123,0.51227,34176.631859,19824.394896,TRUE,21996.934019,13,2017-11-13 06:28:08,2172.539123,7980,0.272248010401002,TRUE
"902","A69-1602-2991",902,"Noordzeekanaal","Spuisluis NZK","VR2W-114167",52.470646,4.607811,2017-11-13 06:28:08,2017-11-13 08:28:35,85,2832,2172.539123,0.76714,36349.170982,21996.934019,FALSE,NA,NA,NA,NA,NA,NA,TRUE
"903","A69-1602-2991",903,"Noordzeekanaal","Spuisluis NZK","VR2W-114167",52.470646,4.607811,2017-11-13 09:35:01,2017-11-13 11:13:52,16,NA,NA,NA,36349.170982,21996.934019,FALSE,NA,NA,NA,NA,NA,NA,TRUE
"904","A69-1602-2991",904,"Noordzeekanaal","Spuisluis NZK","VR2W-114167",52.470646,4.607811,2017-11-13 16:56:40,2017-11-13 17:20:54,41,NA,NA,NA,36349.170982,21996.934019,NA,NA,NA,NA,NA,NA,NA,TRUE
"905","A69-1602-2992",905,"Noordzeekanaal","rel_noordzeekanaal15","none",52.451725,4.818485,2017-11-01 12:40:00,2017-11-01 12:40:00,1,NA,NA,NA,0,0,TRUE,1406.946114,2,2017-11-01 13:11:43,1406.946114,1903,0.739330590646348,TRUE
"906","A69-1602-2992",906,"Noordzeekanaal","Zaangemaal 1","VR2W-119070",52.440868,4.824139,2017-11-01 13:11:43,2017-11-02 06:17:55,715,1903,1406.946114,0.739331,1406.946114,1406.946114,FALSE,NA,NA,NA,NA,NA,NA,TRUE
"907","A69-1602-2992",907,"Noordzeekanaal","Zaangemaal 1","VR2W-119070",52.440868,4.824139,2017-11-02 15:40:57,2017-11-03 02:59:59,500,NA,NA,NA,1406.946114,1406.946114,FALSE,NA,NA,NA,NA,NA,NA,TRUE
"908","A69-1602-2992",908,"Noordzeekanaal","Zaangemaal 1","VR2W-119070",52.440868,4.824139,2017-11-03 21:31:01,2017-11-03 23:07:34,8,NA,NA,NA,1406.946114,1406.946114,FALSE,NA,NA,NA,NA,NA,NA,TRUE
"909","A69-1602-2992",909,"Noordzeekanaal","Koog ad Zaan","VR2W-130586",52.463171,4.812326,2017-11-04,2017-11-04 08:22:26,505,3146,2872.464613,0.913053,4279.410727,-1465.518499,FALSE,1406.946114,13,2017-11-12 23:54:24,2872.464613,777264,0.00369561000252167,TRUE
"910","A69-1602-2992",910,"Noordzeekanaal","Koog ad Zaan","VR2W-130586",52.463171,4.812326,2017-11-04 16:53:01,2017-11-04 16:53:01,1,NA,NA,NA,4279.410727,-1465.518499,FALSE,1406.946114,13,2017-11-12 23:54:24,2872.464613,716483,0.00400911761060625,TRUE
"911","A69-1602-2992",911,"Noordzeekanaal","Koog ad Zaan","VR2W-130586",52.463171,4.812326,2017-11-04 19:24:32,2017-11-04 22:10:03,170,NA,NA,NA,4279.410727,-1465.518499,FALSE,1406.946114,13,2017-11-12 23:54:24,2872.464613,707392,0.00406064051190853,TRUE
"912","A69-1602-2992",912,"Noordzeekanaal","Koog ad Zaan","VR2W-130586",52.463171,4.812326,2017-11-11 00:05:41,2017-11-11 02:06:08,85,NA,NA,NA,4279.410727,-1465.518499,FALSE,1406.946114,13,2017-11-12 23:54:24,2872.464613,172123,0.0166884414808015,TRUE
"913","A69-1602-2992",913,"Noordzeekanaal","Koog ad Zaan","VR2W-130586",52.463171,4.812326,2017-11-12 05:03:10,2017-11-12 05:48:38,41,NA,NA,NA,4279.410727,-1465.518499,FALSE,1406.946114,13,2017-11-12 23:54:24,2872.464613,67874,0.0423205441406135,TRUE
"914","A69-1602-2992",914,"Noordzeekanaal","Koog ad Zaan","VR2W-130586",52.463171,4.812326,2017-11-12 09:04:08,2017-11-12 10:06:05,19,NA,NA,NA,4279.410727,-1465.518499,FALSE,1406.946114,13,2017-11-12 23:54:24,2872.464613,53416,0.0537753596862363,TRUE
"915","A69-1602-2992",915,"Noordzeekanaal","Koog ad Zaan","VR2W-130586",52.463171,4.812326,2017-11-12 12:05:26,2017-11-12 17:51:51,290,NA,NA,NA,4279.410727,-1465.518499,FALSE,1406.946114,13,2017-11-12 23:54:24,2872.464613,42538,0.0675270255536227,TRUE
"916","A69-1602-2992",916,"Noordzeekanaal","Koog ad Zaan","VR2W-130586",52.463171,4.812326,2017-11-12 19:37:11,2017-11-12 21:06:18,75,NA,NA,NA,4279.410727,-1465.518499,TRUE,1406.946114,13,2017-11-12 23:54:24,2872.464613,15433,0.186124837231906,TRUE
"917","A69-1602-2992",917,"Noordzeekanaal","Zaangemaal 1","VR2W-119070",52.440868,4.824139,2017-11-12 23:54:24,2017-11-13 02:00:18,56,10086,2872.464613,0.284797,7151.87534,1406.946114,FALSE,NA,NA,NA,NA,NA,NA,TRUE
"918","A69-1602-2992",918,"Noordzeekanaal","Zaangemaal 1","VR2W-119070",52.440868,4.824139,2017-11-13 03:21:42,2017-11-13 06:53:31,60,NA,NA,NA,7151.87534,1406.946114,FALSE,NA,NA,NA,NA,NA,NA,TRUE
"919","A69-1602-2992",919,"Noordzeekanaal","Zaangemaal 1","VR2W-119070",52.440868,4.824139,2017-11-13 08:30:56,2017-11-13 13:55:05,211,NA,NA,NA,7151.87534,1406.946114,NA,NA,NA,NA,NA,NA,NA,TRUE
"920","A69-1602-2992",920,"Noordzeekanaal","Zaangemaal 3","VR2W-119064",52.437818,4.826197,2017-11-13 15:54:10,2017-11-13 16:49:59,44,7145,341.382448,0.047779,7493.257788,1748.328561,NA,NA,NA,NA,NA,NA,NA,TRUE
"921","A69-1602-2993",921,"Noordzeekanaal","rel_noordzeekanaal15","none",52.451725,4.818485,2017-11-01 12:40:00,2017-11-01 12:40:00,1,NA,NA,NA,0,0,TRUE,1406.946114,2,2017-11-01 13:06:30,1406.946114,1590,0.884871769811321,TRUE
"922","A69-1602-2993",922,"Noordzeekanaal","Zaangemaal 1","VR2W-119070",52.440868,4.824139,2017-11-01 13:06:30,2017-11-01 13:26:58,3,1590,1406.946114,0.884872,1406.946114,1406.946114,FALSE,NA,NA,NA,NA,NA,NA,TRUE
"923","A69-1602-2993",923,"Noordzeekanaal","Zaangemaal 1","VR2W-119070",52.440868,4.824139,2017-11-01 23:22:23,2017-11-01 23:26:07,4,NA,NA,NA,1406.946114,1406.946114,FALSE,NA,NA,NA,NA,NA,NA,TRUE
"924","A69-1602-2993",924,"Noordzeekanaal","Zaangemaal 1","VR2W-119070",52.440868,4.824139,2017-11-03 16:27:41,2017-11-03 16:32:01,4,NA,NA,NA,1406.946114,1406.946114,FALSE,NA,NA,NA,NA,NA,NA,TRUE
"925","A69-1602-2993",925,"Noordzeekanaal","Zaangemaal 1","VR2W-119070",52.440868,4.824139,2017-11-04 09:24:49,2017-11-04 09:31:59,4,NA,NA,NA,1406.946114,1406.946114,FALSE,NA,NA,NA,NA,NA,NA,TRUE
"926","A69-1602-2993",926,"Noordzeekanaal","Zaangemaal 1","VR2W-119070",52.440868,4.824139,2017-11-04 11:12:54,2017-11-04 11:19:26,7,NA,NA,NA,1406.946114,1406.946114,FALSE,NA,NA,NA,NA,NA,NA,TRUE
"927","A69-1602-2993",927,"Noordzeekanaal","Zaangemaal 1","VR2W-119070",52.440868,4.824139,2017-11-04 12:47:27,2017-11-04 12:48:17,2,NA,NA,NA,1406.946114,1406.946114,FALSE,NA,NA,NA,NA,NA,NA,TRUE
"928","A69-1602-2993",928,"Noordzeekanaal","Zaangemaal 1","VR2W-119070",52.440868,4.824139,2017-11-04 21:05:12,2017-11-04 22:54:52,20,NA,NA,NA,1406.946114,1406.946114,FALSE,NA,NA,NA,NA,NA,NA,TRUE
"929","A69-1602-2993",929,"Noordzeekanaal","Zaangemaal 1","VR2W-119070",52.440868,4.824139,2017-11-05 22:17:53,2017-11-05 23:09:21,12,NA,NA,NA,1406.946114,1406.946114,FALSE,NA,NA,NA,NA,NA,NA,TRUE
"930","A69-1602-2993",930,"Noordzeekanaal","Zaangemaal 1","VR2W-119070",52.440868,4.824139,2017-11-06 17:55:31,2017-11-06 18:16:18,10,NA,NA,NA,1406.946114,1406.946114,FALSE,NA,NA,NA,NA,NA,NA,TRUE
"931","A69-1602-2993",931,"Noordzeekanaal","Zaangemaal 1","VR2W-119070",52.440868,4.824139,2017-11-06 19:49:57,2017-11-06 19:52:56,4,NA,NA,NA,1406.946114,1406.946114,FALSE,NA,NA,NA,NA,NA,NA,TRUE
"932","A69-1602-2993",932,"Noordzeekanaal","Zaangemaal 1","VR2W-119070",52.440868,4.824139,2017-11-06 21:23:37,2017-11-06 21:28:27,2,NA,NA,NA,1406.946114,1406.946114,FALSE,NA,NA,NA,NA,NA,NA,TRUE
"933","A69-1602-2993",933,"Noordzeekanaal","Zaangemaal 1","VR2W-119070",52.440868,4.824139,2017-11-07 02:08:50,2017-11-07 02:43:03,8,NA,NA,NA,1406.946114,1406.946114,FALSE,NA,NA,NA,NA,NA,NA,TRUE
"934","A69-1602-2993",934,"Noordzeekanaal","Zaangemaal 1","VR2W-119070",52.440868,4.824139,2017-11-07 03:45:42,2017-11-07 07:12:24,101,NA,NA,NA,1406.946114,1406.946114,FALSE,NA,NA,NA,NA,NA,NA,TRUE
"935","A69-1602-2993",935,"Noordzeekanaal","Zaangemaal 1","VR2W-119070",52.440868,4.824139,2017-11-07 18:14:20,2017-11-07 18:47:03,8,NA,NA,NA,1406.946114,1406.946114,FALSE,NA,NA,NA,NA,NA,NA,TRUE
"936","A69-1602-2993",936,"Noordzeekanaal","Zaangemaal 1","VR2W-119070",52.440868,4.824139,2017-11-07 20:56:57,2017-11-07 20:56:57,1,NA,NA,NA,1406.946114,1406.946114,FALSE,NA,NA,NA,NA,NA,NA,TRUE
"937","A69-1602-2993",937,"Noordzeekanaal","Zaangemaal 1","VR2W-119070",52.440868,4.824139,2017-11-08 03:49:25,2017-11-08 05:40:24,28,NA,NA,NA,1406.946114,1406.946114,FALSE,NA,NA,NA,NA,NA,NA,TRUE
"938","A69-1602-2993",938,"Noordzeekanaal","Zaangemaal 1","VR2W-119070",52.440868,4.824139,2017-11-08 17:48:25,2017-11-08 18:57:15,37,NA,NA,NA,1406.946114,1406.946114,FALSE,NA,NA,NA,NA,NA,NA,TRUE
"939","A69-1602-2993",939,"Noordzeekanaal","Koog ad Zaan","VR2W-130586",52.463171,4.812326,2017-11-09 02:41:27,2017-11-09 07:18:12,272,27852,2872.464613,0.103133,4279.410727,-1465.518499,FALSE,1406.946114,21,2017-11-09 21:42:11,2872.464613,68444,0.0419680996581147,TRUE
"940","A69-1602-2993",940,"Noordzeekanaal","Koog ad Zaan","VR2W-130586",52.463171,4.812326,2017-11-09 16:36:06,2017-11-09 20:03:53,181,NA,NA,NA,4279.410727,-1465.518499,TRUE,1406.946114,21,2017-11-09 21:42:11,2872.464613,18365,0.156409725728288,TRUE
"941","A69-1602-2993",941,"Noordzeekanaal","Zaangemaal 1","VR2W-119070",52.440868,4.824139,2017-11-09 21:42:11,2017-11-09 21:44:53,6,5898,2872.464613,0.487024,7151.87534,1406.946114,FALSE,NA,NA,NA,NA,NA,NA,TRUE
"942","A69-1602-2993",942,"Noordzeekanaal","Zaangemaal 1","VR2W-119070",52.440868,4.824139,2017-11-09 23:15:42,2017-11-10 07:11:05,391,NA,NA,NA,7151.87534,1406.946114,FALSE,NA,NA,NA,NA,NA,NA,TRUE
"943","A69-1602-2993",943,"Noordzeekanaal","Zaangemaal 1","VR2W-119070",52.440868,4.824139,2017-11-10 09:43:17,2017-11-10 09:43:17,1,NA,NA,NA,7151.87534,1406.946114,FALSE,NA,NA,NA,NA,NA,NA,TRUE
"944","A69-1602-2993",944,"Noordzeekanaal","Zaangemaal 1","VR2W-119070",52.440868,4.824139,2017-11-10 10:57:43,2017-11-10 17:49:35,366,NA,NA,NA,7151.87534,1406.946114,FALSE,NA,NA,NA,NA,NA,NA,TRUE
"945","A69-1602-2993",945,"Noordzeekanaal","Zaangemaal 1","VR2W-119070",52.440868,4.824139,2017-11-10 19:51:23,2017-11-10 22:55:05,210,NA,NA,NA,7151.87534,1406.946114,FALSE,NA,NA,NA,NA,NA,NA,TRUE
"946","A69-1602-2993",946,"Noordzeekanaal","Koog ad Zaan","VR2W-130586",52.463171,4.812326,2017-11-11 00:02:10,2017-11-11 01:33:08,58,4025,2872.464613,0.713656,10024.339953,-1465.518499,FALSE,1406.946114,30,2017-11-13 02:49:45,2872.464613,182855,0.0157089749418939,TRUE
"947","A69-1602-2993",947,"Noordzeekanaal","Koog ad Zaan","VR2W-130586",52.463171,4.812326,2017-11-11 17:22:25,2017-11-11 18:24:01,8,NA,NA,NA,10024.339953,-1465.518499,FALSE,1406.946114,30,2017-11-13 02:49:45,2872.464613,120440,0.023849756002989,TRUE
"948","A69-1602-2993",948,"Noordzeekanaal","Koog ad Zaan","VR2W-130586",52.463171,4.812326,2017-11-11 23:23:44,2017-11-11 23:35:33,4,NA,NA,NA,10024.339953,-1465.518499,FALSE,1406.946114,30,2017-11-13 02:49:45,2872.464613,98761,0.0290850093964217,TRUE
"949","A69-1602-2993",949,"Noordzeekanaal","Koog ad Zaan","VR2W-130586",52.463171,4.812326,2017-11-12 01:13:51,2017-11-12 02:19:08,60,NA,NA,NA,10024.339953,-1465.518499,TRUE,1406.946114,30,2017-11-13 02:49:45,2872.464613,92154,0.0311702651322786,TRUE
"950","A69-1602-2993",950,"Noordzeekanaal","Zaangemaal 1","VR2W-119070",52.440868,4.824139,2017-11-13 02:49:45,2017-11-13 03:42:04,23,88237,2872.464613,0.032554,12896.804566,1406.946114,FALSE,NA,NA,NA,NA,NA,NA,TRUE
"951","A69-1602-2993",951,"Noordzeekanaal","Koog ad Zaan","VR2W-130586",52.463171,4.812326,2017-11-13 12:11:16,2017-11-13 12:11:16,1,30552,2872.464613,0.094019,15769.269179,-1465.518499,FALSE,1406.946114,33,2017-11-13 16:22:48,2872.464613,15092,0.19033028180493,TRUE
"952","A69-1602-2993",952,"Noordzeekanaal","Koog ad Zaan","VR2W-130586",52.463171,4.812326,2017-11-13 13:39:41,2017-11-13 14:00:53,2,NA,NA,NA,15769.269179,-1465.518499,TRUE,1406.946114,33,2017-11-13 16:22:48,2872.464613,9787,0.2934979680188,TRUE
"953","A69-1602-2993",953,"Noordzeekanaal","Zaangemaal 1","VR2W-119070",52.440868,4.824139,2017-11-13 16:22:48,2017-11-14 17:30:47,1749,8515,2872.464613,0.337342,18641.733792,1406.946114,NA,NA,NA,NA,NA,NA,NA,TRUE
"954","A69-1602-2993",954,"Noordzeekanaal","Zaangemaal 3","VR2W-119064",52.437818,4.826197,2017-11-14 18:50:41,2017-11-14 19:03:25,2,4794,341.382448,0.07121,18983.11624,1748.328561,FALSE,NA,NA,NA,NA,NA,NA,TRUE
"955","A69-1602-2993",955,"Noordzeekanaal","Zaangemaal 3","VR2W-119064",52.437818,4.826197,2017-11-14 20:15:30,2017-11-20 05:37:49,4999,NA,NA,NA,18983.11624,1748.328561,FALSE,NA,NA,NA,NA,NA,NA,TRUE
"956","A69-1602-2993",956,"Noordzeekanaal","Zaangemaal 3","VR2W-119064",52.437818,4.826197,2017-11-20 06:42:30,2017-11-22 02:47:57,1242,NA,NA,NA,18983.11624,1748.328561,FALSE,NA,NA,NA,NA,NA,NA,TRUE
"957","A69-1602-2993",957,"Noordzeekanaal","Zaangemaal 3","VR2W-119064",52.437818,4.826197,2017-11-22 04:02:46,2017-11-22 04:02:46,1,NA,NA,NA,18983.11624,1748.328561,FALSE,NA,NA,NA,NA,NA,NA,TRUE
"958","A69-1602-2993",958,"Noordzeekanaal","Zaangemaal 3","VR2W-119064",52.437818,4.826197,2017-11-22 05:07:28,2017-11-23 07:09:20,1089,NA,NA,NA,18983.11624,1748.328561,FALSE,NA,NA,NA,NA,NA,NA,TRUE
"959","A69-1602-2993",959,"Noordzeekanaal","Zaangemaal 3","VR2W-119064",52.437818,4.826197,2017-11-23 08:30:07,2017-11-23 09:43:31,16,NA,NA,NA,18983.11624,1748.328561,FALSE,NA,NA,NA,NA,NA,NA,TRUE
"960","A69-1602-2993",960,"Noordzeekanaal","Zaangemaal 3","VR2W-119064",52.437818,4.826197,2017-11-23 11:43:43,2017-11-24 02:11:23,421,NA,NA,NA,18983.11624,1748.328561,FALSE,NA,NA,NA,NA,NA,NA,TRUE
"961","A69-1602-2993",961,"Noordzeekanaal","Zaangemaal 3","VR2W-119064",52.437818,4.826197,2017-11-24 03:15:36,2017-11-27 06:25:40,2775,NA,NA,NA,18983.11624,1748.328561,FALSE,NA,NA,NA,NA,NA,NA,TRUE
"962","A69-1602-2993",962,"Noordzeekanaal","Zaangemaal 3","VR2W-119064",52.437818,4.826197,2017-11-27 08:34:45,2017-12-10 11:27:40,18591,NA,NA,NA,18983.11624,1748.328561,FALSE,NA,NA,NA,NA,NA,NA,TRUE
"963","A69-1602-2993",963,"Noordzeekanaal","Zaangemaal 3","VR2W-119064",52.437818,4.826197,2017-12-10 12:56:00,2017-12-11 14:40:29,1167,NA,NA,NA,18983.11624,1748.328561,FALSE,NA,NA,NA,NA,NA,NA,TRUE
"964","A69-1602-2993",964,"Noordzeekanaal","Zaangemaal 3","VR2W-119064",52.437818,4.826197,2017-12-11 17:05:29,2017-12-29 12:21:52,28493,NA,NA,NA,18983.11624,1748.328561,FALSE,NA,NA,NA,NA,NA,NA,TRUE
"965","A69-1602-2993",965,"Noordzeekanaal","Zaangemaal 3","VR2W-119064",52.437818,4.826197,2017-12-29 14:36:23,2017-12-29 18:45:57,76,NA,NA,NA,18983.11624,1748.328561,FALSE,NA,NA,NA,NA,NA,NA,TRUE
"966","A69-1602-2993",966,"Noordzeekanaal","Zaangemaal 3","VR2W-119064",52.437818,4.826197,2017-12-29 19:48:23,2017-12-30 04:16:30,407,NA,NA,NA,18983.11624,1748.328561,FALSE,NA,NA,NA,NA,NA,NA,TRUE
"967","A69-1602-2993",967,"Noordzeekanaal","Zaangemaal 3","VR2W-119064",52.437818,4.826197,2017-12-30 05:23:33,2017-12-30 15:15:19,256,NA,NA,NA,18983.11624,1748.328561,FALSE,NA,NA,NA,NA,NA,NA,TRUE
"968","A69-1602-2993",968,"Noordzeekanaal","Zaangemaal 3","VR2W-119064",52.437818,4.826197,2017-12-30 16:23:19,2017-12-31 00:50:51,268,NA,NA,NA,18983.11624,1748.328561,FALSE,NA,NA,NA,NA,NA,NA,TRUE
"969","A69-1602-2993",969,"Noordzeekanaal","Zaangemaal 3","VR2W-119064",52.437818,4.826197,2017-12-31 02:41:46,2017-12-31 05:38:19,29,NA,NA,NA,18983.11624,1748.328561,FALSE,NA,NA,NA,NA,NA,NA,TRUE
"970","A69-1602-2993",970,"Noordzeekanaal","Zaangemaal 3","VR2W-119064",52.437818,4.826197,2017-12-31 06:55:32,2017-12-31 12:05:12,106,NA,NA,NA,18983.11624,1748.328561,FALSE,NA,NA,NA,NA,NA,NA,TRUE
"971","A69-1602-2993",971,"Noordzeekanaal","Zaangemaal 3","VR2W-119064",52.437818,4.826197,2017-12-31 13:18:25,2017-12-31 14:55:38,23,NA,NA,NA,18983.11624,1748.328561,FALSE,NA,NA,NA,NA,NA,NA,TRUE
"972","A69-1602-2993",972,"Noordzeekanaal","Zaangemaal 3","VR2W-119064",52.437818,4.826197,2017-12-31 16:01:55,2017-12-31 16:39:10,26,NA,NA,NA,18983.11624,1748.328561,FALSE,NA,NA,NA,NA,NA,NA,TRUE
"973","A69-1602-2993",973,"Noordzeekanaal","Zaangemaal 3","VR2W-119064",52.437818,4.826197,2017-12-31 18:32:52,2018-01-02 22:17:21,2895,NA,NA,NA,18983.11624,1748.328561,FALSE,NA,NA,NA,NA,NA,NA,TRUE
"974","A69-1602-2993",974,"Noordzeekanaal","Zaangemaal 3","VR2W-119064",52.437818,4.826197,2018-01-03 00:01:14,2018-01-03 01:18:52,49,NA,NA,NA,18983.11624,1748.328561,FALSE,NA,NA,NA,NA,NA,NA,TRUE
"975","A69-1602-2993",975,"Noordzeekanaal","Zaangemaal 3","VR2W-119064",52.437818,4.826197,2018-01-03 02:52:33,2018-01-05 14:05:28,3689,NA,NA,NA,18983.11624,1748.328561,FALSE,NA,NA,NA,NA,NA,NA,TRUE
"976","A69-1602-2993",976,"Noordzeekanaal","Zaangemaal 3","VR2W-119064",52.437818,4.826197,2018-01-05 15:33:23,2018-01-10 11:49:54,6411,NA,NA,NA,18983.11624,1748.328561,FALSE,NA,NA,NA,NA,NA,NA,TRUE
"977","A69-1602-2993",977,"Noordzeekanaal","Zaangemaal 3","VR2W-119064",52.437818,4.826197,2018-01-10 12:50:34,2018-01-13 07:56:57,1894,NA,NA,NA,18983.11624,1748.328561,FALSE,NA,NA,NA,NA,NA,NA,TRUE
"978","A69-1602-2993",978,"Noordzeekanaal","Zaangemaal 3","VR2W-119064",52.437818,4.826197,2018-01-13 09:03:37,2018-01-14 09:22:57,290,NA,NA,NA,18983.11624,1748.328561,FALSE,NA,NA,NA,NA,NA,NA,TRUE
"979","A69-1602-2993",979,"Noordzeekanaal","Zaangemaal 3","VR2W-119064",52.437818,4.826197,2018-01-14 10:25:14,2018-01-14 13:18:48,15,NA,NA,NA,18983.11624,1748.328561,FALSE,NA,NA,NA,NA,NA,NA,TRUE
"980","A69-1602-2993",980,"Noordzeekanaal","Zaangemaal 3","VR2W-119064",52.437818,4.826197,2018-01-14 14:26:34,2018-01-14 16:58:07,36,NA,NA,NA,18983.11624,1748.328561,FALSE,NA,NA,NA,NA,NA,NA,TRUE
"981","A69-1602-2993",981,"Noordzeekanaal","Zaangemaal 3","VR2W-119064",52.437818,4.826197,2018-01-14 18:05:23,2018-01-14 23:25:03,25,NA,NA,NA,18983.11624,1748.328561,FALSE,NA,NA,NA,NA,NA,NA,TRUE
"982","A69-1602-2993",982,"Noordzeekanaal","Zaangemaal 3","VR2W-119064",52.437818,4.826197,2018-01-15 01:57:22,2018-01-15 02:36:57,3,NA,NA,NA,18983.11624,1748.328561,FALSE,NA,NA,NA,NA,NA,NA,TRUE
"983","A69-1602-2993",983,"Noordzeekanaal","Zaangemaal 3","VR2W-119064",52.437818,4.826197,2018-01-15 03:51:59,2018-01-15 10:41:00,85,NA,NA,NA,18983.11624,1748.328561,FALSE,NA,NA,NA,NA,NA,NA,TRUE
"984","A69-1602-2993",984,"Noordzeekanaal","Zaangemaal 3","VR2W-119064",52.437818,4.826197,2018-01-15 18:04:47,2018-01-15 18:10:01,2,NA,NA,NA,18983.11624,1748.328561,FALSE,NA,NA,NA,NA,NA,NA,TRUE
"985","A69-1602-2993",985,"Noordzeekanaal","Zaangemaal 3","VR2W-119064",52.437818,4.826197,2018-01-15 19:39:00,2018-01-18 02:06:41,1149,NA,NA,NA,18983.11624,1748.328561,FALSE,NA,NA,NA,NA,NA,NA,TRUE
"986","A69-1602-2993",986,"Noordzeekanaal","Zaangemaal 3","VR2W-119064",52.437818,4.826197,2018-01-18 05:21:35,2018-01-18 05:52:45,7,NA,NA,NA,18983.11624,1748.328561,FALSE,NA,NA,NA,NA,NA,NA,TRUE
"987","A69-1602-2993",987,"Noordzeekanaal","Zaangemaal 3","VR2W-119064",52.437818,4.826197,2018-01-18 07:12:33,2018-01-18 07:38:43,3,NA,NA,NA,18983.11624,1748.328561,FALSE,NA,NA,NA,NA,NA,NA,TRUE
"988","A69-1602-2993",988,"Noordzeekanaal","Zaangemaal 3","VR2W-119064",52.437818,4.826197,2018-01-18 10:38:27,2018-01-18 15:24:06,25,NA,NA,NA,18983.11624,1748.328561,FALSE,NA,NA,NA,NA,NA,NA,TRUE
"989","A69-1602-2993",989,"Noordzeekanaal","Zaangemaal 3","VR2W-119064",52.437818,4.826197,2018-01-18 16:29:16,2018-01-18 17:17:43,13,NA,NA,NA,18983.11624,1748.328561,FALSE,NA,NA,NA,NA,NA,NA,TRUE
"990","A69-1602-2993",990,"Noordzeekanaal","Zaangemaal 3","VR2W-119064",52.437818,4.826197,2018-01-18 18:29:17,2018-01-18 18:29:17,1,NA,NA,NA,18983.11624,1748.328561,FALSE,NA,NA,NA,NA,NA,NA,TRUE
"991","A69-1602-2993",991,"Noordzeekanaal","Zaangemaal 3","VR2W-119064",52.437818,4.826197,2018-01-18 20:33:22,2018-01-18 20:33:22,1,NA,NA,NA,18983.11624,1748.328561,FALSE,NA,NA,NA,NA,NA,NA,TRUE
"992","A69-1602-2993",992,"Noordzeekanaal","Zaangemaal 3","VR2W-119064",52.437818,4.826197,2018-01-18 21:37:36,2018-01-18 22:31:27,5,NA,NA,NA,18983.11624,1748.328561,FALSE,NA,NA,NA,NA,NA,NA,TRUE
"993","A69-1602-2993",993,"Noordzeekanaal","Zaangemaal 3","VR2W-119064",52.437818,4.826197,2018-01-18 23:44:25,2018-01-19 01:21:19,15,NA,NA,NA,18983.11624,1748.328561,FALSE,NA,NA,NA,NA,NA,NA,TRUE
"994","A69-1602-2993",994,"Noordzeekanaal","Zaangemaal 3","VR2W-119064",52.437818,4.826197,2018-01-19 06:17:21,2018-01-19 06:59:08,3,NA,NA,NA,18983.11624,1748.328561,FALSE,NA,NA,NA,NA,NA,NA,TRUE
"995","A69-1602-2993",995,"Noordzeekanaal","Zaangemaal 3","VR2W-119064",52.437818,4.826197,2018-01-19 08:46:13,2018-01-19 08:46:13,1,NA,NA,NA,18983.11624,1748.328561,FALSE,NA,NA,NA,NA,NA,NA,TRUE
"996","A69-1602-2993",996,"Noordzeekanaal","Zaangemaal 3","VR2W-119064",52.437818,4.826197,2018-01-19 09:49:28,2018-01-19 15:08:35,44,NA,NA,NA,18983.11624,1748.328561,FALSE,NA,NA,NA,NA,NA,NA,TRUE
"997","A69-1602-2993",997,"Noordzeekanaal","Zaangemaal 3","VR2W-119064",52.437818,4.826197,2018-01-19 16:09:49,2018-01-20 15:40:20,242,NA,NA,NA,18983.11624,1748.328561,FALSE,NA,NA,NA,NA,NA,NA,TRUE
"998","A69-1602-2993",998,"Noordzeekanaal","Zaangemaal 3","VR2W-119064",52.437818,4.826197,2018-01-20 16:42:19,2018-01-20 16:42:57,2,NA,NA,NA,18983.11624,1748.328561,FALSE,NA,NA,NA,NA,NA,NA,TRUE
"999","A69-1602-2993",999,"Noordzeekanaal","Zaangemaal 3","VR2W-119064",52.437818,4.826197,2018-01-20 17:52:34,2018-01-20 17:52:34,1,NA,NA,NA,18983.11624,1748.328561,FALSE,NA,NA,NA,NA,NA,NA,TRUE
"1000","A69-1602-2993",1000,"Noordzeekanaal","Zaangemaal 3","VR2W-119064",52.437818,4.826197,2018-01-20 20:04:31,2018-01-21 20:52:47,658,NA,NA,NA,18983.11624,1748.328561,FALSE,NA,NA,NA,NA,NA,NA,TRUE
"1001","A69-1602-2993",1001,"Noordzeekanaal","Zaangemaal 3","VR2W-119064",52.437818,4.826197,2018-01-21 22:27:50,2018-01-22 06:51:29,134,NA,NA,NA,18983.11624,1748.328561,FALSE,NA,NA,NA,NA,NA,NA,TRUE
"1002","A69-1602-2993",1002,"Noordzeekanaal","Zaangemaal 3","VR2W-119064",52.437818,4.826197,2018-01-22 08:08:42,2018-01-31 21:33:20,13775,NA,NA,NA,18983.11624,1748.328561,FALSE,NA,NA,NA,NA,NA,NA,TRUE
"1003","A69-1602-2993",1003,"Noordzeekanaal","Zaangemaal 3","VR2W-119064",52.437818,4.826197,2018-01-31 23:47:22,2018-02-01 02:28:55,19,NA,NA,NA,18983.11624,1748.328561,FALSE,NA,NA,NA,NA,NA,NA,TRUE
"1004","A69-1602-2993",1004,"Noordzeekanaal","Zaangemaal 3","VR2W-119064",52.437818,4.826197,2018-02-01 03:32:52,2018-02-01 04:54:41,11,NA,NA,NA,18983.11624,1748.328561,FALSE,NA,NA,NA,NA,NA,NA,TRUE
"1005","A69-1602-2993",1005,"Noordzeekanaal","Zaangemaal 3","VR2W-119064",52.437818,4.826197,2018-02-01 06:48:01,2018-02-01 07:42:01,5,NA,NA,NA,18983.11624,1748.328561,FALSE,NA,NA,NA,NA,NA,NA,TRUE
"1006","A69-1602-2993",1006,"Noordzeekanaal","Zaangemaal 3","VR2W-119064",52.437818,4.826197,2018-02-01 09:05:28,2018-02-01 12:18:44,41,NA,NA,NA,18983.11624,1748.328561,FALSE,NA,NA,NA,NA,NA,NA,TRUE
"1007","A69-1602-2993",1007,"Noordzeekanaal","Zaangemaal 3","VR2W-119064",52.437818,4.826197,2018-02-01 14:16:44,2018-02-01 16:03:21,4,NA,NA,NA,18983.11624,1748.328561,FALSE,NA,NA,NA,NA,NA,NA,TRUE
"1008","A69-1602-2993",1008,"Noordzeekanaal","Zaangemaal 3","VR2W-119064",52.437818,4.826197,2018-02-01 18:48:06,2018-02-01 18:48:56,2,NA,NA,NA,18983.11624,1748.328561,FALSE,NA,NA,NA,NA,NA,NA,TRUE
"1009","A69-1602-2993",1009,"Noordzeekanaal","Zaangemaal 3","VR2W-119064",52.437818,4.826197,2018-02-01 21:16:38,2018-02-01 21:16:38,1,NA,NA,NA,18983.11624,1748.328561,FALSE,NA,NA,NA,NA,NA,NA,TRUE
"1010","A69-1602-2993",1010,"Noordzeekanaal","Zaangemaal 3","VR2W-119064",52.437818,4.826197,2018-02-01 22:37:03,2018-02-02 01:00:45,44,NA,NA,NA,18983.11624,1748.328561,FALSE,NA,NA,NA,NA,NA,NA,TRUE
"1011","A69-1602-2993",1011,"Noordzeekanaal","Zaangemaal 3","VR2W-119064",52.437818,4.826197,2018-02-02 04:36:10,2018-02-02 05:05:30,2,NA,NA,NA,18983.11624,1748.328561,FALSE,NA,NA,NA,NA,NA,NA,TRUE
"1012","A69-1602-2993",1012,"Noordzeekanaal","Zaangemaal 3","VR2W-119064",52.437818,4.826197,2018-02-02 08:38:14,2018-02-02 09:33:47,3,NA,NA,NA,18983.11624,1748.328561,FALSE,NA,NA,NA,NA,NA,NA,TRUE
"1013","A69-1602-2993",1013,"Noordzeekanaal","Zaangemaal 3","VR2W-119064",52.437818,4.826197,2018-02-02 10:39:00,2018-02-02 10:50:01,5,NA,NA,NA,18983.11624,1748.328561,FALSE,NA,NA,NA,NA,NA,NA,TRUE
"1014","A69-1602-2993",1014,"Noordzeekanaal","Zaangemaal 3","VR2W-119064",52.437818,4.826197,2018-02-02 12:22:18,2018-02-02 15:34:14,11,NA,NA,NA,18983.11624,1748.328561,FALSE,NA,NA,NA,NA,NA,NA,TRUE
"1015","A69-1602-2993",1015,"Noordzeekanaal","Zaangemaal 3","VR2W-119064",52.437818,4.826197,2018-02-02 16:42:31,2018-02-03 04:27:07,163,NA,NA,NA,18983.11624,1748.328561,FALSE,NA,NA,NA,NA,NA,NA,TRUE
"1016","A69-1602-2993",1016,"Noordzeekanaal","Zaangemaal 3","VR2W-119064",52.437818,4.826197,2018-02-03 06:26:30,2018-02-03 07:16:02,2,NA,NA,NA,18983.11624,1748.328561,FALSE,NA,NA,NA,NA,NA,NA,TRUE
"1017","A69-1602-2993",1017,"Noordzeekanaal","Zaangemaal 3","VR2W-119064",52.437818,4.826197,2018-02-03 10:02:09,2018-02-03 11:29:14,5,NA,NA,NA,18983.11624,1748.328561,FALSE,NA,NA,NA,NA,NA,NA,TRUE
"1018","A69-1602-2993",1018,"Noordzeekanaal","Zaangemaal 3","VR2W-119064",52.437818,4.826197,2018-02-03 12:31:30,2018-02-03 12:52:15,2,NA,NA,NA,18983.11624,1748.328561,FALSE,NA,NA,NA,NA,NA,NA,TRUE
"1019","A69-1602-2993",1019,"Noordzeekanaal","Zaangemaal 3","VR2W-119064",52.437818,4.826197,2018-02-03 14:46:16,2018-02-03 14:46:16,1,NA,NA,NA,18983.11624,1748.328561,FALSE,NA,NA,NA,NA,NA,NA,TRUE
"1020","A69-1602-2993",1020,"Noordzeekanaal","Zaangemaal 3","VR2W-119064",52.437818,4.826197,2018-02-03 17:14:30,2018-02-03 17:14:30,1,NA,NA,NA,18983.11624,1748.328561,FALSE,NA,NA,NA,NA,NA,NA,TRUE
"1021","A69-1602-2993",1021,"Noordzeekanaal","Zaangemaal 3","VR2W-119064",52.437818,4.826197,2018-02-03 18:28:10,2018-02-03 18:28:10,1,NA,NA,NA,18983.11624,1748.328561,FALSE,NA,NA,NA,NA,NA,NA,TRUE
"1022","A69-1602-2993",1022,"Noordzeekanaal","Zaangemaal 3","VR2W-119064",52.437818,4.826197,2018-02-03 21:27:40,2018-02-03 21:27:40,1,NA,NA,NA,18983.11624,1748.328561,FALSE,NA,NA,NA,NA,NA,NA,TRUE
"1023","A69-1602-2993",1023,"Noordzeekanaal","Zaangemaal 3","VR2W-119064",52.437818,4.826197,2018-02-03 23:21:00,2018-02-03 23:21:00,1,NA,NA,NA,18983.11624,1748.328561,FALSE,NA,NA,NA,NA,NA,NA,TRUE
"1024","A69-1602-2993",1024,"Noordzeekanaal","Zaangemaal 3","VR2W-119064",52.437818,4.826197,2018-02-04 02:23:09,2018-02-04 13:32:08,169,NA,NA,NA,18983.11624,1748.328561,FALSE,NA,NA,NA,NA,NA,NA,TRUE
"1025","A69-1602-2993",1025,"Noordzeekanaal","Zaangemaal 3","VR2W-119064",52.437818,4.826197,2018-02-04 16:10:57,2018-02-06 11:34:05,735,NA,NA,NA,18983.11624,1748.328561,FALSE,NA,NA,NA,NA,NA,NA,TRUE
"1026","A69-1602-2993",1026,"Noordzeekanaal","Zaangemaal 3","VR2W-119064",52.437818,4.826197,2018-02-06 13:44:58,2018-02-06 23:30:57,227,NA,NA,NA,18983.11624,1748.328561,FALSE,NA,NA,NA,NA,NA,NA,TRUE
"1027","A69-1602-2993",1027,"Noordzeekanaal","Zaangemaal 3","VR2W-119064",52.437818,4.826197,2018-02-07 01:38:48,2018-03-01 17:43:45,36762,NA,NA,NA,18983.11624,1748.328561,FALSE,NA,NA,NA,NA,NA,NA,TRUE
"1028","A69-1602-2993",1028,"Noordzeekanaal","Zaangemaal 3","VR2W-119064",52.437818,4.826197,2018-03-01 19:26:04,2018-03-19 09:29:44,24935,NA,NA,NA,18983.11624,1748.328561,NA,NA,NA,NA,NA,NA,NA,TRUE
"1029","A69-1602-2994",1029,"Noordzeekanaal","rel_noordzeekanaal15","none",52.451725,4.818485,2017-11-01 12:40:00,2017-11-01 12:40:00,1,NA,NA,NA,0,0,FALSE,NA,NA,NA,NA,NA,NA,FALSE
"1030","A69-1602-2994",1030,"Noordzeekanaal","Koog ad Zaan","VR2W-130586",52.463171,4.812326,2017-11-02 16:20:02,2017-11-02 16:50:06,10,99602,1465.518499,0.014714,1465.518499,-1465.518499,FALSE,1406.946114,9,2017-11-08 18:35:21,2872.464613,526519,0.00545557636666483,FALSE
"1031","A69-1602-2994",1031,"Noordzeekanaal","Koog ad Zaan","VR2W-130586",52.463171,4.812326,2017-11-03 15:58:53,2017-11-03 16:38:01,10,NA,NA,NA,1465.518499,-1465.518499,FALSE,1406.946114,9,2017-11-08 18:35:21,2872.464613,441388,0.00650779951652514,FALSE
"1032","A69-1602-2994",1032,"Noordzeekanaal","Koog ad Zaan","VR2W-130586",52.463171,4.812326,2017-11-03 20:08:52,2017-11-03 21:02:20,20,NA,NA,NA,1465.518499,-1465.518499,FALSE,1406.946114,9,2017-11-08 18:35:21,2872.464613,426389,0.006736723069779,FALSE
"1033","A69-1602-2994",1033,"Noordzeekanaal","Koog ad Zaan","VR2W-130586",52.463171,4.812326,2017-11-03 23:29:08,2017-11-04 01:04:12,23,NA,NA,NA,1465.518499,-1465.518499,FALSE,1406.946114,9,2017-11-08 18:35:21,2872.464613,414373,0.00693207475631858,FALSE
"1034","A69-1602-2994",1034,"Noordzeekanaal","Koog ad Zaan","VR2W-130586",52.463171,4.812326,2017-11-04 17:59:21,2017-11-05 02:04:40,443,NA,NA,NA,1465.518499,-1465.518499,FALSE,1406.946114,9,2017-11-08 18:35:21,2872.464613,347760,0.00825990514435243,FALSE
"1035","A69-1602-2994",1035,"Noordzeekanaal","Koog ad Zaan","VR2W-130586",52.463171,4.812326,2017-11-08 04:35:05,2017-11-08 09:32:47,152,NA,NA,NA,1465.518499,-1465.518499,FALSE,1406.946114,9,2017-11-08 18:35:21,2872.464613,50416,0.056975258112504,FALSE
"1036","A69-1602-2994",1036,"Noordzeekanaal","Koog ad Zaan","VR2W-130586",52.463171,4.812326,2017-11-08 12:36:29,2017-11-08 15:51:42,142,NA,NA,NA,1465.518499,-1465.518499,TRUE,1406.946114,9,2017-11-08 18:35:21,2872.464613,21532,0.133404449795653,TRUE
"1037","A69-1602-2994",1037,"Noordzeekanaal","Zaangemaal 1","VR2W-119070",52.440868,4.824139,2017-11-08 18:35:21,2017-11-08 20:31:42,136,9819,2872.464613,0.292541,4337.983112,1406.946114,FALSE,NA,NA,NA,NA,NA,NA,TRUE
"1038","A69-1602-2994",1038,"Noordzeekanaal","Zaangemaal 1","VR2W-119070",52.440868,4.824139,2017-11-08 21:37:42,2017-11-09 06:49:02,687,NA,NA,NA,4337.983112,1406.946114,FALSE,NA,NA,NA,NA,NA,NA,TRUE
"1039","A69-1602-2994",1039,"Noordzeekanaal","Zaangemaal 1","VR2W-119070",52.440868,4.824139,2017-11-09 09:14:43,2017-11-09 09:32:31,2,NA,NA,NA,4337.983112,1406.946114,FALSE,NA,NA,NA,NA,NA,NA,TRUE
"1040","A69-1602-2994",1040,"Noordzeekanaal","Zaangemaal 1","VR2W-119070",52.440868,4.824139,2017-11-09 11:25:55,2017-11-09 11:25:55,1,NA,NA,NA,4337.983112,1406.946114,NA,NA,NA,NA,NA,NA,NA,TRUE
"1041","A69-1602-2994",1041,"Noordzeekanaal","Zaangemaal 3","VR2W-119064",52.437818,4.826197,2017-11-09 22:31:11,2017-11-10 01:22:44,215,39916,341.382448,0.008553,4679.36556,1748.328561,NA,NA,NA,NA,NA,NA,NA,TRUE
"1042","A69-1602-2995",1042,"Noordzeekanaal","rel_noordzeekanaal15","none",52.451725,4.818485,2017-11-01 12:40:00,2017-11-01 12:40:00,1,NA,NA,NA,0,0,TRUE,1406.946114,2,2017-11-02 21:18:37,1406.946114,117517,0.011972277321579,TRUE
"1043","A69-1602-2995",1043,"Noordzeekanaal","Zaangemaal 1","VR2W-119070",52.440868,4.824139,2017-11-02 21:18:37,2017-11-02 22:05:21,41,117517,1406.946114,0.011972,1406.946114,1406.946114,FALSE,NA,NA,NA,NA,NA,NA,TRUE
"1044","A69-1602-2995",1044,"Noordzeekanaal","Zaangemaal 1","VR2W-119070",52.440868,4.824139,2017-11-02 23:10:53,2017-11-03 02:43:41,156,NA,NA,NA,1406.946114,1406.946114,FALSE,NA,NA,NA,NA,NA,NA,TRUE
"1045","A69-1602-2995",1045,"Noordzeekanaal","Zaangemaal 1","VR2W-119070",52.440868,4.824139,2017-11-03 05:50:05,2017-11-03 06:46:50,5,NA,NA,NA,1406.946114,1406.946114,FALSE,NA,NA,NA,NA,NA,NA,TRUE
"1046","A69-1602-2995",1046,"Noordzeekanaal","Zaangemaal 1","VR2W-119070",52.440868,4.824139,2017-11-04 05:49:58,2017-11-04 06:24:55,11,NA,NA,NA,1406.946114,1406.946114,FALSE,NA,NA,NA,NA,NA,NA,TRUE
"1047","A69-1602-2995",1047,"Noordzeekanaal","Zaangemaal 1","VR2W-119070",52.440868,4.824139,2017-11-04 13:05:44,2017-11-04 14:07:32,32,NA,NA,NA,1406.946114,1406.946114,FALSE,NA,NA,NA,NA,NA,NA,TRUE
"1048","A69-1602-2995",1048,"Noordzeekanaal","Zaangemaal 1","VR2W-119070",52.440868,4.824139,2017-11-04 18:28:59,2017-11-04 19:43:05,50,NA,NA,NA,1406.946114,1406.946114,FALSE,NA,NA,NA,NA,NA,NA,TRUE
"1049","A69-1602-2995",1049,"Noordzeekanaal","Zaangemaal 1","VR2W-119070",52.440868,4.824139,2017-11-05 11:19:50,2017-11-05 12:18:22,45,NA,NA,NA,1406.946114,1406.946114,FALSE,NA,NA,NA,NA,NA,NA,TRUE
"1050","A69-1602-2995",1050,"Noordzeekanaal","Koog ad Zaan","VR2W-130586",52.463171,4.812326,2017-11-05 13:39:08,2017-11-05 16:40:22,129,4846,2872.464613,0.59275,4279.410727,-1465.518499,NA,NA,NA,NA,NA,NA,NA,TRUE
"1051","A69-1602-2996",1051,"Noordzeekanaal","rel_noordzeekanaal15","none",52.451725,4.818485,2017-11-01 12:40:00,2017-11-01 12:40:00,1,NA,NA,NA,0,0,TRUE,1506.934822,2,2017-11-02 00:45:12,1506.934822,43512,0.0346326259882331,TRUE
"1052","A69-1602-2996",1052,"Noordzeekanaal","Zaangemaal 2","VR2W-120094",52.440083,4.824859,2017-11-02 00:45:12,2017-11-02 03:51:45,152,43512,1506.934822,0.034633,1506.934822,1506.934822,FALSE,19824.394896,5,2017-11-06 16:34:31,18317.460074,402559,0.0455025476364955,TRUE
"1053","A69-1602-2996",1053,"Noordzeekanaal","Zaangemaal 2","VR2W-120094",52.440083,4.824859,2017-11-02 06:58:07,2017-11-02 09:49:07,47,NA,NA,NA,1506.934822,1506.934822,FALSE,NA,NA,NA,NA,NA,NA,TRUE
"1054","A69-1602-2996",1054,"Noordzeekanaal","Zaangemaal 1","VR2W-119070",52.440868,4.824139,2017-11-03 16:04:03,2017-11-03 17:58:02,88,108896,99.988708,0.000918,1606.92353,1406.946114,TRUE,19824.394896,5,2017-11-06 16:34:31,18417.448782,261028,0.0705573684892042,TRUE
"1055","A69-1602-2996",1055,"Noordzeekanaal","Noordzeekanaal","VR2W-114165",52.462798,4.633995,2017-11-06 16:34:31,2017-11-06 17:05:20,21,254189,18417.448782,0.072456,20024.372312,19824.394896,TRUE,21431.313895,6,2017-11-06 17:05:28,1606.918999,1857,0.86533064028002,TRUE
"1056","A69-1602-2996",1056,"Noordzeekanaal","Grote sluis NZK","VR2W-114178",52.467488,4.613347,2017-11-06 17:05:28,2017-11-06 17:05:28,1,8,1606.918999,200.864875,21631.291311,21431.313895,FALSE,NA,NA,NA,NA,NA,NA,TRUE
"1057","A69-1602-2996",1057,"Noordzeekanaal","Noordzeekanaal","VR2W-114165",52.462798,4.633995,2017-11-06 17:06:45,2017-11-06 17:07:22,2,77,1606.918999,20.869078,23238.21031,19824.394896,TRUE,21431.313895,8,2017-11-06 17:08:55,1606.918999,130,12.3609153769231,TRUE
"1058","A69-1602-2996",1058,"Noordzeekanaal","Grote sluis NZK","VR2W-114178",52.467488,4.613347,2017-11-06 17:08:55,2017-11-06 17:08:55,1,93,1606.918999,17.278699,24845.129309,21431.313895,FALSE,NA,NA,NA,NA,NA,NA,TRUE
"1059","A69-1602-2996",1059,"Noordzeekanaal","Noordzeekanaal","VR2W-114165",52.462798,4.633995,2017-11-06 17:09:24,2017-11-06 17:19:41,5,29,1606.918999,55.411,26452.048308,19824.394896,TRUE,21996.934019,10,2017-11-06 17:36:56,2172.539123,1652,1.31509632142857,TRUE
"1060","A69-1602-2996",1060,"Noordzeekanaal","Spuisluis NZK","VR2W-114167",52.470646,4.607811,2017-11-06 17:36:56,2017-11-06 18:50:17,57,1035,2172.539123,2.099072,28624.587431,21996.934019,FALSE,NA,NA,NA,NA,NA,NA,TRUE
"1061","A69-1602-2996",1061,"Noordzeekanaal","Noordzeekanaal","VR2W-114165",52.462798,4.633995,2017-11-06 19:49:01,2017-11-06 19:58:51,5,3524,2172.539123,0.616498,30797.126554,19824.394896,TRUE,21431.313895,12,2017-11-06 19:59:44,1606.918999,643,2.49909642146189,TRUE
"1062","A69-1602-2996",1062,"Noordzeekanaal","Grote sluis NZK","VR2W-114178",52.467488,4.613347,2017-11-06 19:59:44,2017-11-06 22:54:33,89,53,1606.918999,30.319226,32404.045553,21431.313895,TRUE,22706.898281,13,2017-11-06 23:25:50,1275.584386,12366,0.103152546174996,TRUE
"1063","A69-1602-2996",1063,"Noordzeekanaal","Kleine sluis NZK","VR2W-132415",52.464559,4.592909,2017-11-06 23:25:50,2017-11-07 03:41:01,190,1877,1524.085346,0.811979,33928.130899,22706.898281,FALSE,NA,NA,NA,NA,NA,NA,TRUE
"1064","A69-1602-2996",1064,"Noordzeekanaal","Middensluis NZK","VR2W-132417",52.465373,4.601803,2017-11-07 05:02:49,2017-11-07 13:34:01,278,4908,641.346055,0.130674,34569.476954,22148.385879,NA,NA,NA,NA,NA,NA,NA,TRUE
"1065","A69-1602-2997",1065,"Noordzeekanaal","rel_noordzeekanaal15","none",52.451725,4.818485,2017-11-01 12:40:00,2017-11-01 12:40:00,1,NA,NA,NA,0,0,TRUE,1406.946114,2,2017-11-01 20:59:43,1406.946114,29983,0.0469247945168929,TRUE
"1066","A69-1602-2997",1066,"Noordzeekanaal","Zaangemaal 1","VR2W-119070",52.440868,4.824139,2017-11-01 20:59:43,2017-11-01 22:17:46,63,29983,1406.946114,0.046925,1406.946114,1406.946114,FALSE,NA,NA,NA,NA,NA,NA,TRUE
"1067","A69-1602-2997",1067,"Noordzeekanaal","Koog ad Zaan","VR2W-130586",52.463171,4.812326,2017-11-02 03:52:26,2017-11-02 11:27:55,378,20080,2872.464613,0.143051,4279.410727,-1465.518499,FALSE,NA,NA,NA,NA,NA,NA,TRUE
"1068","A69-1602-2997",1068,"Noordzeekanaal","Koog ad Zaan","VR2W-130586",52.463171,4.812326,2017-11-02 12:39:51,2017-11-03 08:25:48,1244,NA,NA,NA,4279.410727,-1465.518499,FALSE,NA,NA,NA,NA,NA,NA,TRUE
"1069","A69-1602-2997",1069,"Noordzeekanaal","Koog ad Zaan","VR2W-130586",52.463171,4.812326,2017-11-03 11:50:04,2017-11-03 12:05:30,6,NA,NA,NA,4279.410727,-1465.518499,FALSE,NA,NA,NA,NA,NA,NA,TRUE
"1070","A69-1602-2997",1070,"Noordzeekanaal","Koog ad Zaan","VR2W-130586",52.463171,4.812326,2017-11-03 13:21:06,2017-11-03 13:41:11,2,NA,NA,NA,4279.410727,-1465.518499,FALSE,NA,NA,NA,NA,NA,NA,TRUE
"1071","A69-1602-2997",1071,"Noordzeekanaal","Koog ad Zaan","VR2W-130586",52.463171,4.812326,2017-11-03 15:48:20,2017-11-03 18:30:20,97,NA,NA,NA,4279.410727,-1465.518499,FALSE,NA,NA,NA,NA,NA,NA,TRUE
"1072","A69-1602-2997",1072,"Noordzeekanaal","Koog ad Zaan","VR2W-130586",52.463171,4.812326,2017-11-13 23:05:10,2017-11-14 08:36:34,477,NA,NA,NA,4279.410727,-1465.518499,FALSE,NA,NA,NA,NA,NA,NA,TRUE
"1073","A69-1602-2997",1073,"Noordzeekanaal","Koog ad Zaan","VR2W-130586",52.463171,4.812326,2017-11-14 15:52:30,2017-11-14 19:48:28,210,NA,NA,NA,4279.410727,-1465.518499,NA,NA,NA,NA,NA,NA,NA,TRUE
"1074","A69-1602-2998",1074,"Noordzeekanaal","rel_noordzeekanaal2","none",52.409056,4.927359,2017-10-11 15:30:00,2017-10-11 15:30:00,1,NA,NA,NA,0,0,FALSE,3338.096029,2,2017-11-15 21:16:47,3338.096029,3044807,0.00109632434141146,FALSE
"1075","A69-1602-2998",1075,"Noordzeekanaal","Willem 2 sluis 2","VR2W-130587",52.383677,4.907053,2017-11-15 21:16:47,2017-11-15 21:52:17,6,3044807,3338.096029,0.001096,3338.096029,3338.096029,FALSE,NA,NA,NA,NA,NA,NA,FALSE
"1076","A69-1602-2998",1076,"Noordzeekanaal","Willem 2 sluis 2","VR2W-130587",52.383677,4.907053,2017-11-16 00:28:54,2017-11-16 00:28:54,1,NA,NA,NA,3338.096029,3338.096029,FALSE,NA,NA,NA,NA,NA,NA,FALSE
"1077","A69-1602-2998",1077,"Noordzeekanaal","Willem 2 sluis 2","VR2W-130587",52.383677,4.907053,2017-11-16 01:44:31,2017-11-16 02:10:11,7,NA,NA,NA,3338.096029,3338.096029,FALSE,NA,NA,NA,NA,NA,NA,FALSE
"1078","A69-1602-2998",1078,"Noordzeekanaal","Willem 2 sluis 2","VR2W-130587",52.383677,4.907053,2017-11-16 03:57:29,2017-11-16 03:58:23,2,NA,NA,NA,3338.096029,3338.096029,FALSE,NA,NA,NA,NA,NA,NA,FALSE
"1079","A69-1602-2998",1079,"Noordzeekanaal","Willem 2 sluis 2","VR2W-130587",52.383677,4.907053,2017-11-21 18:43:40,2017-11-21 19:04:45,2,NA,NA,NA,3338.096029,3338.096029,FALSE,NA,NA,NA,NA,NA,NA,FALSE
"1080","A69-1602-2998",1080,"Noordzeekanaal","Willem 2 sluis 2","VR2W-130587",52.383677,4.907053,2017-11-21 23:02:03,2017-11-21 23:02:03,1,NA,NA,NA,3338.096029,3338.096029,FALSE,NA,NA,NA,NA,NA,NA,FALSE
"1081","A69-1602-2998",1081,"Noordzeekanaal","Willem 2 sluis 2","VR2W-130587",52.383677,4.907053,2017-12-07 22:58:26,2017-12-08 00:33:45,12,NA,NA,NA,3338.096029,3338.096029,NA,NA,NA,NA,NA,NA,NA,FALSE
"1082","A69-1602-2999",1082,"Noordzeekanaal","rel_noordzeekanaal2","none",52.409056,4.927359,2017-10-11 15:30:00,2017-10-11 15:30:00,1,NA,NA,NA,0,0,FALSE,3338.096029,2,2017-10-17 20:30:12,3338.096029,536412,0.00622300774218325,FALSE
"1083","A69-1602-2999",1083,"Noordzeekanaal","Willem 2 sluis 2","VR2W-130587",52.383677,4.907053,2017-10-17 20:30:12,2017-10-17 20:30:12,1,536412,3338.096029,0.006223,3338.096029,3338.096029,FALSE,NA,NA,NA,NA,NA,NA,FALSE
"1084","A69-1602-2999",1084,"Noordzeekanaal","Willem 2 sluis 2","VR2W-130587",52.383677,4.907053,2017-10-17 21:31:20,2017-10-17 21:31:20,1,NA,NA,NA,3338.096029,3338.096029,FALSE,NA,NA,NA,NA,NA,NA,FALSE
"1085","A69-1602-2999",1085,"Noordzeekanaal","Willem 2 sluis 2","VR2W-130587",52.383677,4.907053,2017-10-21 20:17:09,2017-10-21 20:23:32,3,NA,NA,NA,3338.096029,3338.096029,FALSE,NA,NA,NA,NA,NA,NA,FALSE
"1086","A69-1602-2999",1086,"Noordzeekanaal","Willem 2 sluis 2","VR2W-130587",52.383677,4.907053,2017-10-21 21:35:06,2017-10-21 23:10:47,7,NA,NA,NA,3338.096029,3338.096029,FALSE,NA,NA,NA,NA,NA,NA,FALSE
"1087","A69-1602-2999",1087,"Noordzeekanaal","Willem 2 sluis 2","VR2W-130587",52.383677,4.907053,2017-11-22 21:38:51,2017-11-22 23:06:15,12,NA,NA,NA,3338.096029,3338.096029,FALSE,NA,NA,NA,NA,NA,NA,FALSE
"1088","A69-1602-2999",1088,"Noordzeekanaal","Willem 2 sluis 2","VR2W-130587",52.383677,4.907053,2017-11-23 00:21:15,2017-11-23 01:45:03,4,NA,NA,NA,3338.096029,3338.096029,NA,NA,NA,NA,NA,NA,NA,FALSE
"1089","A69-1602-3000",1089,"Noordzeekanaal","rel_noordzeekanaal2","none",52.409056,4.927359,2017-10-11 15:30:00,2017-10-11 21:09:17,116,NA,NA,NA,0,0,FALSE,NA,NA,NA,NA,NA,NA,FALSE
"1090","A69-1602-3000",1090,"Noordzeekanaal","Kadoelen 5","VR2W-130998",52.411317,4.9304,2017-10-11 22:27:23,2017-10-12 01:43:43,47,4686,382.798771,0.08169,382.798771,-382.798771,FALSE,3338.096029,5,2017-10-20 22:29:15,3720.8948,777712,0.00478441222457671,FALSE
"1091","A69-1602-3000",1091,"Noordzeekanaal","Kadoelen 5","VR2W-130998",52.411317,4.9304,2017-10-13 02:12:23,2017-10-13 02:12:23,1,NA,NA,NA,382.798771,-382.798771,FALSE,3338.096029,5,2017-10-20 22:29:15,3720.8948,677812,0.00548956760871746,FALSE
"1092","A69-1602-3000",1092,"Noordzeekanaal","Kadoelen 5","VR2W-130998",52.411317,4.9304,2017-10-14 17:39:46,2017-10-14 19:26:40,44,NA,NA,NA,382.798771,-382.798771,FALSE,3338.096029,5,2017-10-20 22:29:15,3720.8948,535769,0.00694496098131844,FALSE
"1093","A69-1602-3000",1093,"Noordzeekanaal","Willem 2 sluis 2","VR2W-130587",52.383677,4.907053,2017-10-20 22:29:15,2017-10-20 22:30:46,2,529355,3720.8948,0.007029,4103.693571,3338.096029,FALSE,NA,NA,NA,NA,NA,NA,FALSE
"1094","A69-1602-3000",1094,"Noordzeekanaal","Kadoelen 5","VR2W-130998",52.411317,4.9304,2018-02-09 12:38:14,2018-02-09 14:43:30,98,9641248,3720.8948,0.000386,7824.588371,-382.798771,FALSE,NA,NA,NA,NA,NA,NA,FALSE
"1095","A69-1602-3000",1095,"Noordzeekanaal","Kadoelen 5","VR2W-130998",52.411317,4.9304,2018-02-09 17:01:20,2018-02-09 17:36:10,10,NA,NA,NA,7824.588371,-382.798771,FALSE,NA,NA,NA,NA,NA,NA,FALSE
"1096","A69-1602-3000",1096,"Noordzeekanaal","Kadoelen 5","VR2W-130998",52.411317,4.9304,2018-02-10 06:49:34,2018-02-10 06:51:06,3,NA,NA,NA,7824.588371,-382.798771,FALSE,NA,NA,NA,NA,NA,NA,FALSE
"1097","A69-1602-3000",1097,"Noordzeekanaal","Kadoelen 5","VR2W-130998",52.411317,4.9304,2018-02-10 09:35:06,2018-02-10 10:30:18,8,NA,NA,NA,7824.588371,-382.798771,FALSE,NA,NA,NA,NA,NA,NA,FALSE
"1098","A69-1602-3000",1098,"Noordzeekanaal","Kadoelen 5","VR2W-130998",52.411317,4.9304,2018-02-10 16:38:57,2018-02-10 17:55:12,32,NA,NA,NA,7824.588371,-382.798771,FALSE,NA,NA,NA,NA,NA,NA,FALSE
"1099","A69-1602-3000",1099,"Noordzeekanaal","Kadoelen 5","VR2W-130998",52.411317,4.9304,2018-02-12 15:37:44,2018-02-12 15:58:06,8,NA,NA,NA,7824.588371,-382.798771,NA,NA,NA,NA,NA,NA,NA,FALSE
"1100","A69-1602-3001",1100,"Noordzeekanaal","rel_noordzeekanaal2","none",52.409056,4.927359,2017-10-11 15:30:00,2017-10-11 15:30:00,1,NA,NA,NA,0,0,FALSE,3338.096029,2,2017-11-16 20:49:57,3338.096029,3129597,0.00106662168611486,FALSE
"1101","A69-1602-3001",1101,"Noordzeekanaal","Willem 2 sluis 2","VR2W-130587",52.383677,4.907053,2017-11-16 20:49:57,2017-11-16 20:49:57,1,3129597,3338.096029,0.001067,3338.096029,3338.096029,FALSE,NA,NA,NA,NA,NA,NA,FALSE
"1102","A69-1602-3001",1102,"Noordzeekanaal","Kadoelen 5","VR2W-130998",52.411317,4.9304,2018-02-14 04:08:26,2018-02-15 00:53:42,488,7715909,3720.8948,0.000482,7058.990829,-382.798771,FALSE,NA,NA,NA,NA,NA,NA,FALSE
"1103","A69-1602-3001",1103,"Noordzeekanaal","Kadoelen 5","VR2W-130998",52.411317,4.9304,2018-02-15 02:25:37,2018-02-16 09:45:08,665,NA,NA,NA,7058.990829,-382.798771,FALSE,NA,NA,NA,NA,NA,NA,FALSE
"1104","A69-1602-3001",1104,"Noordzeekanaal","Kadoelen 5","VR2W-130998",52.411317,4.9304,2018-02-16 11:56:12,2018-02-16 15:16:48,89,NA,NA,NA,7058.990829,-382.798771,FALSE,NA,NA,NA,NA,NA,NA,FALSE
"1105","A69-1602-3001",1105,"Noordzeekanaal","Kadoelen 5","VR2W-130998",52.411317,4.9304,2018-02-16 16:39:37,2018-02-16 23:40:07,135,NA,NA,NA,7058.990829,-382.798771,FALSE,NA,NA,NA,NA,NA,NA,FALSE
"1106","A69-1602-3001",1106,"Noordzeekanaal","Kadoelen 5","VR2W-130998",52.411317,4.9304,2018-02-17 01:11:42,2018-02-17 14:04:07,314,NA,NA,NA,7058.990829,-382.798771,NA,NA,NA,NA,NA,NA,NA,FALSE
"1107","A69-1602-3002",1107,"Noordzeekanaal","rel_noordzeekanaal2","none",52.409056,4.927359,2017-10-11 15:30:00,2017-10-14 08:17:32,4033,NA,NA,NA,0,0,FALSE,NA,NA,NA,NA,NA,NA,FALSE
"1108","A69-1602-3002",1108,"Noordzeekanaal","Kadoelen 5","VR2W-130998",52.411317,4.9304,2017-10-20 20:41:52,2017-10-21 08:20:31,738,563060,382.798771,0.00068,382.798771,-382.798771,FALSE,1648.337839,3,2017-10-25 14:28:16,2031.13661,409584,0.00495902332610649,FALSE
"1109","A69-1602-3002",1109,"Noordzeekanaal","Kadoelen 2","VR2W-131002",52.417517,4.913867,2017-10-25 14:28:16,2017-10-25 15:04:53,42,367665,1489.776242,0.004052,1872.575013,1648.337839,FALSE,NA,NA,NA,NA,NA,NA,FALSE
"1110","A69-1602-3002",1110,"Noordzeekanaal","Kadoelen 2","VR2W-131002",52.417517,4.913867,2017-10-25 16:53:40,2017-10-25 17:58:41,13,NA,NA,NA,1872.575013,1648.337839,FALSE,NA,NA,NA,NA,NA,NA,FALSE
"1111","A69-1602-3002",1111,"Noordzeekanaal","Kadoelen 2","VR2W-131002",52.417517,4.913867,2017-10-28 03:29:19,2017-10-28 04:13:49,8,NA,NA,NA,1872.575013,1648.337839,FALSE,NA,NA,NA,NA,NA,NA,FALSE
"1112","A69-1602-3002",1112,"Noordzeekanaal","Kadoelen 2","VR2W-131002",52.417517,4.913867,2017-11-02 07:45:01,2017-11-02 09:10:46,41,NA,NA,NA,1872.575013,1648.337839,FALSE,NA,NA,NA,NA,NA,NA,FALSE
"1113","A69-1602-3002",1113,"Noordzeekanaal","Kadoelen 2","VR2W-131002",52.417517,4.913867,2017-11-03 23:45:25,2017-11-04 06:03:55,397,NA,NA,NA,1872.575013,1648.337839,FALSE,NA,NA,NA,NA,NA,NA,FALSE
"1114","A69-1602-3002",1114,"Noordzeekanaal","Kadoelen 2","VR2W-131002",52.417517,4.913867,2017-11-05 12:46:33,2017-11-05 13:40:55,42,NA,NA,NA,1872.575013,1648.337839,FALSE,NA,NA,NA,NA,NA,NA,FALSE
"1115","A69-1602-3002",1115,"Noordzeekanaal","Kadoelen 2","VR2W-131002",52.417517,4.913867,2017-11-06 05:41:42,2017-11-06 07:04:28,28,NA,NA,NA,1872.575013,1648.337839,FALSE,NA,NA,NA,NA,NA,NA,FALSE
"1116","A69-1602-3002",1116,"Noordzeekanaal","Kadoelen 2","VR2W-131002",52.417517,4.913867,2017-11-06 17:08:49,2017-11-06 19:46:27,111,NA,NA,NA,1872.575013,1648.337839,FALSE,NA,NA,NA,NA,NA,NA,FALSE
"1117","A69-1602-3002",1117,"Noordzeekanaal","Kadoelen 2","VR2W-131002",52.417517,4.913867,2017-11-06 20:56:08,2017-11-06 20:56:08,1,NA,NA,NA,1872.575013,1648.337839,FALSE,NA,NA,NA,NA,NA,NA,FALSE
"1118","A69-1602-3002",1118,"Noordzeekanaal","Kadoelen 2","VR2W-131002",52.417517,4.913867,2017-11-10 19:08:28,2017-11-10 19:26:44,18,NA,NA,NA,1872.575013,1648.337839,FALSE,NA,NA,NA,NA,NA,NA,FALSE
"1119","A69-1602-3002",1119,"Noordzeekanaal","Kadoelen 2","VR2W-131002",52.417517,4.913867,2017-11-12 12:28:26,2017-11-12 12:51:13,11,NA,NA,NA,1872.575013,1648.337839,FALSE,NA,NA,NA,NA,NA,NA,FALSE
"1120","A69-1602-3002",1120,"Noordzeekanaal","Kadoelen 2","VR2W-131002",52.417517,4.913867,2017-11-12 20:50:09,2017-11-13 02:30:19,260,NA,NA,NA,1872.575013,1648.337839,FALSE,NA,NA,NA,NA,NA,NA,FALSE
"1121","A69-1602-3002",1121,"Noordzeekanaal","Kadoelen 5","VR2W-130998",52.411317,4.9304,2017-11-13 03:24:52,2017-11-13 04:04:23,25,3273,1489.776242,0.455171,3362.351255,-382.798771,NA,NA,NA,NA,NA,NA,NA,FALSE
"1122","A69-1602-3003",1122,"Noordzeekanaal","rel_noordzeekanaal2","none",52.409056,4.927359,2017-10-11 15:30:00,2017-10-14 08:16:45,3738,NA,NA,NA,0,0,FALSE,1648.337839,2,2017-10-18 13:43:33,1648.337839,598413,0.0027545154249657,FALSE
"1123","A69-1602-3003",1123,"Noordzeekanaal","Kadoelen 2","VR2W-131002",52.417517,4.913867,2017-10-18 13:43:33,2017-10-18 18:26:09,309,365208,1648.337839,0.004513,1648.337839,1648.337839,NA,NA,NA,NA,NA,NA,NA,FALSE
"1124","A69-1602-3004",1124,"Noordzeekanaal","rel_noordzeekanaal2","none",52.409056,4.927359,2017-10-11 15:30:00,2017-10-11 15:30:00,1,NA,NA,NA,0,0,FALSE,NA,NA,NA,NA,NA,NA,FALSE
"1125","A69-1602-3004",1125,"Noordzeekanaal","Kadoelen 5","VR2W-130998",52.411317,4.9304,2017-10-11 16:44:11,2017-10-11 16:44:11,1,4451,382.798771,0.086003,382.798771,-382.798771,FALSE,1648.337839,17,2018-01-01 21:21:58,2031.13661,7101467,0.000286016482228249,FALSE
"1126","A69-1602-3004",1126,"Noordzeekanaal","Kadoelen 5","VR2W-130998",52.411317,4.9304,2017-10-11 21:20:58,2017-10-11 21:20:58,1,NA,NA,NA,382.798771,-382.798771,FALSE,1648.337839,17,2018-01-01 21:21:58,2031.13661,7084860,0.00028668690842162,FALSE
"1127","A69-1602-3004",1127,"Noordzeekanaal","Kadoelen 5","VR2W-130998",52.411317,4.9304,2017-10-11 23:53:48,2017-10-12 03:35:33,15,NA,NA,NA,382.798771,-382.798771,FALSE,1648.337839,17,2018-01-01 21:21:58,2031.13661,7075690,0.000287058450836597,FALSE
"1128","A69-1602-3004",1128,"Noordzeekanaal","Kadoelen 5","VR2W-130998",52.411317,4.9304,2017-10-12 05:29:13,2017-10-13 05:47:56,503,NA,NA,NA,382.798771,-382.798771,FALSE,1648.337839,17,2018-01-01 21:21:58,2031.13661,7055565,0.000287877244416287,FALSE
"1129","A69-1602-3004",1129,"Noordzeekanaal","Kadoelen 5","VR2W-130998",52.411317,4.9304,2017-10-13 08:00:30,2017-10-13 08:19:52,4,NA,NA,NA,382.798771,-382.798771,FALSE,1648.337839,17,2018-01-01 21:21:58,2031.13661,6960088,0.000291826282943549,FALSE
"1130","A69-1602-3004",1130,"Noordzeekanaal","Kadoelen 5","VR2W-130998",52.411317,4.9304,2017-10-13 09:58:17,2017-10-13 09:58:17,1,NA,NA,NA,382.798771,-382.798771,FALSE,1648.337839,17,2018-01-01 21:21:58,2031.13661,6953021,0.000292122893056126,FALSE
"1131","A69-1602-3004",1131,"Noordzeekanaal","Kadoelen 5","VR2W-130998",52.411317,4.9304,2017-10-13 11:34:08,2017-10-13 22:25:21,123,NA,NA,NA,382.798771,-382.798771,FALSE,1648.337839,17,2018-01-01 21:21:58,2031.13661,6947270,0.00029236471448497,FALSE
"1132","A69-1602-3004",1132,"Noordzeekanaal","Kadoelen 5","VR2W-130998",52.411317,4.9304,2017-10-13 23:25:58,2017-10-13 23:46:41,3,NA,NA,NA,382.798771,-382.798771,FALSE,1648.337839,17,2018-01-01 21:21:58,2031.13661,6904560,0.000294173214513307,FALSE
"1133","A69-1602-3004",1133,"Noordzeekanaal","Kadoelen 5","VR2W-130998",52.411317,4.9304,2017-10-14 00:58:38,2017-10-14 09:35:02,211,NA,NA,NA,382.798771,-382.798771,FALSE,1648.337839,17,2018-01-01 21:21:58,2031.13661,6899000,0.000294410292796057,FALSE
"1134","A69-1602-3004",1134,"Noordzeekanaal","Kadoelen 5","VR2W-130998",52.411317,4.9304,2017-10-15 04:11:55,2017-10-15 05:17:07,3,NA,NA,NA,382.798771,-382.798771,FALSE,1648.337839,17,2018-01-01 21:21:58,2031.13661,6801003,0.000298652509049033,FALSE
"1135","A69-1602-3004",1135,"Noordzeekanaal","Kadoelen 5","VR2W-130998",52.411317,4.9304,2017-10-17 17:42:09,2017-10-17 18:36:45,2,NA,NA,NA,382.798771,-382.798771,FALSE,1648.337839,17,2018-01-01 21:21:58,2031.13661,6579589,0.000308702657567213,FALSE
"1136","A69-1602-3004",1136,"Noordzeekanaal","Kadoelen 5","VR2W-130998",52.411317,4.9304,2017-10-19 03:05:11,2017-10-19 03:38:04,4,NA,NA,NA,382.798771,-382.798771,FALSE,1648.337839,17,2018-01-01 21:21:58,2031.13661,6459407,0.000314446296695656,FALSE
"1137","A69-1602-3004",1137,"Noordzeekanaal","Kadoelen 5","VR2W-130998",52.411317,4.9304,2017-10-19 05:06:33,2017-10-19 05:15:46,9,NA,NA,NA,382.798771,-382.798771,FALSE,1648.337839,17,2018-01-01 21:21:58,2031.13661,6452125,0.000314801187205766,FALSE
"1138","A69-1602-3004",1138,"Noordzeekanaal","Kadoelen 5","VR2W-130998",52.411317,4.9304,2017-10-19 20:47:54,2017-10-19 20:55:26,2,NA,NA,NA,382.798771,-382.798771,FALSE,1648.337839,17,2018-01-01 21:21:58,2031.13661,6395644,0.000317581249050135,FALSE
"1139","A69-1602-3004",1139,"Noordzeekanaal","Kadoelen 5","VR2W-130998",52.411317,4.9304,2017-10-20 21:06:11,2017-10-21 18:41:35,1506,NA,NA,NA,382.798771,-382.798771,FALSE,1648.337839,17,2018-01-01 21:21:58,2031.13661,6308147,0.000321986252064196,FALSE
"1140","A69-1602-3004",1140,"Noordzeekanaal","Kadoelen 2","VR2W-131002",52.417517,4.913867,2018-01-01 21:21:58,2018-01-01 22:45:45,47,6230423,1489.776242,0.000239,1872.575013,1648.337839,TRUE,24076.586116,19,2018-01-04 02:31:19,22428.248277,191361,0.117203862213304,TRUE
"1141","A69-1602-3004",1141,"Noordzeekanaal","Kadoelen 1","VR2W-119049",52.408503,4.908567,2018-01-01 22:54:51,2018-01-01 22:58:59,5,546,1224.124759,2.241987,3096.699772,2213.958467,TRUE,24076.586116,19,2018-01-04 02:31:19,21862.627649,185788,0.117675133210972,TRUE
"1142","A69-1602-3004",1142,"Noordzeekanaal","Noordzeekanaal","VR2W-114165",52.462798,4.633995,2018-01-04 02:31:19,2018-01-04 05:12:05,244,185540,21862.627648,0.117832,24959.32742,24076.586116,FALSE,25683.505114,23,2018-01-04 20:57:43,1606.918998,66384,0.0242064201916125,TRUE
"1143","A69-1602-3004",1143,"Noordzeekanaal","Noordzeekanaal","VR2W-114165",52.462798,4.633995,2018-01-04 07:21:47,2018-01-04 07:21:47,1,NA,NA,NA,24959.32742,24076.586116,FALSE,25683.505114,23,2018-01-04 20:57:43,1606.918998,48956,0.0328237396437618,TRUE
"1144","A69-1602-3004",1144,"Noordzeekanaal","Noordzeekanaal","VR2W-114165",52.462798,4.633995,2018-01-04 16:57:18,2018-01-04 18:02:05,87,NA,NA,NA,24959.32742,24076.586116,FALSE,25683.505114,23,2018-01-04 20:57:43,1606.918998,14425,0.111398197435009,TRUE
"1145","A69-1602-3004",1145,"Noordzeekanaal","Noordzeekanaal","VR2W-114165",52.462798,4.633995,2018-01-04 19:16:37,2018-01-04 20:15:31,77,NA,NA,NA,24959.32742,24076.586116,TRUE,25683.505114,23,2018-01-04 20:57:43,1606.918998,6066,0.264905868447082,TRUE
"1146","A69-1602-3004",1146,"Noordzeekanaal","Grote sluis NZK","VR2W-114178",52.467488,4.613347,2018-01-04 20:57:43,2018-01-04 21:37:21,6,2532,1606.918999,0.634644,26566.246419,25683.505114,TRUE,27107.602255,24,2018-01-04 21:51:50,1424.097141,3247,0.438588586695412,TRUE
"1147","A69-1602-3004",1147,"Noordzeekanaal","Spuisluis Noordzee","VR2W-132408",52.470319,4.594701,2018-01-04 21:51:50,2018-01-04 21:59:01,14,869,1424.097141,1.638777,27990.34356,27107.602255,NA,NA,NA,NA,NA,NA,NA,TRUE
"1148","A69-1602-3005",1148,"Noordzeekanaal","rel_noordzeekanaal2","none",52.409056,4.927359,2017-10-11 15:30:00,2017-10-11 15:30:00,1,NA,NA,NA,0,0,FALSE,NA,NA,NA,NA,NA,NA,FALSE
"1149","A69-1602-3005",1149,"Noordzeekanaal","Kadoelen 5","VR2W-130998",52.411317,4.9304,2017-10-11 16:52:27,2017-10-11 17:45:00,37,4947,382.798771,0.07738,382.798771,-382.798771,FALSE,3338.096029,3,2017-10-18 21:40:03,3720.8948,622056,0.00598160744370282,FALSE
"1150","A69-1602-3005",1150,"Noordzeekanaal","Willem 2 sluis 2","VR2W-130587",52.383677,4.907053,2017-10-18 21:40:03,2017-10-18 21:41:27,2,618903,3720.8948,0.006012,4103.693571,3338.096029,NA,NA,NA,NA,NA,NA,NA,FALSE
"1151","A69-1602-3006",1151,"Noordzeekanaal","rel_noordzeekanaal2","none",52.409056,4.927359,2017-10-11 15:30:00,2017-10-11 16:26:46,52,NA,NA,NA,0,0,NA,NA,NA,NA,NA,NA,NA,FALSE
"1152","A69-1602-3007",1152,"Noordzeekanaal","rel_noordzeekanaal2","none",52.409056,4.927359,2017-10-11 15:30:00,2017-10-11 15:30:00,1,NA,NA,NA,0,0,FALSE,NA,NA,NA,NA,NA,NA,FALSE
"1153","A69-1602-3007",1153,"Noordzeekanaal","Kadoelen 5","VR2W-130998",52.411317,4.9304,2017-10-12 13:08:33,2017-10-12 13:10:01,3,77913,382.798771,0.004913,382.798771,-382.798771,FALSE,3338.096029,4,2017-10-14 16:11:20,3720.8948,183767,0.0202478943444688,FALSE
"1154","A69-1602-3007",1154,"Noordzeekanaal","Kadoelen 5","VR2W-130998",52.411317,4.9304,2017-10-14 12:33:01,2017-10-14 12:33:01,1,NA,NA,NA,382.798771,-382.798771,TRUE,3338.096029,4,2017-10-14 16:11:20,3720.8948,13099,0.284059454920223,TRUE
"1155","A69-1602-3007",1155,"Noordzeekanaal","Willem 2 sluis 2","VR2W-130587",52.383677,4.907053,2017-10-14 16:11:20,2017-10-14 16:11:20,1,13099,3720.8948,0.284059,4103.693571,3338.096029,FALSE,4469.333761,34,2017-11-10 02:30:26,1131.237732,2283546,0.000495386443715169,TRUE
"1156","A69-1602-3007",1156,"Noordzeekanaal","Willem 2 sluis 2","VR2W-130587",52.383677,4.907053,2017-10-14 17:33:44,2017-10-14 18:15:25,2,NA,NA,NA,4103.693571,3338.096029,FALSE,4469.333761,34,2017-11-10 02:30:26,1131.237732,2278602,0.00049646130917115,TRUE
"1157","A69-1602-3007",1157,"Noordzeekanaal","Willem 2 sluis 2","VR2W-130587",52.383677,4.907053,2017-10-15 17:55:18,2017-10-15 18:56:11,4,NA,NA,NA,4103.693571,3338.096029,FALSE,4469.333761,34,2017-11-10 02:30:26,1131.237732,2190908,0.00051633283186697,TRUE
"1158","A69-1602-3007",1158,"Noordzeekanaal","Willem 2 sluis 2","VR2W-130587",52.383677,4.907053,2017-10-16 13:47:31,2017-10-16 13:47:31,1,NA,NA,NA,4103.693571,3338.096029,FALSE,4469.333761,34,2017-11-10 02:30:26,1131.237732,2119375,0.000533760062282513,TRUE
"1159","A69-1602-3007",1159,"Noordzeekanaal","Willem 2 sluis 2","VR2W-130587",52.383677,4.907053,2017-10-16 17:26:05,2017-10-16 18:16:44,2,NA,NA,NA,4103.693571,3338.096029,FALSE,4469.333761,34,2017-11-10 02:30:26,1131.237732,2106261,0.0005370833586151,TRUE
"1160","A69-1602-3007",1160,"Noordzeekanaal","Willem 2 sluis 2","VR2W-130587",52.383677,4.907053,2017-10-16 19:33:32,2017-10-16 19:51:10,7,NA,NA,NA,4103.693571,3338.096029,FALSE,4469.333761,34,2017-11-10 02:30:26,1131.237732,2098614,0.000539040400950342,TRUE
"1161","A69-1602-3007",1161,"Noordzeekanaal","Willem 2 sluis 2","VR2W-130587",52.383677,4.907053,2017-10-16 21:50:09,2017-10-16 21:58:41,3,NA,NA,NA,4103.693571,3338.096029,FALSE,4469.333761,34,2017-11-10 02:30:26,1131.237732,2090417,0.000541154100832513,TRUE
"1162","A69-1602-3007",1162,"Noordzeekanaal","Willem 2 sluis 2","VR2W-130587",52.383677,4.907053,2017-10-18 17:11:00,2017-10-18 18:05:54,4,NA,NA,NA,4103.693571,3338.096029,FALSE,4469.333761,34,2017-11-10 02:30:26,1131.237732,1934366,0.000584810595306162,TRUE
"1163","A69-1602-3007",1163,"Noordzeekanaal","Willem 2 sluis 2","VR2W-130587",52.383677,4.907053,2017-10-18 19:21:40,2017-10-18 19:59:38,9,NA,NA,NA,4103.693571,3338.096029,FALSE,4469.333761,34,2017-11-10 02:30:26,1131.237732,1926526,0.000587190482765351,TRUE
"1164","A69-1602-3007",1164,"Noordzeekanaal","Willem 2 sluis 2","VR2W-130587",52.383677,4.907053,2017-10-30 16:09:37,2017-10-30 16:29:49,3,NA,NA,NA,4103.693571,3338.096029,FALSE,4469.333761,34,2017-11-10 02:30:26,1131.237732,901249,0.00125518889008476,TRUE
"1165","A69-1602-3007",1165,"Noordzeekanaal","Willem 2 sluis 2","VR2W-130587",52.383677,4.907053,2017-10-30 18:47:16,2017-10-30 18:47:16,1,NA,NA,NA,4103.693571,3338.096029,FALSE,4469.333761,34,2017-11-10 02:30:26,1131.237732,891790,0.00126850237387726,TRUE
"1166","A69-1602-3007",1166,"Noordzeekanaal","Willem 2 sluis 2","VR2W-130587",52.383677,4.907053,2017-10-30 23:32:57,2017-10-31 00:20:26,5,NA,NA,NA,4103.693571,3338.096029,FALSE,4469.333761,34,2017-11-10 02:30:26,1131.237732,874649,0.00129336194519173,TRUE
"1167","A69-1602-3007",1167,"Noordzeekanaal","Willem 2 sluis 2","VR2W-130587",52.383677,4.907053,2017-10-31 20:38:39,2017-10-31 21:26:22,2,NA,NA,NA,4103.693571,3338.096029,FALSE,4469.333761,34,2017-11-10 02:30:26,1131.237732,798707,0.0014163363185749,TRUE
"1168","A69-1602-3007",1168,"Noordzeekanaal","Willem 2 sluis 2","VR2W-130587",52.383677,4.907053,2017-11-01 17:23:21,2017-11-01 17:23:21,1,NA,NA,NA,4103.693571,3338.096029,FALSE,4469.333761,34,2017-11-10 02:30:26,1131.237732,724025,0.0015624291039674,TRUE
"1169","A69-1602-3007",1169,"Noordzeekanaal","Willem 2 sluis 2","VR2W-130587",52.383677,4.907053,2017-11-02 17:29:38,2017-11-02 18:41:54,8,NA,NA,NA,4103.693571,3338.096029,FALSE,4469.333761,34,2017-11-10 02:30:26,1131.237732,637248,0.00177519228306719,TRUE
"1170","A69-1602-3007",1170,"Noordzeekanaal","Willem 2 sluis 2","VR2W-130587",52.383677,4.907053,2017-11-02 20:40:33,2017-11-02 20:44:35,2,NA,NA,NA,4103.693571,3338.096029,FALSE,4469.333761,34,2017-11-10 02:30:26,1131.237732,625793,0.0018076867782158,TRUE
"1171","A69-1602-3007",1171,"Noordzeekanaal","Willem 2 sluis 2","VR2W-130587",52.383677,4.907053,2017-11-02 23:34:42,2017-11-03 00:10:12,3,NA,NA,NA,4103.693571,3338.096029,FALSE,4469.333761,34,2017-11-10 02:30:26,1131.237732,615344,0.00183838264775475,TRUE
"1172","A69-1602-3007",1172,"Noordzeekanaal","Willem 2 sluis 2","VR2W-130587",52.383677,4.907053,2017-11-03 17:10:06,2017-11-03 18:03:19,3,NA,NA,NA,4103.693571,3338.096029,FALSE,4469.333761,34,2017-11-10 02:30:26,1131.237732,552020,0.00204926946849752,TRUE
"1173","A69-1602-3007",1173,"Noordzeekanaal","Willem 2 sluis 2","VR2W-130587",52.383677,4.907053,2017-11-03 20:04:44,2017-11-03 20:15:08,3,NA,NA,NA,4103.693571,3338.096029,FALSE,4469.333761,34,2017-11-10 02:30:26,1131.237732,541542,0.00208891966274084,TRUE
"1174","A69-1602-3007",1174,"Noordzeekanaal","Willem 2 sluis 2","VR2W-130587",52.383677,4.907053,2017-11-04 16:11:44,2017-11-04 17:55:19,13,NA,NA,NA,4103.693571,3338.096029,FALSE,4469.333761,34,2017-11-10 02:30:26,1131.237732,469122,0.00241139347973448,TRUE
"1175","A69-1602-3007",1175,"Noordzeekanaal","Willem 2 sluis 2","VR2W-130587",52.383677,4.907053,2017-11-04 20:46:56,2017-11-04 23:39:22,23,NA,NA,NA,4103.693571,3338.096029,FALSE,4469.333761,34,2017-11-10 02:30:26,1131.237732,452610,0.00249936530788096,TRUE
"1176","A69-1602-3007",1176,"Noordzeekanaal","Willem 2 sluis 2","VR2W-130587",52.383677,4.907053,2017-11-05 17:48:15,2017-11-05 17:48:15,1,NA,NA,NA,4103.693571,3338.096029,FALSE,4469.333761,34,2017-11-10 02:30:26,1131.237732,376931,0.00300117987642301,TRUE
"1177","A69-1602-3007",1177,"Noordzeekanaal","Willem 2 sluis 2","VR2W-130587",52.383677,4.907053,2017-11-06 12:49:54,2017-11-06 12:49:54,1,NA,NA,NA,4103.693571,3338.096029,FALSE,4469.333761,34,2017-11-10 02:30:26,1131.237732,308432,0.00366770546506199,TRUE
"1178","A69-1602-3007",1178,"Noordzeekanaal","Willem 2 sluis 2","VR2W-130587",52.383677,4.907053,2017-11-06 15:00:32,2017-11-06 15:02:05,3,NA,NA,NA,4103.693571,3338.096029,FALSE,4469.333761,34,2017-11-10 02:30:26,1131.237732,300594,0.00376334102477095,TRUE
"1179","A69-1602-3007",1179,"Noordzeekanaal","Willem 2 sluis 2","VR2W-130587",52.383677,4.907053,2017-11-06 16:45:28,2017-11-06 19:47:04,11,NA,NA,NA,4103.693571,3338.096029,FALSE,4469.333761,34,2017-11-10 02:30:26,1131.237732,294298,0.00384385123922011,TRUE
"1180","A69-1602-3007",1180,"Noordzeekanaal","Willem 2 sluis 2","VR2W-130587",52.383677,4.907053,2017-11-06 22:04:05,2017-11-06 22:04:05,1,NA,NA,NA,4103.693571,3338.096029,FALSE,4469.333761,34,2017-11-10 02:30:26,1131.237732,275181,0.00411088604227763,TRUE
"1181","A69-1602-3007",1181,"Noordzeekanaal","Willem 2 sluis 2","VR2W-130587",52.383677,4.907053,2017-11-07 16:51:42,2017-11-07 16:52:24,2,NA,NA,NA,4103.693571,3338.096029,FALSE,4469.333761,34,2017-11-10 02:30:26,1131.237732,207524,0.00545111761531196,TRUE
"1182","A69-1602-3007",1182,"Noordzeekanaal","Willem 2 sluis 2","VR2W-130587",52.383677,4.907053,2017-11-09 14:41:14,2017-11-09 14:41:14,1,NA,NA,NA,4103.693571,3338.096029,FALSE,4469.333761,34,2017-11-10 02:30:26,1131.237732,42552,0.0265848310772702,TRUE
"1183","A69-1602-3007",1183,"Noordzeekanaal","Willem 2 sluis 2","VR2W-130587",52.383677,4.907053,2017-11-09 15:51:51,2017-11-09 16:44:39,2,NA,NA,NA,4103.693571,3338.096029,FALSE,4469.333761,34,2017-11-10 02:30:26,1131.237732,38315,0.0295246700247945,TRUE
"1184","A69-1602-3007",1184,"Noordzeekanaal","Willem 2 sluis 2","VR2W-130587",52.383677,4.907053,2017-11-09 20:26:51,2017-11-09 23:45:35,201,NA,NA,NA,4103.693571,3338.096029,TRUE,4469.333761,34,2017-11-10 02:30:26,1131.237732,21815,0.0518559583772634,TRUE
"1185","A69-1602-3007",1185,"Noordzeekanaal","Oranjesluis","VR2W-102056",52.380016,4.955998,2017-11-10 02:30:26,2017-11-10 08:33:08,399,9891,3423.861235,0.346159,7527.554806,4469.333761,FALSE,7407.476468,35,2018-03-07 19:28:37,2938.142707,10169891,0.000288906017478457,TRUE
"1186","A69-1602-3007",1186,"Noordzeekanaal","ARK Noord","VR2W-119054",52.355706,4.97029,2018-03-07 19:28:37,2018-03-07 19:28:37,1,10148129,3196.690998,0.000315,10724.245804,7407.476468,FALSE,NA,NA,NA,NA,NA,NA,TRUE
"1187","A69-1602-3007",1187,"Noordzeekanaal","ARK Noord","VR2W-119054",52.355706,4.97029,2018-03-07 23:20:58,2018-03-07 23:54:40,7,NA,NA,NA,10724.245804,7407.476468,FALSE,NA,NA,NA,NA,NA,NA,TRUE
"1188","A69-1602-3007",1188,"Noordzeekanaal","ARK Noord","VR2W-119054",52.355706,4.97029,2018-03-08 01:23:51,2018-03-08 04:12:59,31,NA,NA,NA,10724.245804,7407.476468,FALSE,NA,NA,NA,NA,NA,NA,TRUE
"1189","A69-1602-3007",1189,"Noordzeekanaal","ARK Noord","VR2W-119054",52.355706,4.97029,2018-03-08 06:16:53,2018-03-08 07:57:14,7,NA,NA,NA,10724.245804,7407.476468,FALSE,NA,NA,NA,NA,NA,NA,TRUE
"1190","A69-1602-3007",1190,"Noordzeekanaal","ARK Noord","VR2W-119054",52.355706,4.97029,2018-03-08 12:04:57,2018-03-08 12:04:57,1,NA,NA,NA,10724.245804,7407.476468,FALSE,NA,NA,NA,NA,NA,NA,TRUE
"1191","A69-1602-3007",1191,"Noordzeekanaal","ARK Noord","VR2W-119054",52.355706,4.97029,2018-03-08 15:58:22,2018-03-08 16:01:26,2,NA,NA,NA,10724.245804,7407.476468,FALSE,NA,NA,NA,NA,NA,NA,TRUE
"1192","A69-1602-3007",1192,"Noordzeekanaal","ARK Noord","VR2W-119054",52.355706,4.97029,2018-03-08 21:59:53,2018-03-08 22:33:32,13,NA,NA,NA,10724.245804,7407.476468,FALSE,NA,NA,NA,NA,NA,NA,TRUE
"1193","A69-1602-3007",1193,"Noordzeekanaal","ARK Noord","VR2W-119054",52.355706,4.97029,2018-03-08 23:33:42,2018-03-09 07:10:21,88,NA,NA,NA,10724.245804,7407.476468,FALSE,NA,NA,NA,NA,NA,NA,TRUE
"1194","A69-1602-3007",1194,"Noordzeekanaal","ARK Noord","VR2W-119054",52.355706,4.97029,2018-03-09 09:24:40,2018-03-09 11:27:00,12,NA,NA,NA,10724.245804,7407.476468,FALSE,NA,NA,NA,NA,NA,NA,TRUE
"1195","A69-1602-3007",1195,"Noordzeekanaal","ARK Noord","VR2W-119054",52.355706,4.97029,2018-03-09 13:05:38,2018-03-09 14:16:51,32,NA,NA,NA,10724.245804,7407.476468,FALSE,NA,NA,NA,NA,NA,NA,TRUE
"1196","A69-1602-3007",1196,"Noordzeekanaal","ARK Noord","VR2W-119054",52.355706,4.97029,2018-03-09 17:58:44,2018-03-09 19:24:37,18,NA,NA,NA,10724.245804,7407.476468,FALSE,NA,NA,NA,NA,NA,NA,TRUE
"1197","A69-1602-3007",1197,"Noordzeekanaal","ARK Noord","VR2W-119054",52.355706,4.97029,2018-03-09 21:59:57,2018-03-09 22:08:28,2,NA,NA,NA,10724.245804,7407.476468,FALSE,NA,NA,NA,NA,NA,NA,TRUE
"1198","A69-1602-3007",1198,"Noordzeekanaal","ARK Noord","VR2W-119054",52.355706,4.97029,2018-03-10 01:52:19,2018-03-10 02:17:32,8,NA,NA,NA,10724.245804,7407.476468,FALSE,NA,NA,NA,NA,NA,NA,TRUE
"1199","A69-1602-3007",1199,"Noordzeekanaal","ARK Noord","VR2W-119054",52.355706,4.97029,2018-03-10 03:19:26,2018-03-10 04:53:05,15,NA,NA,NA,10724.245804,7407.476468,FALSE,NA,NA,NA,NA,NA,NA,TRUE
"1200","A69-1602-3007",1200,"Noordzeekanaal","ARK Noord","VR2W-119054",52.355706,4.97029,2018-03-10 07:20:07,2018-03-10 08:04:05,16,NA,NA,NA,10724.245804,7407.476468,FALSE,NA,NA,NA,NA,NA,NA,TRUE
"1201","A69-1602-3007",1201,"Noordzeekanaal","ARK Noord","VR2W-119054",52.355706,4.97029,2018-03-10 11:15:47,2018-03-10 11:21:56,4,NA,NA,NA,10724.245804,7407.476468,FALSE,NA,NA,NA,NA,NA,NA,TRUE
"1202","A69-1602-3007",1202,"Noordzeekanaal","ARK Noord","VR2W-119054",52.355706,4.97029,2018-03-10 13:07:12,2018-03-10 16:50:46,40,NA,NA,NA,10724.245804,7407.476468,FALSE,NA,NA,NA,NA,NA,NA,TRUE
"1203","A69-1602-3007",1203,"Noordzeekanaal","ARK Noord","VR2W-119054",52.355706,4.97029,2018-03-10 18:37:52,2018-03-10 18:54:47,4,NA,NA,NA,10724.245804,7407.476468,FALSE,NA,NA,NA,NA,NA,NA,TRUE
"1204","A69-1602-3007",1204,"Noordzeekanaal","ARK Noord","VR2W-119054",52.355706,4.97029,2018-03-10 21:05:39,2018-03-10 21:40:17,7,NA,NA,NA,10724.245804,7407.476468,FALSE,NA,NA,NA,NA,NA,NA,TRUE
"1205","A69-1602-3007",1205,"Noordzeekanaal","ARK Noord","VR2W-119054",52.355706,4.97029,2018-03-11 00:18:56,2018-03-11 00:18:56,1,NA,NA,NA,10724.245804,7407.476468,FALSE,NA,NA,NA,NA,NA,NA,TRUE
"1206","A69-1602-3007",1206,"Noordzeekanaal","ARK Noord","VR2W-119054",52.355706,4.97029,2018-03-11 02:36:44,2018-03-11 03:16:59,4,NA,NA,NA,10724.245804,7407.476468,FALSE,NA,NA,NA,NA,NA,NA,TRUE
"1207","A69-1602-3007",1207,"Noordzeekanaal","ARK Noord","VR2W-119054",52.355706,4.97029,2018-03-11 04:26:00,2018-03-11 04:44:38,6,NA,NA,NA,10724.245804,7407.476468,FALSE,NA,NA,NA,NA,NA,NA,TRUE
"1208","A69-1602-3007",1208,"Noordzeekanaal","ARK Noord","VR2W-119054",52.355706,4.97029,2018-03-11 08:01:06,2018-03-11 08:01:44,2,NA,NA,NA,10724.245804,7407.476468,FALSE,NA,NA,NA,NA,NA,NA,TRUE
"1209","A69-1602-3007",1209,"Noordzeekanaal","ARK Noord","VR2W-119054",52.355706,4.97029,2018-03-11 11:05:11,2018-03-11 11:10:18,2,NA,NA,NA,10724.245804,7407.476468,FALSE,NA,NA,NA,NA,NA,NA,TRUE
"1210","A69-1602-3007",1210,"Noordzeekanaal","ARK Noord","VR2W-119054",52.355706,4.97029,2018-03-11 12:14:06,2018-03-11 13:34:21,15,NA,NA,NA,10724.245804,7407.476468,FALSE,NA,NA,NA,NA,NA,NA,TRUE
"1211","A69-1602-3007",1211,"Noordzeekanaal","ARK Noord","VR2W-119054",52.355706,4.97029,2018-03-11 14:36:31,2018-03-11 18:25:37,65,NA,NA,NA,10724.245804,7407.476468,FALSE,NA,NA,NA,NA,NA,NA,TRUE
"1212","A69-1602-3007",1212,"Noordzeekanaal","ARK Noord","VR2W-119054",52.355706,4.97029,2018-03-11 20:45:38,2018-03-11 21:07:24,6,NA,NA,NA,10724.245804,7407.476468,FALSE,NA,NA,NA,NA,NA,NA,TRUE
"1213","A69-1602-3007",1213,"Noordzeekanaal","ARK Noord","VR2W-119054",52.355706,4.97029,2018-03-11 23:31:34,2018-03-11 23:31:34,1,NA,NA,NA,10724.245804,7407.476468,FALSE,NA,NA,NA,NA,NA,NA,TRUE
"1214","A69-1602-3007",1214,"Noordzeekanaal","ARK Noord","VR2W-119054",52.355706,4.97029,2018-03-12 02:51:44,2018-03-12 02:51:44,1,NA,NA,NA,10724.245804,7407.476468,FALSE,NA,NA,NA,NA,NA,NA,TRUE
"1215","A69-1602-3007",1215,"Noordzeekanaal","ARK Noord","VR2W-119054",52.355706,4.97029,2018-03-12 05:04:19,2018-03-12 06:35:31,10,NA,NA,NA,10724.245804,7407.476468,FALSE,NA,NA,NA,NA,NA,NA,TRUE
"1216","A69-1602-3007",1216,"Noordzeekanaal","ARK Noord","VR2W-119054",52.355706,4.97029,2018-03-12 08:23:48,2018-03-12 08:23:48,1,NA,NA,NA,10724.245804,7407.476468,FALSE,NA,NA,NA,NA,NA,NA,TRUE
"1217","A69-1602-3007",1217,"Noordzeekanaal","ARK Noord","VR2W-119054",52.355706,4.97029,2018-03-12 09:41:03,2018-03-12 16:44:00,60,NA,NA,NA,10724.245804,7407.476468,FALSE,NA,NA,NA,NA,NA,NA,TRUE
"1218","A69-1602-3007",1218,"Noordzeekanaal","ARK Noord","VR2W-119054",52.355706,4.97029,2018-03-12 17:51:14,2018-03-12 18:13:48,6,NA,NA,NA,10724.245804,7407.476468,FALSE,NA,NA,NA,NA,NA,NA,TRUE
"1219","A69-1602-3007",1219,"Noordzeekanaal","ARK Noord","VR2W-119054",52.355706,4.97029,2018-03-12 21:06:40,2018-03-13 05:40:57,185,NA,NA,NA,10724.245804,7407.476468,FALSE,NA,NA,NA,NA,NA,NA,TRUE
"1220","A69-1602-3007",1220,"Noordzeekanaal","ARK Noord","VR2W-119054",52.355706,4.97029,2018-03-13 10:07:37,2018-03-13 10:39:31,3,NA,NA,NA,10724.245804,7407.476468,FALSE,NA,NA,NA,NA,NA,NA,TRUE
"1221","A69-1602-3007",1221,"Noordzeekanaal","ARK Noord","VR2W-119054",52.355706,4.97029,2018-03-13 13:22:47,2018-03-13 16:39:34,32,NA,NA,NA,10724.245804,7407.476468,FALSE,NA,NA,NA,NA,NA,NA,TRUE
"1222","A69-1602-3007",1222,"Noordzeekanaal","ARK Noord","VR2W-119054",52.355706,4.97029,2018-03-13 17:52:17,2018-03-14 08:18:31,312,NA,NA,NA,10724.245804,7407.476468,FALSE,NA,NA,NA,NA,NA,NA,TRUE
"1223","A69-1602-3007",1223,"Noordzeekanaal","ARK Noord","VR2W-119054",52.355706,4.97029,2018-03-14 09:22:38,2018-03-15 10:14:44,606,NA,NA,NA,10724.245804,7407.476468,FALSE,NA,NA,NA,NA,NA,NA,TRUE
"1224","A69-1602-3007",1224,"Noordzeekanaal","ARK Noord","VR2W-119054",52.355706,4.97029,2018-03-15 11:18:11,2018-03-15 14:48:38,43,NA,NA,NA,10724.245804,7407.476468,FALSE,NA,NA,NA,NA,NA,NA,TRUE
"1225","A69-1602-3007",1225,"Noordzeekanaal","ARK Noord","VR2W-119054",52.355706,4.97029,2018-03-15 16:47:00,2018-03-20 14:17:51,4776,NA,NA,NA,10724.245804,7407.476468,NA,NA,NA,NA,NA,NA,NA,TRUE
"1226","A69-1602-3008",1226,"Noordzeekanaal","rel_noordzeekanaal2","none",52.409056,4.927359,2017-10-11 15:30:00,2017-10-11 15:30:00,1,NA,NA,NA,0,0,TRUE,3338.096029,2,2017-10-12 01:58:30,3338.096029,37710,0.0885201810925484,TRUE
"1227","A69-1602-3008",1227,"Noordzeekanaal","Willem 2 sluis 2","VR2W-130587",52.383677,4.907053,2017-10-12 01:58:30,2017-10-12 02:32:34,8,37710,3338.096029,0.08852,3338.096029,3338.096029,FALSE,NA,NA,NA,NA,NA,NA,TRUE
"1228","A69-1602-3008",1228,"Noordzeekanaal","Willem 2 sluis 2","VR2W-130587",52.383677,4.907053,2017-10-12 03:48:51,2017-10-12 03:48:51,1,NA,NA,NA,3338.096029,3338.096029,FALSE,NA,NA,NA,NA,NA,NA,TRUE
"1229","A69-1602-3008",1229,"Noordzeekanaal","Willem 2 sluis 2","VR2W-130587",52.383677,4.907053,2017-10-17 21:34:48,2017-10-17 21:34:48,1,NA,NA,NA,3338.096029,3338.096029,FALSE,NA,NA,NA,NA,NA,NA,TRUE
"1230","A69-1602-3008",1230,"Noordzeekanaal","Willem 2 sluis 2","VR2W-130587",52.383677,4.907053,2017-10-18 18:21:09,2017-10-18 20:37:19,23,NA,NA,NA,3338.096029,3338.096029,FALSE,NA,NA,NA,NA,NA,NA,TRUE
"1231","A69-1602-3008",1231,"Noordzeekanaal","Willem 2 sluis 2","VR2W-130587",52.383677,4.907053,2017-10-20 19:44:18,2017-10-20 19:56:51,3,NA,NA,NA,3338.096029,3338.096029,FALSE,NA,NA,NA,NA,NA,NA,TRUE
"1232","A69-1602-3008",1232,"Noordzeekanaal","Willem 2 sluis 2","VR2W-130587",52.383677,4.907053,2017-10-20 21:03:59,2017-10-20 22:44:12,5,NA,NA,NA,3338.096029,3338.096029,FALSE,NA,NA,NA,NA,NA,NA,TRUE
"1233","A69-1602-3008",1233,"Noordzeekanaal","Willem 2 sluis 2","VR2W-130587",52.383677,4.907053,2017-10-30 00:01:01,2017-10-30 00:58:14,21,NA,NA,NA,3338.096029,3338.096029,FALSE,NA,NA,NA,NA,NA,NA,TRUE
"1234","A69-1602-3008",1234,"Noordzeekanaal","Willem 2 sluis 2","VR2W-130587",52.383677,4.907053,2017-11-09 18:17:38,2017-11-09 18:17:38,1,NA,NA,NA,3338.096029,3338.096029,FALSE,NA,NA,NA,NA,NA,NA,TRUE
"1235","A69-1602-3008",1235,"Noordzeekanaal","Willem 2 sluis 2","VR2W-130587",52.383677,4.907053,2017-11-09 22:08:38,2017-11-10 01:30:37,22,NA,NA,NA,3338.096029,3338.096029,FALSE,NA,NA,NA,NA,NA,NA,TRUE
"1236","A69-1602-3008",1236,"Noordzeekanaal","Willem 2 sluis 2","VR2W-130587",52.383677,4.907053,2017-11-11 00:10:52,2017-11-11 00:10:52,1,NA,NA,NA,3338.096029,3338.096029,FALSE,NA,NA,NA,NA,NA,NA,TRUE
"1237","A69-1602-3008",1237,"Noordzeekanaal","Willem 2 sluis 2","VR2W-130587",52.383677,4.907053,2017-11-11 01:43:32,2017-11-11 01:43:32,1,NA,NA,NA,3338.096029,3338.096029,FALSE,NA,NA,NA,NA,NA,NA,TRUE
"1238","A69-1602-3008",1238,"Noordzeekanaal","Willem 2 sluis 2","VR2W-130587",52.383677,4.907053,2017-11-11 21:04:46,2017-11-11 23:28:38,29,NA,NA,NA,3338.096029,3338.096029,FALSE,NA,NA,NA,NA,NA,NA,TRUE
"1239","A69-1602-3008",1239,"Noordzeekanaal","Willem 2 sluis 2","VR2W-130587",52.383677,4.907053,2017-11-12 00:34:22,2017-11-12 02:40:25,20,NA,NA,NA,3338.096029,3338.096029,FALSE,NA,NA,NA,NA,NA,NA,TRUE
"1240","A69-1602-3008",1240,"Noordzeekanaal","Willem 2 sluis 2","VR2W-130587",52.383677,4.907053,2017-11-12 18:35:14,2017-11-12 19:38:21,6,NA,NA,NA,3338.096029,3338.096029,FALSE,NA,NA,NA,NA,NA,NA,TRUE
"1241","A69-1602-3008",1241,"Noordzeekanaal","Willem 2 sluis 2","VR2W-130587",52.383677,4.907053,2017-11-12 20:47:44,2017-11-13 00:58:29,15,NA,NA,NA,3338.096029,3338.096029,FALSE,NA,NA,NA,NA,NA,NA,TRUE
"1242","A69-1602-3008",1242,"Noordzeekanaal","Willem 2 sluis 2","VR2W-130587",52.383677,4.907053,2017-11-13 17:18:02,2017-11-13 22:09:35,32,NA,NA,NA,3338.096029,3338.096029,FALSE,NA,NA,NA,NA,NA,NA,TRUE
"1243","A69-1602-3008",1243,"Noordzeekanaal","Willem 2 sluis 2","VR2W-130587",52.383677,4.907053,2017-11-13 23:22:07,2017-11-14 01:27:28,26,NA,NA,NA,3338.096029,3338.096029,FALSE,NA,NA,NA,NA,NA,NA,TRUE
"1244","A69-1602-3008",1244,"Noordzeekanaal","Willem 2 sluis 2","VR2W-130587",52.383677,4.907053,2017-11-14 17:06:16,2017-11-14 17:47:21,12,NA,NA,NA,3338.096029,3338.096029,FALSE,NA,NA,NA,NA,NA,NA,TRUE
"1245","A69-1602-3008",1245,"Noordzeekanaal","Willem 2 sluis 2","VR2W-130587",52.383677,4.907053,2017-11-14 18:55:37,2017-11-14 21:17:14,30,NA,NA,NA,3338.096029,3338.096029,FALSE,NA,NA,NA,NA,NA,NA,TRUE
"1246","A69-1602-3008",1246,"Noordzeekanaal","Willem 2 sluis 2","VR2W-130587",52.383677,4.907053,2017-11-14 23:20:45,2017-11-15 02:44:22,26,NA,NA,NA,3338.096029,3338.096029,FALSE,NA,NA,NA,NA,NA,NA,TRUE
"1247","A69-1602-3008",1247,"Noordzeekanaal","Willem 2 sluis 2","VR2W-130587",52.383677,4.907053,2017-11-15 17:09:59,2017-11-15 19:06:21,19,NA,NA,NA,3338.096029,3338.096029,FALSE,NA,NA,NA,NA,NA,NA,TRUE
"1248","A69-1602-3008",1248,"Noordzeekanaal","Willem 2 sluis 2","VR2W-130587",52.383677,4.907053,2017-11-15 22:02:45,2017-11-16 00:16:39,20,NA,NA,NA,3338.096029,3338.096029,FALSE,NA,NA,NA,NA,NA,NA,TRUE
"1249","A69-1602-3008",1249,"Noordzeekanaal","Willem 2 sluis 2","VR2W-130587",52.383677,4.907053,2017-11-18 17:15:39,2017-11-18 17:15:39,1,NA,NA,NA,3338.096029,3338.096029,FALSE,NA,NA,NA,NA,NA,NA,TRUE
"1250","A69-1602-3008",1250,"Noordzeekanaal","Willem 2 sluis 2","VR2W-130587",52.383677,4.907053,2017-11-18 18:52:29,2017-11-18 19:03:31,4,NA,NA,NA,3338.096029,3338.096029,FALSE,NA,NA,NA,NA,NA,NA,TRUE
"1251","A69-1602-3008",1251,"Noordzeekanaal","Willem 2 sluis 2","VR2W-130587",52.383677,4.907053,2017-11-18 23:26:50,2017-11-19 04:11:24,24,NA,NA,NA,3338.096029,3338.096029,FALSE,NA,NA,NA,NA,NA,NA,TRUE
"1252","A69-1602-3008",1252,"Noordzeekanaal","Willem 2 sluis 2","VR2W-130587",52.383677,4.907053,2017-11-19 17:34:17,2017-11-20 00:37:32,74,NA,NA,NA,3338.096029,3338.096029,FALSE,NA,NA,NA,NA,NA,NA,TRUE
"1253","A69-1602-3008",1253,"Noordzeekanaal","Willem 2 sluis 2","VR2W-130587",52.383677,4.907053,2017-11-21 01:16:18,2017-11-21 04:35:17,70,NA,NA,NA,3338.096029,3338.096029,FALSE,NA,NA,NA,NA,NA,NA,TRUE
"1254","A69-1602-3008",1254,"Noordzeekanaal","Willem 2 sluis 2","VR2W-130587",52.383677,4.907053,2017-11-21 13:40:51,2017-11-21 13:49:38,3,NA,NA,NA,3338.096029,3338.096029,FALSE,NA,NA,NA,NA,NA,NA,TRUE
"1255","A69-1602-3008",1255,"Noordzeekanaal","Willem 2 sluis 2","VR2W-130587",52.383677,4.907053,2017-11-21 17:11:28,2017-11-21 18:53:21,16,NA,NA,NA,3338.096029,3338.096029,FALSE,NA,NA,NA,NA,NA,NA,TRUE
"1256","A69-1602-3008",1256,"Noordzeekanaal","Willem 2 sluis 2","VR2W-130587",52.383677,4.907053,2017-11-21 22:21:46,2017-11-21 23:53:57,13,NA,NA,NA,3338.096029,3338.096029,FALSE,NA,NA,NA,NA,NA,NA,TRUE
"1257","A69-1602-3008",1257,"Noordzeekanaal","Willem 2 sluis 2","VR2W-130587",52.383677,4.907053,2017-11-22 01:19:40,2017-11-22 03:15:09,16,NA,NA,NA,3338.096029,3338.096029,FALSE,NA,NA,NA,NA,NA,NA,TRUE
"1258","A69-1602-3008",1258,"Noordzeekanaal","Willem 2 sluis 2","VR2W-130587",52.383677,4.907053,2017-11-22 04:40:55,2017-11-22 04:50:33,12,NA,NA,NA,3338.096029,3338.096029,NA,NA,NA,NA,NA,NA,NA,TRUE
"1259","A69-1602-3009",1259,"Noordzeekanaal","rel_noordzeekanaal2","none",52.409056,4.927359,2017-10-11 15:30:00,2017-10-11 15:39:01,12,NA,NA,NA,0,0,FALSE,NA,NA,NA,NA,NA,NA,FALSE
"1260","A69-1602-3009",1260,"Noordzeekanaal","Kadoelen 5","VR2W-130998",52.411317,4.9304,2017-10-18 02:19:59,2017-10-18 02:38:49,18,556858,382.798771,0.000687,382.798771,-382.798771,TRUE,3338.096029,3,2017-10-18 04:09:13,3720.8948,6554,0.567728837351236,TRUE
"1261","A69-1602-3009",1261,"Noordzeekanaal","Willem 2 sluis 2","VR2W-130587",52.383677,4.907053,2017-10-18 04:09:13,2017-10-18 04:55:14,3,5424,3720.8948,0.686006,4103.693571,3338.096029,FALSE,NA,NA,NA,NA,NA,NA,TRUE
"1262","A69-1602-3009",1262,"Noordzeekanaal","Willem 2 sluis 2","VR2W-130587",52.383677,4.907053,2017-10-18 05:58:43,2017-10-18 05:58:43,1,NA,NA,NA,4103.693571,3338.096029,FALSE,NA,NA,NA,NA,NA,NA,TRUE
"1263","A69-1602-3009",1263,"Noordzeekanaal","Willem 2 sluis 2","VR2W-130587",52.383677,4.907053,2017-10-22 23:40:03,2017-10-22 23:41:31,2,NA,NA,NA,4103.693571,3338.096029,FALSE,NA,NA,NA,NA,NA,NA,TRUE
"1264","A69-1602-3009",1264,"Noordzeekanaal","Willem 2 sluis 2","VR2W-130587",52.383677,4.907053,2017-10-23 01:01:26,2017-10-23 01:04:28,4,NA,NA,NA,4103.693571,3338.096029,FALSE,NA,NA,NA,NA,NA,NA,TRUE
"1265","A69-1602-3009",1265,"Noordzeekanaal","Willem 2 sluis 2","VR2W-130587",52.383677,4.907053,2017-10-23 03:36:13,2017-10-23 03:56:17,5,NA,NA,NA,4103.693571,3338.096029,FALSE,NA,NA,NA,NA,NA,NA,TRUE
"1266","A69-1602-3009",1266,"Noordzeekanaal","Willem 2 sluis 2","VR2W-130587",52.383677,4.907053,2017-10-23 05:33:31,2017-10-23 06:29:36,2,NA,NA,NA,4103.693571,3338.096029,FALSE,NA,NA,NA,NA,NA,NA,TRUE
"1267","A69-1602-3009",1267,"Noordzeekanaal","Willem 2 sluis 2","VR2W-130587",52.383677,4.907053,2017-10-23 18:03:03,2017-10-23 18:03:03,1,NA,NA,NA,4103.693571,3338.096029,FALSE,NA,NA,NA,NA,NA,NA,TRUE
"1268","A69-1602-3009",1268,"Noordzeekanaal","Willem 2 sluis 2","VR2W-130587",52.383677,4.907053,2017-10-28 17:50:43,2017-10-28 18:38:26,5,NA,NA,NA,4103.693571,3338.096029,FALSE,NA,NA,NA,NA,NA,NA,TRUE
"1269","A69-1602-3009",1269,"Noordzeekanaal","Willem 2 sluis 2","VR2W-130587",52.383677,4.907053,2017-10-28 23:05:48,2017-10-28 23:05:48,1,NA,NA,NA,4103.693571,3338.096029,FALSE,NA,NA,NA,NA,NA,NA,TRUE
"1270","A69-1602-3009",1270,"Noordzeekanaal","Willem 2 sluis 2","VR2W-130587",52.383677,4.907053,2017-10-29 00:10:07,2017-10-29 01:08:11,15,NA,NA,NA,4103.693571,3338.096029,FALSE,NA,NA,NA,NA,NA,NA,TRUE
"1271","A69-1602-3009",1271,"Noordzeekanaal","Willem 2 sluis 2","VR2W-130587",52.383677,4.907053,2017-11-02 04:53:21,2017-11-02 05:38:39,6,NA,NA,NA,4103.693571,3338.096029,FALSE,NA,NA,NA,NA,NA,NA,TRUE
"1272","A69-1602-3009",1272,"Noordzeekanaal","Willem 2 sluis 2","VR2W-130587",52.383677,4.907053,2017-11-09 22:45:33,2017-11-09 23:05:21,6,NA,NA,NA,4103.693571,3338.096029,FALSE,NA,NA,NA,NA,NA,NA,TRUE
"1273","A69-1602-3009",1273,"Noordzeekanaal","Willem 2 sluis 2","VR2W-130587",52.383677,4.907053,2017-11-10 01:49:56,2017-11-10 02:28:55,5,NA,NA,NA,4103.693571,3338.096029,FALSE,NA,NA,NA,NA,NA,NA,TRUE
"1274","A69-1602-3009",1274,"Noordzeekanaal","Willem 2 sluis 2","VR2W-130587",52.383677,4.907053,2017-11-16 22:33:32,2017-11-17 01:15:11,33,NA,NA,NA,4103.693571,3338.096029,FALSE,NA,NA,NA,NA,NA,NA,TRUE
"1275","A69-1602-3009",1275,"Noordzeekanaal","Willem 2 sluis 2","VR2W-130587",52.383677,4.907053,2017-11-17 02:17:33,2017-11-17 02:32:25,3,NA,NA,NA,4103.693571,3338.096029,FALSE,NA,NA,NA,NA,NA,NA,TRUE
"1276","A69-1602-3009",1276,"Noordzeekanaal","Willem 2 sluis 2","VR2W-130587",52.383677,4.907053,2017-11-19 01:43:42,2017-11-19 03:22:42,23,NA,NA,NA,4103.693571,3338.096029,FALSE,NA,NA,NA,NA,NA,NA,TRUE
"1277","A69-1602-3009",1277,"Noordzeekanaal","Willem 2 sluis 2","VR2W-130587",52.383677,4.907053,2017-11-21 18:09:32,2017-11-21 20:49:26,16,NA,NA,NA,4103.693571,3338.096029,FALSE,NA,NA,NA,NA,NA,NA,TRUE
"1278","A69-1602-3009",1278,"Noordzeekanaal","Willem 2 sluis 2","VR2W-130587",52.383677,4.907053,2017-11-21 21:53:35,2017-11-21 22:05:29,2,NA,NA,NA,4103.693571,3338.096029,FALSE,NA,NA,NA,NA,NA,NA,TRUE
"1279","A69-1602-3009",1279,"Noordzeekanaal","Willem 2 sluis 2","VR2W-130587",52.383677,4.907053,2017-11-21 23:20:51,2017-11-21 23:26:17,3,NA,NA,NA,4103.693571,3338.096029,FALSE,NA,NA,NA,NA,NA,NA,TRUE
"1280","A69-1602-3009",1280,"Noordzeekanaal","Willem 2 sluis 2","VR2W-130587",52.383677,4.907053,2017-12-08 01:30:47,2017-12-08 02:39:58,8,NA,NA,NA,4103.693571,3338.096029,NA,NA,NA,NA,NA,NA,NA,TRUE
"1281","A69-1602-3010",1281,"Noordzeekanaal","rel_noordzeekanaal2","none",52.409056,4.927359,2017-10-11 15:30:00,2017-10-11 15:30:00,1,NA,NA,NA,0,0,FALSE,NA,NA,NA,NA,NA,NA,FALSE
"1282","A69-1602-3010",1282,"Noordzeekanaal","Kadoelen 5","VR2W-130998",52.411317,4.9304,2017-10-11 16:44:31,2017-10-11 16:45:20,2,4471,382.798771,0.085618,382.798771,-382.798771,FALSE,3338.096029,3,2017-10-20 22:20:57,3720.8948,797786,0.00466402619248771,FALSE
"1283","A69-1602-3010",1283,"Noordzeekanaal","Willem 2 sluis 2","VR2W-130587",52.383677,4.907053,2017-10-20 22:20:57,2017-10-20 23:20:22,10,797737,3720.8948,0.004664,4103.693571,3338.096029,FALSE,10362.756608,39,2017-11-27 18:59:20,7024.660579,3271103,0.00214748987696199,FALSE
"1284","A69-1602-3010",1284,"Noordzeekanaal","Willem 2 sluis 2","VR2W-130587",52.383677,4.907053,2017-10-21 02:49:45,2017-10-21 03:37:26,8,NA,NA,NA,4103.693571,3338.096029,FALSE,10362.756608,39,2017-11-27 18:59:20,7024.660579,3254975,0.00215813042465764,FALSE
"1285","A69-1602-3010",1285,"Noordzeekanaal","Willem 2 sluis 2","VR2W-130587",52.383677,4.907053,2017-10-23 17:35:29,2017-10-23 19:43:30,11,NA,NA,NA,4103.693571,3338.096029,FALSE,10362.756608,39,2017-11-27 18:59:20,7024.660579,3029031,0.00231911148449785,FALSE
"1286","A69-1602-3010",1286,"Noordzeekanaal","Willem 2 sluis 2","VR2W-130587",52.383677,4.907053,2017-10-24 00:45:49,2017-10-24 00:45:49,1,NA,NA,NA,4103.693571,3338.096029,FALSE,10362.756608,39,2017-11-27 18:59:20,7024.660579,3003211,0.0023390499631894,FALSE
"1287","A69-1602-3010",1287,"Noordzeekanaal","Willem 2 sluis 2","VR2W-130587",52.383677,4.907053,2017-10-24 20:32:56,2017-10-24 20:46:33,4,NA,NA,NA,4103.693571,3338.096029,FALSE,10362.756608,39,2017-11-27 18:59:20,7024.660579,2931984,0.00239587275339838,FALSE
"1288","A69-1602-3010",1288,"Noordzeekanaal","Willem 2 sluis 2","VR2W-130587",52.383677,4.907053,2017-10-24 23:03:15,2017-10-25 03:09:27,28,NA,NA,NA,4103.693571,3338.096029,FALSE,10362.756608,39,2017-11-27 18:59:20,7024.660579,2922965,0.00240326537574004,FALSE
"1289","A69-1602-3010",1289,"Noordzeekanaal","Willem 2 sluis 2","VR2W-130587",52.383677,4.907053,2017-10-29 18:35:09,2017-10-30 03:55:24,74,NA,NA,NA,4103.693571,3338.096029,FALSE,10362.756608,39,2017-11-27 18:59:20,7024.660579,2507051,0.00280196157916213,FALSE
"1290","A69-1602-3010",1290,"Noordzeekanaal","Willem 2 sluis 2","VR2W-130587",52.383677,4.907053,2017-10-30 16:19:04,2017-10-30 16:42:55,2,NA,NA,NA,4103.693571,3338.096029,FALSE,10362.756608,39,2017-11-27 18:59:20,7024.660579,2428816,0.00289221603406763,FALSE
"1291","A69-1602-3010",1291,"Noordzeekanaal","Willem 2 sluis 2","VR2W-130587",52.383677,4.907053,2017-10-30 19:32:27,2017-10-30 19:32:27,1,NA,NA,NA,4103.693571,3338.096029,FALSE,10362.756608,39,2017-11-27 18:59:20,7024.660579,2417213,0.00290609912283278,FALSE
"1292","A69-1602-3010",1292,"Noordzeekanaal","Willem 2 sluis 2","VR2W-130587",52.383677,4.907053,2017-10-30 20:41:14,2017-10-30 20:41:14,1,NA,NA,NA,4103.693571,3338.096029,FALSE,10362.756608,39,2017-11-27 18:59:20,7024.660579,2413086,0.00291106930254454,FALSE
"1293","A69-1602-3010",1293,"Noordzeekanaal","Willem 2 sluis 2","VR2W-130587",52.383677,4.907053,2017-10-31 03:53:51,2017-10-31 05:12:15,17,NA,NA,NA,4103.693571,3338.096029,FALSE,10362.756608,39,2017-11-27 18:59:20,7024.660579,2387129,0.00294272348875993,FALSE
"1294","A69-1602-3010",1294,"Noordzeekanaal","Willem 2 sluis 2","VR2W-130587",52.383677,4.907053,2017-10-31 17:34:14,2017-10-31 17:43:03,2,NA,NA,NA,4103.693571,3338.096029,FALSE,10362.756608,39,2017-11-27 18:59:20,7024.660579,2337906,0.00300468050426322,FALSE
"1295","A69-1602-3010",1295,"Noordzeekanaal","Willem 2 sluis 2","VR2W-130587",52.383677,4.907053,2017-11-01 01:27:51,2017-11-01 04:51:40,38,NA,NA,NA,4103.693571,3338.096029,FALSE,10362.756608,39,2017-11-27 18:59:20,7024.660579,2309489,0.00304165145579823,FALSE
"1296","A69-1602-3010",1296,"Noordzeekanaal","Willem 2 sluis 2","VR2W-130587",52.383677,4.907053,2017-11-01 22:33:46,2017-11-01 23:40:31,12,NA,NA,NA,4103.693571,3338.096029,FALSE,10362.756608,39,2017-11-27 18:59:20,7024.660579,2233534,0.00314508782001975,FALSE
"1297","A69-1602-3010",1297,"Noordzeekanaal","Willem 2 sluis 2","VR2W-130587",52.383677,4.907053,2017-11-02 00:51:29,2017-11-02 01:50:21,12,NA,NA,NA,4103.693571,3338.096029,FALSE,10362.756608,39,2017-11-27 18:59:20,7024.660579,2225271,0.00315676633497673,FALSE
"1298","A69-1602-3010",1298,"Noordzeekanaal","Willem 2 sluis 2","VR2W-130587",52.383677,4.907053,2017-11-02 03:10:25,2017-11-02 03:13:51,3,NA,NA,NA,4103.693571,3338.096029,FALSE,10362.756608,39,2017-11-27 18:59:20,7024.660579,2216935,0.00316863623832002,FALSE
"1299","A69-1602-3010",1299,"Noordzeekanaal","Willem 2 sluis 2","VR2W-130587",52.383677,4.907053,2017-11-02 17:32:08,2017-11-02 17:32:08,1,NA,NA,NA,4103.693571,3338.096029,FALSE,10362.756608,39,2017-11-27 18:59:20,7024.660579,2165232,0.00324429926169574,FALSE
"1300","A69-1602-3010",1300,"Noordzeekanaal","Willem 2 sluis 2","VR2W-130587",52.383677,4.907053,2017-11-02 20:47:24,2017-11-02 22:16:34,12,NA,NA,NA,4103.693571,3338.096029,FALSE,10362.756608,39,2017-11-27 18:59:20,7024.660579,2153516,0.00326194956480472,FALSE
"1301","A69-1602-3010",1301,"Noordzeekanaal","Willem 2 sluis 2","VR2W-130587",52.383677,4.907053,2017-11-03 00:17:33,2017-11-03 03:38:31,91,NA,NA,NA,4103.693571,3338.096029,FALSE,10362.756608,39,2017-11-27 18:59:20,7024.660579,2140907,0.00328116101213177,FALSE
"1302","A69-1602-3010",1302,"Noordzeekanaal","Willem 2 sluis 2","VR2W-130587",52.383677,4.907053,2017-11-03 09:14:48,2017-11-03 09:16:37,4,NA,NA,NA,4103.693571,3338.096029,FALSE,10362.756608,39,2017-11-27 18:59:20,7024.660579,2108672,0.00333131970216326,FALSE
"1303","A69-1602-3010",1303,"Noordzeekanaal","Willem 2 sluis 2","VR2W-130587",52.383677,4.907053,2017-11-03 16:51:13,2017-11-03 16:53:41,2,NA,NA,NA,4103.693571,3338.096029,FALSE,10362.756608,39,2017-11-27 18:59:20,7024.660579,2081287,0.00337515228750288,FALSE
"1304","A69-1602-3010",1304,"Noordzeekanaal","Willem 2 sluis 2","VR2W-130587",52.383677,4.907053,2017-11-04 14:23:39,2017-11-04 14:23:39,1,NA,NA,NA,4103.693571,3338.096029,FALSE,10362.756608,39,2017-11-27 18:59:20,7024.660579,2003741,0.00350577274158686,FALSE
"1305","A69-1602-3010",1305,"Noordzeekanaal","Willem 2 sluis 2","VR2W-130587",52.383677,4.907053,2017-11-04 16:34:01,2017-11-04 16:40:39,3,NA,NA,NA,4103.693571,3338.096029,FALSE,10362.756608,39,2017-11-27 18:59:20,7024.660579,1995919,0.00351951185343694,FALSE
"1306","A69-1602-3010",1306,"Noordzeekanaal","Willem 2 sluis 2","VR2W-130587",52.383677,4.907053,2017-11-04 18:03:33,2017-11-04 21:46:13,19,NA,NA,NA,4103.693571,3338.096029,FALSE,10362.756608,39,2017-11-27 18:59:20,7024.660579,1990547,0.00352901015600234,FALSE
"1307","A69-1602-3010",1307,"Noordzeekanaal","Willem 2 sluis 2","VR2W-130587",52.383677,4.907053,2017-11-09 22:02:50,2017-11-10 04:19:13,59,NA,NA,NA,4103.693571,3338.096029,FALSE,10362.756608,39,2017-11-27 18:59:20,7024.660579,1544190,0.00454909083661985,FALSE
"1308","A69-1602-3010",1308,"Noordzeekanaal","Willem 2 sluis 2","VR2W-130587",52.383677,4.907053,2017-11-10 20:27:11,2017-11-11 04:40:03,89,NA,NA,NA,4103.693571,3338.096029,FALSE,10362.756608,39,2017-11-27 18:59:20,7024.660579,1463529,0.00479980962386123,FALSE
"1309","A69-1602-3010",1309,"Noordzeekanaal","Willem 2 sluis 2","VR2W-130587",52.383677,4.907053,2017-11-15 04:46:14,2017-11-15 05:16:30,16,NA,NA,NA,4103.693571,3338.096029,FALSE,10362.756608,39,2017-11-27 18:59:20,7024.660579,1087986,0.00645657258365457,FALSE
"1310","A69-1602-3010",1310,"Noordzeekanaal","Willem 2 sluis 2","VR2W-130587",52.383677,4.907053,2017-11-22 03:38:52,2017-11-22 05:09:48,17,NA,NA,NA,4103.693571,3338.096029,FALSE,10362.756608,39,2017-11-27 18:59:20,7024.660579,487228,0.0144176044459678,FALSE
"1311","A69-1602-3010",1311,"Noordzeekanaal","Willem 2 sluis 2","VR2W-130587",52.383677,4.907053,2017-11-22 07:44:45,2017-11-22 07:48:58,2,NA,NA,NA,4103.693571,3338.096029,FALSE,10362.756608,39,2017-11-27 18:59:20,7024.660579,472475,0.0148677931721255,FALSE
"1312","A69-1602-3010",1312,"Noordzeekanaal","Willem 2 sluis 2","VR2W-130587",52.383677,4.907053,2017-11-22 10:45:07,2017-11-22 10:45:07,1,NA,NA,NA,4103.693571,3338.096029,FALSE,10362.756608,39,2017-11-27 18:59:20,7024.660579,461653,0.0152163217373222,FALSE
"1313","A69-1602-3010",1313,"Noordzeekanaal","Willem 2 sluis 2","VR2W-130587",52.383677,4.907053,2017-11-22 11:58:45,2017-11-22 12:11:38,4,NA,NA,NA,4103.693571,3338.096029,FALSE,10362.756608,39,2017-11-27 18:59:20,7024.660579,457235,0.0153633483416624,FALSE
"1314","A69-1602-3010",1314,"Noordzeekanaal","Willem 2 sluis 2","VR2W-130587",52.383677,4.907053,2017-11-22 13:47:11,2017-11-22 18:49:33,29,NA,NA,NA,4103.693571,3338.096029,FALSE,10362.756608,39,2017-11-27 18:59:20,7024.660579,450729,0.0155851089656978,FALSE
"1315","A69-1602-3010",1315,"Noordzeekanaal","Willem 2 sluis 2","VR2W-130587",52.383677,4.907053,2017-11-22 20:14:01,2017-11-22 23:22:17,21,NA,NA,NA,4103.693571,3338.096029,FALSE,10362.756608,39,2017-11-27 18:59:20,7024.660579,427519,0.0164312242941249,FALSE
"1316","A69-1602-3010",1316,"Noordzeekanaal","Willem 2 sluis 2","VR2W-130587",52.383677,4.907053,2017-11-23 00:29:52,2017-11-23 00:55:51,4,NA,NA,NA,4103.693571,3338.096029,FALSE,10362.756608,39,2017-11-27 18:59:20,7024.660579,412168,0.0170431973831059,FALSE
"1317","A69-1602-3010",1317,"Noordzeekanaal","Willem 2 sluis 2","VR2W-130587",52.383677,4.907053,2017-11-23 02:15:27,2017-11-23 02:20:15,4,NA,NA,NA,4103.693571,3338.096029,FALSE,NA,NA,NA,NA,NA,NA,FALSE
"1318","A69-1602-3010",1318,"Noordzeekanaal","Kadoelen 5","VR2W-130998",52.411317,4.9304,2017-11-23 17:48:17,2017-11-23 18:09:40,19,55682,3720.8948,0.066824,7824.588371,-382.798771,TRUE,10362.756608,39,2017-11-27 18:59:20,10745.555379,349863,0.0307136089812298,TRUE
"1319","A69-1602-3010",1319,"Noordzeekanaal","De Poel","VR2W-119059",52.443433,5.047922,2017-11-27 18:59:20,2017-11-27 19:11:54,15,348580,10038.529719,0.028798,17863.11809,10362.756608,FALSE,NA,NA,NA,NA,NA,NA,TRUE
"1320","A69-1602-3010",1320,"Noordzeekanaal","Oranjesluis","VR2W-103670",52.3812,4.962538,2017-12-01 12:50:18,2017-12-01 23:30:56,1007,322704,14832.090369,0.045962,32695.208459,4469.333761,FALSE,24076.586116,63,2017-12-28 01:03:24,19607.252355,2290386,0.00856067595374753,TRUE
"1321","A69-1602-3010",1321,"Noordzeekanaal","Oranjesluis","VR2W-103670",52.3812,4.962538,2017-12-03 15:54:54,2017-12-03 16:21:41,42,NA,NA,NA,32695.208459,4469.333761,FALSE,24076.586116,63,2017-12-28 01:03:24,19607.252355,2106510,0.00930793224575245,TRUE
"1322","A69-1602-3010",1322,"Noordzeekanaal","Oranjesluis","VR2W-103670",52.3812,4.962538,2017-12-04 15:59:11,2017-12-04 18:58:35,242,NA,NA,NA,32695.208459,4469.333761,FALSE,24076.586116,63,2017-12-28 01:03:24,19607.252355,2019853,0.00970726699170682,TRUE
"1323","A69-1602-3010",1323,"Noordzeekanaal","Oranjesluis","VR2W-103670",52.3812,4.962538,2017-12-06 19:07:24,2017-12-06 20:28:36,65,NA,NA,NA,32695.208459,4469.333761,FALSE,24076.586116,63,2017-12-28 01:03:24,19607.252355,1835760,0.0106807275215714,TRUE
"1324","A69-1602-3010",1324,"Noordzeekanaal","Oranjesluis","VR2W-103670",52.3812,4.962538,2017-12-07 01:14:22,2017-12-07 04:52:50,165,NA,NA,NA,32695.208459,4469.333761,FALSE,24076.586116,63,2017-12-28 01:03:24,19607.252355,1813742,0.0108103866784802,TRUE
"1325","A69-1602-3010",1325,"Noordzeekanaal","Oranjesluis","VR2W-102061",52.38059,4.961687,2017-12-07 11:58:28,2017-12-07 12:43:37,22,NA,NA,NA,32695.208459,4469.333761,FALSE,24076.586116,63,2017-12-28 01:03:24,19607.252355,1775096,0.0110457419514212,TRUE
"1326","A69-1602-3010",1326,"Noordzeekanaal","Oranjesluis","VR2W-103670",52.3812,4.962538,2017-12-07 16:37:35,2017-12-07 18:30:43,22,NA,NA,NA,32695.208459,4469.333761,FALSE,24076.586116,63,2017-12-28 01:03:24,19607.252355,1758349,0.0111509446389767,TRUE
"1327","A69-1602-3010",1327,"Noordzeekanaal","Oranjesluis","VR2W-103670",52.3812,4.962538,2017-12-08 10:00:18,2017-12-08 10:00:18,1,NA,NA,NA,32695.208459,4469.333761,FALSE,24076.586116,63,2017-12-28 01:03:24,19607.252355,1695786,0.0115623388534874,TRUE
"1328","A69-1602-3010",1328,"Noordzeekanaal","Oranjesluis","VR2W-103670",52.3812,4.962538,2017-12-11 18:07:39,2017-12-11 18:07:39,1,NA,NA,NA,32695.208459,4469.333761,FALSE,24076.586116,63,2017-12-28 01:03:24,19607.252355,1407345,0.0139320865566013,TRUE
"1329","A69-1602-3010",1329,"Noordzeekanaal","Oranjesluis","VR2W-102061",52.38059,4.961687,2017-12-12 00:25:01,2017-12-12 02:25:19,15,NA,NA,NA,32695.208459,4469.333761,FALSE,24076.586116,63,2017-12-28 01:03:24,19607.252355,1384703,0.0141598973606615,TRUE
"1330","A69-1602-3010",1330,"Noordzeekanaal","Oranjesluis","VR2W-102061",52.38059,4.961687,2017-12-12 03:33:41,2017-12-12 04:29:31,2,NA,NA,NA,32695.208459,4469.333761,FALSE,24076.586116,63,2017-12-28 01:03:24,19607.252355,1373383,0.0142766091869493,TRUE
"1331","A69-1602-3010",1331,"Noordzeekanaal","Oranjesluis","VR2W-102061",52.38059,4.961687,2017-12-12 12:03:38,2017-12-12 12:04:13,2,NA,NA,NA,32695.208459,4469.333761,FALSE,24076.586116,63,2017-12-28 01:03:24,19607.252355,1342786,0.0146019189617705,TRUE
"1332","A69-1602-3010",1332,"Noordzeekanaal","Oranjesluis","VR2W-102061",52.38059,4.961687,2017-12-12 14:02:04,2017-12-12 14:02:04,1,NA,NA,NA,32695.208459,4469.333761,FALSE,24076.586116,63,2017-12-28 01:03:24,19607.252355,1335680,0.0146796031646802,TRUE
"1333","A69-1602-3010",1333,"Noordzeekanaal","Oranjesluis","VR2W-102061",52.38059,4.961687,2017-12-12 15:59:24,2017-12-12 15:59:24,1,NA,NA,NA,32695.208459,4469.333761,FALSE,24076.586116,63,2017-12-28 01:03:24,19607.252355,1328640,0.0147573852623736,TRUE
"1334","A69-1602-3010",1334,"Noordzeekanaal","Oranjesluis","VR2W-102061",52.38059,4.961687,2017-12-12 20:41:22,2017-12-12 20:41:22,1,NA,NA,NA,32695.208459,4469.333761,FALSE,24076.586116,63,2017-12-28 01:03:24,19607.252355,1311722,0.0149477193757519,TRUE
"1335","A69-1602-3010",1335,"Noordzeekanaal","Oranjesluis","VR2W-102061",52.38059,4.961687,2017-12-13 20:50:43,2017-12-13 22:29:34,56,NA,NA,NA,32695.208459,4469.333761,FALSE,24076.586116,63,2017-12-28 01:03:24,19607.252355,1224761,0.0160090436868907,TRUE
"1336","A69-1602-3010",1336,"Noordzeekanaal","Oranjesluis","VR2W-103670",52.3812,4.962538,2017-12-14 16:51:14,2017-12-14 20:40:50,286,NA,NA,NA,32695.208459,4469.333761,FALSE,24076.586116,63,2017-12-28 01:03:24,19607.252355,1152730,0.0170094058062165,TRUE
"1337","A69-1602-3010",1337,"Noordzeekanaal","Oranjesluis","VR2W-103670",52.3812,4.962538,2017-12-17 21:53:00,2017-12-18 04:09:49,659,NA,NA,NA,32695.208459,4469.333761,FALSE,24076.586116,63,2017-12-28 01:03:24,19607.252355,875424,0.0223974352485196,TRUE
"1338","A69-1602-3010",1338,"Noordzeekanaal","Oranjesluis","VR2W-102058",52.378781,4.963111,2017-12-26 01:16:50,2017-12-26 05:05:41,331,NA,NA,NA,32695.208459,4469.333761,FALSE,24076.586116,63,2017-12-28 01:03:24,19607.252355,171994,0.113999629958022,TRUE
"1339","A69-1602-3010",1339,"Noordzeekanaal","Oranjesluis","VR2W-103670",52.3812,4.962538,2017-12-26 06:47:20,2017-12-26 08:11:56,15,NA,NA,NA,32695.208459,4469.333761,FALSE,24076.586116,63,2017-12-28 01:03:24,19607.252355,152164,0.12885605238427,TRUE
"1340","A69-1602-3010",1340,"Noordzeekanaal","Oranjesluis","VR2W-103670",52.3812,4.962538,2017-12-26 09:17:08,2017-12-26 09:39:59,6,NA,NA,NA,32695.208459,4469.333761,FALSE,24076.586116,63,2017-12-28 01:03:24,19607.252355,143176,0.136945105010616,TRUE
"1341","A69-1602-3010",1341,"Noordzeekanaal","Oranjesluis","VR2W-103670",52.3812,4.962538,2017-12-26 13:33:53,2017-12-26 13:46:31,3,NA,NA,NA,32695.208459,4469.333761,FALSE,24076.586116,63,2017-12-28 01:03:24,19607.252355,127771,0.153456201759398,TRUE
"1342","A69-1602-3010",1342,"Noordzeekanaal","Oranjesluis","VR2W-103670",52.3812,4.962538,2017-12-26 19:18:26,2017-12-26 23:07:04,460,NA,NA,NA,32695.208459,4469.333761,TRUE,24076.586116,63,2017-12-28 01:03:24,19607.252355,107098,0.183077670498048,TRUE
"1343","A69-1602-3010",1343,"Noordzeekanaal","Noordzeekanaal","VR2W-114165",52.462798,4.633995,2017-12-28 01:03:24,2017-12-28 02:18:10,45,93380,25893.527849,0.277292,58588.736308,24076.586116,TRUE,25683.505114,64,2017-12-28 02:47:57,1606.918998,6273,0.256164354854137,TRUE
"1344","A69-1602-3010",1344,"Noordzeekanaal","Grote sluis NZK","VR2W-114178",52.467488,4.613347,2017-12-28 02:47:57,2017-12-28 03:57:40,18,1787,1606.918999,0.899227,60195.655307,25683.505114,TRUE,27107.602255,65,2017-12-28 05:15:23,1424.097141,8846,0.160987693985983,TRUE
"1345","A69-1602-3010",1345,"Noordzeekanaal","Spuisluis Noordzee","VR2W-132409",52.471207,4.595198,2017-12-28 05:15:23,2017-12-28 07:13:49,120,4663,1424.097141,0.305404,61619.752448,27107.602255,NA,NA,NA,NA,NA,NA,NA,TRUE
"1346","A69-1602-3011",1346,"Noordzeekanaal","rel_noordzeekanaal2","none",52.409056,4.927359,2017-10-11 15:30:00,2017-10-11 15:30:00,1,NA,NA,NA,0,0,TRUE,3338.096029,2,2017-10-12 17:39:18,3338.096029,94158,0.0354520702330126,TRUE
"1347","A69-1602-3011",1347,"Noordzeekanaal","Willem 2 sluis 2","VR2W-130587",52.383677,4.907053,2017-10-12 17:39:18,2017-10-12 17:39:18,1,94158,3338.096029,0.035452,3338.096029,3338.096029,FALSE,NA,NA,NA,NA,NA,NA,TRUE
"1348","A69-1602-3011",1348,"Noordzeekanaal","Willem 2 sluis 2","VR2W-130587",52.383677,4.907053,2017-10-20 18:07:53,2017-10-20 19:25:16,6,NA,NA,NA,3338.096029,3338.096029,FALSE,NA,NA,NA,NA,NA,NA,TRUE
"1349","A69-1602-3011",1349,"Noordzeekanaal","Willem 2 sluis 2","VR2W-130587",52.383677,4.907053,2017-10-27 23:10:17,2017-10-28 05:18:10,41,NA,NA,NA,3338.096029,3338.096029,FALSE,NA,NA,NA,NA,NA,NA,TRUE
"1350","A69-1602-3011",1350,"Noordzeekanaal","Willem 2 sluis 2","VR2W-130587",52.383677,4.907053,2017-11-22 20:44:23,2017-11-22 20:45:47,2,NA,NA,NA,3338.096029,3338.096029,FALSE,NA,NA,NA,NA,NA,NA,TRUE
"1351","A69-1602-3011",1351,"Noordzeekanaal","Willem 2 sluis 2","VR2W-130587",52.383677,4.907053,2017-11-22 22:09:48,2017-11-22 22:09:48,1,NA,NA,NA,3338.096029,3338.096029,FALSE,NA,NA,NA,NA,NA,NA,TRUE
"1352","A69-1602-3011",1352,"Noordzeekanaal","Kadoelen 5","VR2W-130998",52.411317,4.9304,2017-12-07 23:39:47,2017-12-08 00:22:46,32,1301399,3720.8948,0.002859,7058.990829,-382.798771,FALSE,NA,NA,NA,NA,NA,NA,TRUE
"1353","A69-1602-3011",1353,"Noordzeekanaal","Kadoelen 5","VR2W-130998",52.411317,4.9304,2017-12-09 10:24:37,2017-12-09 10:29:19,4,NA,NA,NA,7058.990829,-382.798771,NA,NA,NA,NA,NA,NA,NA,TRUE
"1354","A69-1602-3012",1354,"Noordzeekanaal","rel_noordzeekanaal2","none",52.409056,4.927359,2017-10-11 15:30:00,2017-10-11 18:56:46,141,NA,NA,NA,0,0,NA,NA,NA,NA,NA,NA,NA,FALSE
"1355","A69-1602-3013",1355,"Noordzeekanaal","rel_noordzeekanaal2","none",52.409056,4.927359,2017-11-08 15:30:00,2017-11-08 15:30:00,1,NA,NA,NA,0,0,FALSE,NA,NA,NA,NA,NA,NA,FALSE
"1356","A69-1602-3013",1356,"Noordzeekanaal","Kadoelen 5","VR2W-130998",52.411317,4.9304,2017-11-09 16:33:53,2017-11-09 17:33:34,33,90233,382.798771,0.004242,382.798771,-382.798771,TRUE,3338.096029,3,2017-11-09 21:33:48,3720.8948,17995,0.206773814948597,TRUE
"1357","A69-1602-3013",1357,"Noordzeekanaal","Willem 2 sluis 2","VR2W-130587",52.383677,4.907053,2017-11-09 21:33:48,2017-11-09 21:38:13,5,14414,3720.8948,0.258144,4103.693571,3338.096029,FALSE,NA,NA,NA,NA,NA,NA,TRUE
"1358","A69-1602-3013",1358,"Noordzeekanaal","Willem 2 sluis 2","VR2W-130587",52.383677,4.907053,2017-11-11 17:16:14,2017-11-11 17:30:11,6,NA,NA,NA,4103.693571,3338.096029,NA,NA,NA,NA,NA,NA,NA,TRUE
"1359","A69-1602-3014",1359,"Noordzeekanaal","rel_noordzeekanaal2","none",52.409056,4.927359,2017-11-08 15:30:00,2017-11-08 15:30:00,1,NA,NA,NA,0,0,FALSE,NA,NA,NA,NA,NA,NA,FALSE
"1360","A69-1602-3014",1360,"Noordzeekanaal","Kadoelen 5","VR2W-130998",52.411317,4.9304,2017-11-08 16:38:20,2017-11-08 16:57:30,16,4100,382.798771,0.093366,382.798771,-382.798771,FALSE,1648.337839,6,2018-01-03 21:28:46,2031.13661,4855826,0.000418288589830031,FALSE
"1361","A69-1602-3014",1361,"Noordzeekanaal","Kadoelen 5","VR2W-130998",52.411317,4.9304,2017-11-30 22:45:50,2017-12-01 04:32:42,194,NA,NA,NA,382.798771,-382.798771,FALSE,1648.337839,6,2018-01-03 21:28:46,2031.13661,2932976,0.000692517296425201,FALSE
"1362","A69-1602-3014",1362,"Noordzeekanaal","Kadoelen 5","VR2W-130998",52.411317,4.9304,2017-12-03 04:34:14,2017-12-03 04:45:58,16,NA,NA,NA,382.798771,-382.798771,FALSE,1648.337839,6,2018-01-03 21:28:46,2031.13661,2739272,0.000741487741998604,FALSE
"1363","A69-1602-3014",1363,"Noordzeekanaal","Kadoelen 5","VR2W-130998",52.411317,4.9304,2018-01-03 20:29:56,2018-01-03 21:07:01,20,NA,NA,NA,382.798771,-382.798771,TRUE,1648.337839,6,2018-01-03 21:28:46,2031.13661,3530,0.575392807365439,TRUE
"1364","A69-1602-3014",1364,"Noordzeekanaal","Kadoelen 2","VR2W-131002",52.417517,4.913867,2018-01-03 21:28:46,2018-01-05 14:13:20,2669,1305,1489.776242,1.141591,1872.575013,1648.337839,FALSE,NA,NA,NA,NA,NA,NA,TRUE
"1365","A69-1602-3014",1365,"Noordzeekanaal","Kadoelen 2","VR2W-131002",52.417517,4.913867,2018-01-05 15:14:04,2018-01-06 09:18:21,1246,NA,NA,NA,1872.575013,1648.337839,NA,NA,NA,NA,NA,NA,NA,TRUE
"1366","A69-1602-3015",1366,"Noordzeekanaal","rel_noordzeekanaal2","none",52.409056,4.927359,2017-11-08 15:30:00,2017-11-08 15:30:00,1,NA,NA,NA,0,0,FALSE,NA,NA,NA,NA,NA,NA,FALSE
"1367","A69-1602-3015",1367,"Noordzeekanaal","Kadoelen 5","VR2W-130998",52.411317,4.9304,2017-11-09 18:48:11,2017-11-09 19:49:13,47,98291,382.798771,0.003895,382.798771,-382.798771,FALSE,3338.096029,4,2017-11-21 13:58:26,3720.8948,1019415,0.00365002947769064,FALSE
"1368","A69-1602-3015",1368,"Noordzeekanaal","Kadoelen 5","VR2W-130998",52.411317,4.9304,2017-11-09 22:15:54,2017-11-09 22:51:37,20,NA,NA,NA,382.798771,-382.798771,FALSE,3338.096029,4,2017-11-21 13:58:26,3720.8948,1006952,0.00369520572976666,FALSE
"1369","A69-1602-3015",1369,"Noordzeekanaal","Willem 2 sluis 2","VR2W-130587",52.383677,4.907053,2017-11-21 13:58:26,2017-11-21 13:58:26,1,1004809,3720.8948,0.003703,4103.693571,3338.096029,FALSE,NA,NA,NA,NA,NA,NA,FALSE
"1370","A69-1602-3015",1370,"Noordzeekanaal","Willem 2 sluis 2","VR2W-130587",52.383677,4.907053,2017-11-21 15:02:21,2017-11-21 15:02:21,1,NA,NA,NA,4103.693571,3338.096029,FALSE,NA,NA,NA,NA,NA,NA,FALSE
"1371","A69-1602-3015",1371,"Noordzeekanaal","Willem 2 sluis 2","VR2W-130587",52.383677,4.907053,2017-11-21 16:12:52,2017-11-21 16:12:52,1,NA,NA,NA,4103.693571,3338.096029,FALSE,NA,NA,NA,NA,NA,NA,FALSE
"1372","A69-1602-3015",1372,"Noordzeekanaal","Willem 2 sluis 2","VR2W-130587",52.383677,4.907053,2017-11-21 19:03:17,2017-11-21 19:26:51,7,NA,NA,NA,4103.693571,3338.096029,FALSE,NA,NA,NA,NA,NA,NA,FALSE
"1373","A69-1602-3015",1373,"Noordzeekanaal","Kadoelen 5","VR2W-130998",52.411317,4.9304,2017-11-22 01:10:13,2017-11-22 08:45:13,561,20602,3720.8948,0.180608,7824.588371,-382.798771,FALSE,NA,NA,NA,NA,NA,NA,FALSE
"1374","A69-1602-3015",1374,"Noordzeekanaal","Kadoelen 5","VR2W-130998",52.411317,4.9304,2017-11-30 07:42:55,2017-11-30 07:42:55,1,NA,NA,NA,7824.588371,-382.798771,FALSE,NA,NA,NA,NA,NA,NA,FALSE
"1375","A69-1602-3015",1375,"Noordzeekanaal","Kadoelen 5","VR2W-130998",52.411317,4.9304,2017-11-30 10:03:26,2017-11-30 10:03:26,1,NA,NA,NA,7824.588371,-382.798771,FALSE,NA,NA,NA,NA,NA,NA,FALSE
"1376","A69-1602-3015",1376,"Noordzeekanaal","Kadoelen 5","VR2W-130998",52.411317,4.9304,2017-11-30 15:27:18,2017-11-30 15:27:18,1,NA,NA,NA,7824.588371,-382.798771,FALSE,NA,NA,NA,NA,NA,NA,FALSE
"1377","A69-1602-3015",1377,"Noordzeekanaal","Kadoelen 5","VR2W-130998",52.411317,4.9304,2017-11-30 19:49:08,2017-11-30 19:53:56,4,NA,NA,NA,7824.588371,-382.798771,FALSE,NA,NA,NA,NA,NA,NA,FALSE
"1378","A69-1602-3015",1378,"Noordzeekanaal","Kadoelen 5","VR2W-130998",52.411317,4.9304,2017-11-30 21:17:25,2017-11-30 21:17:25,1,NA,NA,NA,7824.588371,-382.798771,FALSE,NA,NA,NA,NA,NA,NA,FALSE
"1379","A69-1602-3015",1379,"Noordzeekanaal","Kadoelen 5","VR2W-130998",52.411317,4.9304,2017-12-01 20:57:29,2017-12-01 23:43:42,40,NA,NA,NA,7824.588371,-382.798771,FALSE,NA,NA,NA,NA,NA,NA,FALSE
"1380","A69-1602-3015",1380,"Noordzeekanaal","Kadoelen 5","VR2W-130998",52.411317,4.9304,2017-12-02 06:55:24,2017-12-02 07:03:06,2,NA,NA,NA,7824.588371,-382.798771,FALSE,NA,NA,NA,NA,NA,NA,FALSE
"1381","A69-1602-3015",1381,"Noordzeekanaal","Kadoelen 5","VR2W-130998",52.411317,4.9304,2017-12-03 02:26:00,2017-12-05 03:07:37,3851,NA,NA,NA,7824.588371,-382.798771,NA,NA,NA,NA,NA,NA,NA,FALSE
"1382","A69-1602-3016",1382,"Noordzeekanaal","rel_noordzeekanaal2","none",52.409056,4.927359,2017-11-08 15:30:00,2017-11-08 16:37:40,33,NA,NA,NA,0,0,NA,NA,NA,NA,NA,NA,NA,FALSE
"1383","A69-1602-3017",1383,"Noordzeekanaal","rel_noordzeekanaal2","none",52.409056,4.927359,2017-11-08 15:30:00,2017-11-08 16:47:45,38,NA,NA,NA,0,0,FALSE,NA,NA,NA,NA,NA,NA,FALSE
"1384","A69-1602-3017",1384,"Noordzeekanaal","Kadoelen 5","VR2W-130998",52.411317,4.9304,2017-11-12 22:01:30,2017-11-12 22:11:44,12,364425,382.798771,0.00105,382.798771,-382.798771,TRUE,3338.096029,3,2017-11-13 00:44:33,3720.8948,9783,0.380342921394255,TRUE
"1385","A69-1602-3017",1385,"Noordzeekanaal","Willem 2 sluis 2","VR2W-130587",52.383677,4.907053,2017-11-13 00:44:33,2017-11-13 00:44:33,1,9169,3720.8948,0.405812,4103.693571,3338.096029,FALSE,NA,NA,NA,NA,NA,NA,TRUE
"1386","A69-1602-3017",1386,"Noordzeekanaal","Willem 2 sluis 2","VR2W-130587",52.383677,4.907053,2017-11-17 01:49:58,2017-11-17 03:29:29,9,NA,NA,NA,4103.693571,3338.096029,FALSE,NA,NA,NA,NA,NA,NA,TRUE
"1387","A69-1602-3017",1387,"Noordzeekanaal","Willem 2 sluis 2","VR2W-130587",52.383677,4.907053,2017-11-17 19:50:53,2017-11-17 19:50:53,1,NA,NA,NA,4103.693571,3338.096029,FALSE,NA,NA,NA,NA,NA,NA,TRUE
"1388","A69-1602-3017",1388,"Noordzeekanaal","Willem 2 sluis 2","VR2W-130587",52.383677,4.907053,2017-11-18 07:22:28,2017-11-18 12:45:55,95,NA,NA,NA,4103.693571,3338.096029,FALSE,NA,NA,NA,NA,NA,NA,TRUE
"1389","A69-1602-3017",1389,"Noordzeekanaal","Willem 2 sluis 2","VR2W-130587",52.383677,4.907053,2017-11-18 14:24:05,2017-11-18 16:38:34,34,NA,NA,NA,4103.693571,3338.096029,FALSE,NA,NA,NA,NA,NA,NA,TRUE
"1390","A69-1602-3017",1390,"Noordzeekanaal","Kadoelen 5","VR2W-130998",52.411317,4.9304,2017-11-19 00:37:06,2017-11-19 01:20:05,24,28712,3720.8948,0.129594,7824.588371,-382.798771,FALSE,3338.096029,11,2017-11-19 21:51:46,3720.8948,76480,0.0486518671548117,TRUE
"1391","A69-1602-3017",1391,"Noordzeekanaal","Kadoelen 5","VR2W-130998",52.411317,4.9304,2017-11-19 15:43:34,2017-11-19 15:43:34,1,NA,NA,NA,7824.588371,-382.798771,FALSE,3338.096029,11,2017-11-19 21:51:46,3720.8948,22092,0.168427249683143,TRUE
"1392","A69-1602-3017",1392,"Noordzeekanaal","Kadoelen 5","VR2W-130998",52.411317,4.9304,2017-11-19 18:00:29,2017-11-19 18:50:53,27,NA,NA,NA,7824.588371,-382.798771,TRUE,3338.096029,11,2017-11-19 21:51:46,3720.8948,13877,0.26813394825971,TRUE
"1393","A69-1602-3017",1393,"Noordzeekanaal","Willem 2 sluis 2","VR2W-130587",52.383677,4.907053,2017-11-19 21:51:46,2017-11-20 05:05:33,153,10853,3720.8948,0.342845,11545.483171,3338.096029,FALSE,NA,NA,NA,NA,NA,NA,TRUE
"1394","A69-1602-3017",1394,"Noordzeekanaal","Willem 2 sluis 2","VR2W-130587",52.383677,4.907053,2017-11-20 18:57:26,2017-11-20 19:34:56,5,NA,NA,NA,11545.483171,3338.096029,FALSE,NA,NA,NA,NA,NA,NA,TRUE
"1395","A69-1602-3017",1395,"Noordzeekanaal","Willem 2 sluis 2","VR2W-130587",52.383677,4.907053,2017-11-20 22:33:42,2017-11-21 07:46:47,182,NA,NA,NA,11545.483171,3338.096029,FALSE,NA,NA,NA,NA,NA,NA,TRUE
"1396","A69-1602-3017",1396,"Noordzeekanaal","Willem 2 sluis 2","VR2W-130587",52.383677,4.907053,2017-11-21 17:04:04,2017-11-21 17:04:04,1,NA,NA,NA,11545.483171,3338.096029,FALSE,NA,NA,NA,NA,NA,NA,TRUE
"1397","A69-1602-3017",1397,"Noordzeekanaal","Willem 2 sluis 2","VR2W-130587",52.383677,4.907053,2017-11-21 21:39:33,2017-11-22 00:29:28,10,NA,NA,NA,11545.483171,3338.096029,FALSE,NA,NA,NA,NA,NA,NA,TRUE
"1398","A69-1602-3017",1398,"Noordzeekanaal","Willem 2 sluis 2","VR2W-130587",52.383677,4.907053,2017-11-22 03:03:44,2017-11-22 03:04:33,2,NA,NA,NA,11545.483171,3338.096029,FALSE,NA,NA,NA,NA,NA,NA,TRUE
"1399","A69-1602-3017",1399,"Noordzeekanaal","Willem 2 sluis 2","VR2W-130587",52.383677,4.907053,2017-11-22 09:30:13,2017-11-22 09:42:07,3,NA,NA,NA,11545.483171,3338.096029,FALSE,NA,NA,NA,NA,NA,NA,TRUE
"1400","A69-1602-3017",1400,"Noordzeekanaal","Willem 2 sluis 2","VR2W-130587",52.383677,4.907053,2017-11-22 18:27:13,2017-11-22 19:09:29,11,NA,NA,NA,11545.483171,3338.096029,FALSE,NA,NA,NA,NA,NA,NA,TRUE
"1401","A69-1602-3017",1401,"Noordzeekanaal","Willem 2 sluis 2","VR2W-130587",52.383677,4.907053,2017-11-23 11:01:12,2017-11-24 01:25:26,160,NA,NA,NA,11545.483171,3338.096029,FALSE,NA,NA,NA,NA,NA,NA,TRUE
"1402","A69-1602-3017",1402,"Noordzeekanaal","Willem 2 sluis 2","VR2W-130587",52.383677,4.907053,2017-11-24 04:02:28,2017-11-24 05:48:11,14,NA,NA,NA,11545.483171,3338.096029,FALSE,NA,NA,NA,NA,NA,NA,TRUE
"1403","A69-1602-3017",1403,"Noordzeekanaal","Willem 2 sluis 2","VR2W-130587",52.383677,4.907053,2017-11-24 17:23:47,2017-11-24 21:54:15,44,NA,NA,NA,11545.483171,3338.096029,FALSE,NA,NA,NA,NA,NA,NA,TRUE
"1404","A69-1602-3017",1404,"Noordzeekanaal","Willem 2 sluis 2","VR2W-130587",52.383677,4.907053,2017-11-27 19:29:08,2017-11-27 19:57:42,4,NA,NA,NA,11545.483171,3338.096029,FALSE,NA,NA,NA,NA,NA,NA,TRUE
"1405","A69-1602-3017",1405,"Noordzeekanaal","Willem 2 sluis 2","VR2W-130587",52.383677,4.907053,2017-11-27 22:22:23,2017-11-27 23:04:39,5,NA,NA,NA,11545.483171,3338.096029,FALSE,NA,NA,NA,NA,NA,NA,TRUE
"1406","A69-1602-3017",1406,"Noordzeekanaal","Willem 2 sluis 2","VR2W-130587",52.383677,4.907053,2017-11-29 18:22:21,2017-11-29 18:25:24,3,NA,NA,NA,11545.483171,3338.096029,FALSE,NA,NA,NA,NA,NA,NA,TRUE
"1407","A69-1602-3017",1407,"Noordzeekanaal","Willem 2 sluis 2","VR2W-130587",52.383677,4.907053,2017-11-29 19:43:29,2017-11-29 19:43:29,1,NA,NA,NA,11545.483171,3338.096029,FALSE,NA,NA,NA,NA,NA,NA,TRUE
"1408","A69-1602-3017",1408,"Noordzeekanaal","Willem 2 sluis 2","VR2W-130587",52.383677,4.907053,2017-12-01 07:11:57,2017-12-01 07:52:58,4,NA,NA,NA,11545.483171,3338.096029,FALSE,NA,NA,NA,NA,NA,NA,TRUE
"1409","A69-1602-3017",1409,"Noordzeekanaal","Willem 2 sluis 2","VR2W-130587",52.383677,4.907053,2017-12-04 18:41:47,2017-12-04 18:44:57,3,NA,NA,NA,11545.483171,3338.096029,FALSE,NA,NA,NA,NA,NA,NA,TRUE
"1410","A69-1602-3017",1410,"Noordzeekanaal","Willem 2 sluis 2","VR2W-130587",52.383677,4.907053,2017-12-07 08:05:41,2017-12-07 08:05:41,1,NA,NA,NA,11545.483171,3338.096029,FALSE,NA,NA,NA,NA,NA,NA,TRUE
"1411","A69-1602-3017",1411,"Noordzeekanaal","Willem 2 sluis 2","VR2W-130587",52.383677,4.907053,2017-12-11 09:55:35,2017-12-11 09:55:35,1,NA,NA,NA,11545.483171,3338.096029,FALSE,NA,NA,NA,NA,NA,NA,TRUE
"1412","A69-1602-3017",1412,"Noordzeekanaal","Willem 2 sluis 2","VR2W-130587",52.383677,4.907053,2017-12-12 01:09:39,2017-12-12 01:09:39,1,NA,NA,NA,11545.483171,3338.096029,FALSE,NA,NA,NA,NA,NA,NA,TRUE
"1413","A69-1602-3017",1413,"Noordzeekanaal","Willem 2 sluis 2","VR2W-130587",52.383677,4.907053,2017-12-12 08:38:02,2017-12-12 08:38:02,1,NA,NA,NA,11545.483171,3338.096029,FALSE,NA,NA,NA,NA,NA,NA,TRUE
"1414","A69-1602-3017",1414,"Noordzeekanaal","Willem 2 sluis 2","VR2W-130587",52.383677,4.907053,2017-12-12 12:11:50,2017-12-12 13:07:58,3,NA,NA,NA,11545.483171,3338.096029,FALSE,NA,NA,NA,NA,NA,NA,TRUE
"1415","A69-1602-3017",1415,"Noordzeekanaal","Willem 2 sluis 2","VR2W-130587",52.383677,4.907053,2017-12-13 04:14:56,2017-12-13 05:14:39,12,NA,NA,NA,11545.483171,3338.096029,FALSE,NA,NA,NA,NA,NA,NA,TRUE
"1416","A69-1602-3017",1416,"Noordzeekanaal","Willem 2 sluis 2","VR2W-130587",52.383677,4.907053,2017-12-13 07:33:25,2017-12-13 07:33:25,1,NA,NA,NA,11545.483171,3338.096029,FALSE,NA,NA,NA,NA,NA,NA,TRUE
"1417","A69-1602-3017",1417,"Noordzeekanaal","Willem 2 sluis 2","VR2W-130587",52.383677,4.907053,2017-12-13 08:41:33,2017-12-13 10:59:52,14,NA,NA,NA,11545.483171,3338.096029,FALSE,NA,NA,NA,NA,NA,NA,TRUE
"1418","A69-1602-3017",1418,"Noordzeekanaal","Willem 2 sluis 2","VR2W-130587",52.383677,4.907053,2017-12-13 12:02:23,2017-12-13 13:56:55,15,NA,NA,NA,11545.483171,3338.096029,FALSE,NA,NA,NA,NA,NA,NA,TRUE
"1419","A69-1602-3017",1419,"Noordzeekanaal","Willem 2 sluis 2","VR2W-130587",52.383677,4.907053,2017-12-14 00:42:58,2017-12-14 02:22:07,15,NA,NA,NA,11545.483171,3338.096029,FALSE,NA,NA,NA,NA,NA,NA,TRUE
"1420","A69-1602-3017",1420,"Noordzeekanaal","Willem 2 sluis 2","VR2W-130587",52.383677,4.907053,2017-12-14 05:11:02,2017-12-14 05:11:02,1,NA,NA,NA,11545.483171,3338.096029,FALSE,NA,NA,NA,NA,NA,NA,TRUE
"1421","A69-1602-3017",1421,"Noordzeekanaal","Willem 2 sluis 2","VR2W-130587",52.383677,4.907053,2017-12-14 06:18:54,2017-12-14 06:18:54,1,NA,NA,NA,11545.483171,3338.096029,FALSE,NA,NA,NA,NA,NA,NA,TRUE
"1422","A69-1602-3017",1422,"Noordzeekanaal","Willem 2 sluis 2","VR2W-130587",52.383677,4.907053,2017-12-16 08:50:26,2017-12-16 08:50:26,1,NA,NA,NA,11545.483171,3338.096029,FALSE,NA,NA,NA,NA,NA,NA,TRUE
"1423","A69-1602-3017",1423,"Noordzeekanaal","Willem 2 sluis 2","VR2W-130587",52.383677,4.907053,2017-12-16 10:05:53,2017-12-16 11:05:54,7,NA,NA,NA,11545.483171,3338.096029,FALSE,NA,NA,NA,NA,NA,NA,TRUE
"1424","A69-1602-3017",1424,"Noordzeekanaal","Willem 2 sluis 2","VR2W-130587",52.383677,4.907053,2017-12-16 12:26:19,2017-12-16 14:01:00,29,NA,NA,NA,11545.483171,3338.096029,FALSE,NA,NA,NA,NA,NA,NA,TRUE
"1425","A69-1602-3017",1425,"Noordzeekanaal","Willem 2 sluis 2","VR2W-130587",52.383677,4.907053,2017-12-16 16:07:01,2017-12-16 16:07:01,1,NA,NA,NA,11545.483171,3338.096029,FALSE,NA,NA,NA,NA,NA,NA,TRUE
"1426","A69-1602-3017",1426,"Noordzeekanaal","Willem 2 sluis 2","VR2W-130587",52.383677,4.907053,2017-12-16 18:17:37,2017-12-16 18:18:56,2,NA,NA,NA,11545.483171,3338.096029,FALSE,NA,NA,NA,NA,NA,NA,TRUE
"1427","A69-1602-3017",1427,"Noordzeekanaal","Willem 2 sluis 2","VR2W-130587",52.383677,4.907053,2017-12-16 23:34:34,2017-12-17 00:03:39,3,NA,NA,NA,11545.483171,3338.096029,FALSE,NA,NA,NA,NA,NA,NA,TRUE
"1428","A69-1602-3017",1428,"Noordzeekanaal","Willem 2 sluis 2","VR2W-130587",52.383677,4.907053,2017-12-17 01:36:35,2017-12-17 01:36:35,1,NA,NA,NA,11545.483171,3338.096029,FALSE,NA,NA,NA,NA,NA,NA,TRUE
"1429","A69-1602-3017",1429,"Noordzeekanaal","Willem 2 sluis 2","VR2W-130587",52.383677,4.907053,2017-12-17 02:42:03,2017-12-17 04:39:18,7,NA,NA,NA,11545.483171,3338.096029,FALSE,NA,NA,NA,NA,NA,NA,TRUE
"1430","A69-1602-3017",1430,"Noordzeekanaal","Willem 2 sluis 2","VR2W-130587",52.383677,4.907053,2017-12-17 08:02:33,2017-12-17 08:02:33,1,NA,NA,NA,11545.483171,3338.096029,FALSE,NA,NA,NA,NA,NA,NA,TRUE
"1431","A69-1602-3017",1431,"Noordzeekanaal","Willem 2 sluis 2","VR2W-130587",52.383677,4.907053,2017-12-17 17:08:34,2017-12-17 17:08:34,1,NA,NA,NA,11545.483171,3338.096029,FALSE,NA,NA,NA,NA,NA,NA,TRUE
"1432","A69-1602-3017",1432,"Noordzeekanaal","Willem 2 sluis 2","VR2W-130587",52.383677,4.907053,2017-12-17 23:53:28,2017-12-18 01:22:36,14,NA,NA,NA,11545.483171,3338.096029,FALSE,NA,NA,NA,NA,NA,NA,TRUE
"1433","A69-1602-3017",1433,"Noordzeekanaal","Willem 2 sluis 2","VR2W-130587",52.383677,4.907053,2017-12-18 10:31:38,2017-12-19 05:15:07,283,NA,NA,NA,11545.483171,3338.096029,FALSE,NA,NA,NA,NA,NA,NA,TRUE
"1434","A69-1602-3017",1434,"Noordzeekanaal","Willem 2 sluis 2","VR2W-130587",52.383677,4.907053,2017-12-19 07:02:39,2017-12-19 13:43:24,58,NA,NA,NA,11545.483171,3338.096029,FALSE,NA,NA,NA,NA,NA,NA,TRUE
"1435","A69-1602-3017",1435,"Noordzeekanaal","Willem 2 sluis 2","VR2W-130587",52.383677,4.907053,2017-12-19 14:58:30,2017-12-19 14:59:21,2,NA,NA,NA,11545.483171,3338.096029,FALSE,NA,NA,NA,NA,NA,NA,TRUE
"1436","A69-1602-3017",1436,"Noordzeekanaal","Willem 2 sluis 2","VR2W-130587",52.383677,4.907053,2017-12-20 04:25:56,2017-12-20 05:10:16,21,NA,NA,NA,11545.483171,3338.096029,FALSE,NA,NA,NA,NA,NA,NA,TRUE
"1437","A69-1602-3017",1437,"Noordzeekanaal","Willem 2 sluis 2","VR2W-130587",52.383677,4.907053,2017-12-20 06:19:32,2017-12-20 07:54:44,11,NA,NA,NA,11545.483171,3338.096029,FALSE,NA,NA,NA,NA,NA,NA,TRUE
"1438","A69-1602-3017",1438,"Noordzeekanaal","Willem 2 sluis 2","VR2W-130587",52.383677,4.907053,2017-12-20 09:49:36,2017-12-20 10:11:39,2,NA,NA,NA,11545.483171,3338.096029,FALSE,NA,NA,NA,NA,NA,NA,TRUE
"1439","A69-1602-3017",1439,"Noordzeekanaal","Willem 2 sluis 2","VR2W-130587",52.383677,4.907053,2017-12-20 15:31:05,2017-12-20 15:31:05,1,NA,NA,NA,11545.483171,3338.096029,FALSE,NA,NA,NA,NA,NA,NA,TRUE
"1440","A69-1602-3017",1440,"Noordzeekanaal","Willem 2 sluis 2","VR2W-130587",52.383677,4.907053,2017-12-20 17:18:32,2017-12-20 20:35:44,10,NA,NA,NA,11545.483171,3338.096029,FALSE,NA,NA,NA,NA,NA,NA,TRUE
"1441","A69-1602-3017",1441,"Noordzeekanaal","Willem 2 sluis 2","VR2W-130587",52.383677,4.907053,2017-12-20 21:51:02,2017-12-21 01:20:58,47,NA,NA,NA,11545.483171,3338.096029,FALSE,NA,NA,NA,NA,NA,NA,TRUE
"1442","A69-1602-3017",1442,"Noordzeekanaal","Willem 2 sluis 2","VR2W-130587",52.383677,4.907053,2017-12-21 02:51:35,2017-12-21 04:03:31,5,NA,NA,NA,11545.483171,3338.096029,FALSE,NA,NA,NA,NA,NA,NA,TRUE
"1443","A69-1602-3017",1443,"Noordzeekanaal","Willem 2 sluis 2","VR2W-130587",52.383677,4.907053,2017-12-21 05:51:59,2017-12-21 05:51:59,1,NA,NA,NA,11545.483171,3338.096029,FALSE,NA,NA,NA,NA,NA,NA,TRUE
"1444","A69-1602-3017",1444,"Noordzeekanaal","Willem 2 sluis 2","VR2W-130587",52.383677,4.907053,2017-12-21 10:01:23,2017-12-21 10:01:23,1,NA,NA,NA,11545.483171,3338.096029,FALSE,NA,NA,NA,NA,NA,NA,TRUE
"1445","A69-1602-3017",1445,"Noordzeekanaal","Willem 2 sluis 2","VR2W-130587",52.383677,4.907053,2017-12-22 03:55:53,2017-12-22 05:14:22,9,NA,NA,NA,11545.483171,3338.096029,FALSE,NA,NA,NA,NA,NA,NA,TRUE
"1446","A69-1602-3017",1446,"Noordzeekanaal","Willem 2 sluis 2","VR2W-130587",52.383677,4.907053,2017-12-22 07:24:49,2017-12-22 07:24:49,1,NA,NA,NA,11545.483171,3338.096029,FALSE,NA,NA,NA,NA,NA,NA,TRUE
"1447","A69-1602-3017",1447,"Noordzeekanaal","Willem 2 sluis 2","VR2W-130587",52.383677,4.907053,2017-12-22 10:40:03,2017-12-22 10:40:39,2,NA,NA,NA,11545.483171,3338.096029,FALSE,NA,NA,NA,NA,NA,NA,TRUE
"1448","A69-1602-3017",1448,"Noordzeekanaal","Willem 2 sluis 2","VR2W-130587",52.383677,4.907053,2017-12-26 15:46:27,2017-12-27 01:25:11,114,NA,NA,NA,11545.483171,3338.096029,FALSE,NA,NA,NA,NA,NA,NA,TRUE
"1449","A69-1602-3017",1449,"Noordzeekanaal","Willem 2 sluis 2","VR2W-130587",52.383677,4.907053,2017-12-27 03:18:19,2017-12-27 03:18:55,2,NA,NA,NA,11545.483171,3338.096029,FALSE,NA,NA,NA,NA,NA,NA,TRUE
"1450","A69-1602-3017",1450,"Noordzeekanaal","Willem 2 sluis 2","VR2W-130587",52.383677,4.907053,2017-12-27 04:36:26,2017-12-27 04:59:15,3,NA,NA,NA,11545.483171,3338.096029,FALSE,NA,NA,NA,NA,NA,NA,TRUE
"1451","A69-1602-3017",1451,"Noordzeekanaal","Willem 2 sluis 2","VR2W-130587",52.383677,4.907053,2017-12-27 10:03:52,2017-12-27 13:10:22,26,NA,NA,NA,11545.483171,3338.096029,FALSE,NA,NA,NA,NA,NA,NA,TRUE
"1452","A69-1602-3017",1452,"Noordzeekanaal","Willem 2 sluis 2","VR2W-130587",52.383677,4.907053,2017-12-27 14:14:39,2017-12-27 14:14:39,1,NA,NA,NA,11545.483171,3338.096029,FALSE,NA,NA,NA,NA,NA,NA,TRUE
"1453","A69-1602-3017",1453,"Noordzeekanaal","Willem 2 sluis 2","VR2W-130587",52.383677,4.907053,2017-12-27 15:26:28,2017-12-27 15:28:45,2,NA,NA,NA,11545.483171,3338.096029,FALSE,NA,NA,NA,NA,NA,NA,TRUE
"1454","A69-1602-3017",1454,"Noordzeekanaal","Willem 2 sluis 2","VR2W-130587",52.383677,4.907053,2017-12-27 19:15:57,2017-12-27 19:58:16,2,NA,NA,NA,11545.483171,3338.096029,FALSE,NA,NA,NA,NA,NA,NA,TRUE
"1455","A69-1602-3017",1455,"Noordzeekanaal","Willem 2 sluis 2","VR2W-130587",52.383677,4.907053,2017-12-27 22:38:33,2017-12-27 22:44:31,2,NA,NA,NA,11545.483171,3338.096029,FALSE,NA,NA,NA,NA,NA,NA,TRUE
"1456","A69-1602-3017",1456,"Noordzeekanaal","Willem 2 sluis 2","VR2W-130587",52.383677,4.907053,2017-12-28 00:11:22,2017-12-28 00:17:08,6,NA,NA,NA,11545.483171,3338.096029,FALSE,NA,NA,NA,NA,NA,NA,TRUE
"1457","A69-1602-3017",1457,"Noordzeekanaal","Willem 2 sluis 2","VR2W-130587",52.383677,4.907053,2017-12-28 01:48:46,2017-12-28 01:48:46,1,NA,NA,NA,11545.483171,3338.096029,FALSE,NA,NA,NA,NA,NA,NA,TRUE
"1458","A69-1602-3017",1458,"Noordzeekanaal","Willem 2 sluis 2","VR2W-130587",52.383677,4.907053,2017-12-28 03:34:34,2017-12-28 04:38:26,8,NA,NA,NA,11545.483171,3338.096029,FALSE,NA,NA,NA,NA,NA,NA,TRUE
"1459","A69-1602-3017",1459,"Noordzeekanaal","Willem 2 sluis 2","VR2W-130587",52.383677,4.907053,2017-12-28 05:44:26,2017-12-28 05:47:42,2,NA,NA,NA,11545.483171,3338.096029,FALSE,NA,NA,NA,NA,NA,NA,TRUE
"1460","A69-1602-3017",1460,"Noordzeekanaal","Willem 2 sluis 2","VR2W-130587",52.383677,4.907053,2017-12-28 07:03:38,2017-12-28 07:21:19,2,NA,NA,NA,11545.483171,3338.096029,FALSE,NA,NA,NA,NA,NA,NA,TRUE
"1461","A69-1602-3017",1461,"Noordzeekanaal","Willem 2 sluis 2","VR2W-130587",52.383677,4.907053,2017-12-28 12:01:48,2017-12-28 12:01:48,1,NA,NA,NA,11545.483171,3338.096029,FALSE,NA,NA,NA,NA,NA,NA,TRUE
"1462","A69-1602-3017",1462,"Noordzeekanaal","Willem 2 sluis 2","VR2W-130587",52.383677,4.907053,2017-12-28 14:36:16,2017-12-28 19:45:07,47,NA,NA,NA,11545.483171,3338.096029,FALSE,NA,NA,NA,NA,NA,NA,TRUE
"1463","A69-1602-3017",1463,"Noordzeekanaal","Willem 2 sluis 2","VR2W-130587",52.383677,4.907053,2017-12-28 21:46:00,2017-12-28 21:46:00,1,NA,NA,NA,11545.483171,3338.096029,FALSE,NA,NA,NA,NA,NA,NA,TRUE
"1464","A69-1602-3017",1464,"Noordzeekanaal","Willem 2 sluis 2","VR2W-130587",52.383677,4.907053,2017-12-28 22:49:09,2017-12-28 22:49:09,1,NA,NA,NA,11545.483171,3338.096029,FALSE,NA,NA,NA,NA,NA,NA,TRUE
"1465","A69-1602-3017",1465,"Noordzeekanaal","Willem 2 sluis 2","VR2W-130587",52.383677,4.907053,2017-12-29 03:56:23,2017-12-29 05:11:10,16,NA,NA,NA,11545.483171,3338.096029,FALSE,NA,NA,NA,NA,NA,NA,TRUE
"1466","A69-1602-3017",1466,"Noordzeekanaal","Willem 2 sluis 2","VR2W-130587",52.383677,4.907053,2017-12-29 22:27:06,2017-12-29 22:56:49,2,NA,NA,NA,11545.483171,3338.096029,FALSE,NA,NA,NA,NA,NA,NA,TRUE
"1467","A69-1602-3017",1467,"Noordzeekanaal","Willem 2 sluis 2","VR2W-130587",52.383677,4.907053,2017-12-30 00:26:14,2017-12-30 00:26:14,1,NA,NA,NA,11545.483171,3338.096029,FALSE,NA,NA,NA,NA,NA,NA,TRUE
"1468","A69-1602-3017",1468,"Noordzeekanaal","Willem 2 sluis 2","VR2W-130587",52.383677,4.907053,2017-12-30 02:04:26,2017-12-30 05:49:52,65,NA,NA,NA,11545.483171,3338.096029,FALSE,NA,NA,NA,NA,NA,NA,TRUE
"1469","A69-1602-3017",1469,"Noordzeekanaal","Willem 2 sluis 2","VR2W-130587",52.383677,4.907053,2017-12-30 09:01:55,2017-12-30 09:09:52,3,NA,NA,NA,11545.483171,3338.096029,FALSE,NA,NA,NA,NA,NA,NA,TRUE
"1470","A69-1602-3017",1470,"Noordzeekanaal","Willem 2 sluis 2","VR2W-130587",52.383677,4.907053,2017-12-30 22:20:01,2017-12-31 01:27:21,21,NA,NA,NA,11545.483171,3338.096029,FALSE,NA,NA,NA,NA,NA,NA,TRUE
"1471","A69-1602-3017",1471,"Noordzeekanaal","Willem 2 sluis 2","VR2W-130587",52.383677,4.907053,2017-12-31 02:43:18,2017-12-31 03:21:08,7,NA,NA,NA,11545.483171,3338.096029,FALSE,NA,NA,NA,NA,NA,NA,TRUE
"1472","A69-1602-3017",1472,"Noordzeekanaal","Willem 2 sluis 2","VR2W-130587",52.383677,4.907053,2018-01-01 06:51:07,2018-01-01 06:51:07,1,NA,NA,NA,11545.483171,3338.096029,FALSE,NA,NA,NA,NA,NA,NA,TRUE
"1473","A69-1602-3017",1473,"Noordzeekanaal","Willem 2 sluis 2","VR2W-130587",52.383677,4.907053,2018-01-01 12:55:32,2018-01-02 15:12:55,389,NA,NA,NA,11545.483171,3338.096029,FALSE,NA,NA,NA,NA,NA,NA,TRUE
"1474","A69-1602-3017",1474,"Noordzeekanaal","Willem 2 sluis 2","VR2W-130587",52.383677,4.907053,2018-01-02 16:21:42,2018-01-02 17:10:01,6,NA,NA,NA,11545.483171,3338.096029,FALSE,NA,NA,NA,NA,NA,NA,TRUE
"1475","A69-1602-3017",1475,"Noordzeekanaal","Willem 2 sluis 2","VR2W-130587",52.383677,4.907053,2018-01-02 18:19:13,2018-01-02 20:47:21,18,NA,NA,NA,11545.483171,3338.096029,FALSE,NA,NA,NA,NA,NA,NA,TRUE
"1476","A69-1602-3017",1476,"Noordzeekanaal","Willem 2 sluis 2","VR2W-130587",52.383677,4.907053,2018-01-02 22:09:22,2018-01-02 22:10:13,2,NA,NA,NA,11545.483171,3338.096029,FALSE,NA,NA,NA,NA,NA,NA,TRUE
"1477","A69-1602-3017",1477,"Noordzeekanaal","Willem 2 sluis 2","VR2W-130587",52.383677,4.907053,2018-01-02 23:26:13,2018-01-03 00:20:56,4,NA,NA,NA,11545.483171,3338.096029,FALSE,NA,NA,NA,NA,NA,NA,TRUE
"1478","A69-1602-3017",1478,"Noordzeekanaal","Willem 2 sluis 2","VR2W-130587",52.383677,4.907053,2018-01-03 06:22:55,2018-01-03 06:23:40,2,NA,NA,NA,11545.483171,3338.096029,FALSE,NA,NA,NA,NA,NA,NA,TRUE
"1479","A69-1602-3017",1479,"Noordzeekanaal","Willem 2 sluis 2","VR2W-130587",52.383677,4.907053,2018-01-04 09:12:59,2018-01-04 09:50:05,5,NA,NA,NA,11545.483171,3338.096029,FALSE,NA,NA,NA,NA,NA,NA,TRUE
"1480","A69-1602-3017",1480,"Noordzeekanaal","Willem 2 sluis 2","VR2W-130587",52.383677,4.907053,2018-01-04 13:31:08,2018-01-04 13:31:08,1,NA,NA,NA,11545.483171,3338.096029,FALSE,NA,NA,NA,NA,NA,NA,TRUE
"1481","A69-1602-3017",1481,"Noordzeekanaal","Willem 2 sluis 2","VR2W-130587",52.383677,4.907053,2018-01-05 05:19:00,2018-01-05 05:19:00,1,NA,NA,NA,11545.483171,3338.096029,FALSE,NA,NA,NA,NA,NA,NA,TRUE
"1482","A69-1602-3017",1482,"Noordzeekanaal","Willem 2 sluis 2","VR2W-130587",52.383677,4.907053,2018-01-05 07:00:14,2018-01-05 08:32:51,7,NA,NA,NA,11545.483171,3338.096029,FALSE,NA,NA,NA,NA,NA,NA,TRUE
"1483","A69-1602-3017",1483,"Noordzeekanaal","Willem 2 sluis 2","VR2W-130587",52.383677,4.907053,2018-01-05 12:21:04,2018-01-05 13:53:20,17,NA,NA,NA,11545.483171,3338.096029,FALSE,NA,NA,NA,NA,NA,NA,TRUE
"1484","A69-1602-3017",1484,"Noordzeekanaal","Willem 2 sluis 2","VR2W-130587",52.383677,4.907053,2018-01-05 16:24:29,2018-01-05 18:48:59,44,NA,NA,NA,11545.483171,3338.096029,FALSE,NA,NA,NA,NA,NA,NA,TRUE
"1485","A69-1602-3017",1485,"Noordzeekanaal","Willem 2 sluis 2","VR2W-130587",52.383677,4.907053,2018-01-05 21:27:27,2018-01-05 21:33:12,3,NA,NA,NA,11545.483171,3338.096029,FALSE,NA,NA,NA,NA,NA,NA,TRUE
"1486","A69-1602-3017",1486,"Noordzeekanaal","Willem 2 sluis 2","VR2W-130587",52.383677,4.907053,2018-01-05 23:34:24,2018-01-06 01:14:44,29,NA,NA,NA,11545.483171,3338.096029,FALSE,NA,NA,NA,NA,NA,NA,TRUE
"1487","A69-1602-3017",1487,"Noordzeekanaal","Willem 2 sluis 2","VR2W-130587",52.383677,4.907053,2018-01-06 02:56:01,2018-01-06 10:21:56,220,NA,NA,NA,11545.483171,3338.096029,FALSE,NA,NA,NA,NA,NA,NA,TRUE
"1488","A69-1602-3017",1488,"Noordzeekanaal","Willem 2 sluis 2","VR2W-130587",52.383677,4.907053,2018-01-06 11:22:18,2018-01-06 12:29:09,26,NA,NA,NA,11545.483171,3338.096029,FALSE,NA,NA,NA,NA,NA,NA,TRUE
"1489","A69-1602-3017",1489,"Noordzeekanaal","Willem 2 sluis 2","VR2W-130587",52.383677,4.907053,2018-01-08 00:47:52,2018-01-08 00:47:52,1,NA,NA,NA,11545.483171,3338.096029,FALSE,NA,NA,NA,NA,NA,NA,TRUE
"1490","A69-1602-3017",1490,"Noordzeekanaal","Willem 2 sluis 2","VR2W-130587",52.383677,4.907053,2018-01-09 08:49:27,2018-01-09 09:08:42,4,NA,NA,NA,11545.483171,3338.096029,FALSE,NA,NA,NA,NA,NA,NA,TRUE
"1491","A69-1602-3017",1491,"Noordzeekanaal","Willem 2 sluis 2","VR2W-130587",52.383677,4.907053,2018-01-09 11:05:12,2018-01-09 11:11:11,2,NA,NA,NA,11545.483171,3338.096029,FALSE,NA,NA,NA,NA,NA,NA,TRUE
"1492","A69-1602-3017",1492,"Noordzeekanaal","Willem 2 sluis 2","VR2W-130587",52.383677,4.907053,2018-01-09 12:32:01,2018-01-09 14:15:13,8,NA,NA,NA,11545.483171,3338.096029,FALSE,NA,NA,NA,NA,NA,NA,TRUE
"1493","A69-1602-3017",1493,"Noordzeekanaal","Willem 2 sluis 2","VR2W-130587",52.383677,4.907053,2018-01-09 19:10:29,2018-01-09 19:17:03,5,NA,NA,NA,11545.483171,3338.096029,FALSE,NA,NA,NA,NA,NA,NA,TRUE
"1494","A69-1602-3017",1494,"Noordzeekanaal","Willem 2 sluis 2","VR2W-130587",52.383677,4.907053,2018-01-09 21:34:29,2018-01-09 22:14:40,9,NA,NA,NA,11545.483171,3338.096029,FALSE,NA,NA,NA,NA,NA,NA,TRUE
"1495","A69-1602-3017",1495,"Noordzeekanaal","Willem 2 sluis 2","VR2W-130587",52.383677,4.907053,2018-01-09 23:16:13,2018-01-10 10:46:23,148,NA,NA,NA,11545.483171,3338.096029,FALSE,NA,NA,NA,NA,NA,NA,TRUE
"1496","A69-1602-3017",1496,"Noordzeekanaal","Willem 2 sluis 2","VR2W-130587",52.383677,4.907053,2018-01-11 03:47:08,2018-01-11 05:20:04,7,NA,NA,NA,11545.483171,3338.096029,FALSE,NA,NA,NA,NA,NA,NA,TRUE
"1497","A69-1602-3017",1497,"Noordzeekanaal","Willem 2 sluis 2","VR2W-130587",52.383677,4.907053,2018-01-11 06:47:50,2018-01-11 06:47:50,1,NA,NA,NA,11545.483171,3338.096029,FALSE,NA,NA,NA,NA,NA,NA,TRUE
"1498","A69-1602-3017",1498,"Noordzeekanaal","Willem 2 sluis 2","VR2W-130587",52.383677,4.907053,2018-01-11 15:37:16,2018-01-11 15:37:16,1,NA,NA,NA,11545.483171,3338.096029,FALSE,NA,NA,NA,NA,NA,NA,TRUE
"1499","A69-1602-3017",1499,"Noordzeekanaal","Willem 2 sluis 2","VR2W-130587",52.383677,4.907053,2018-01-11 17:29:40,2018-01-11 17:29:40,1,NA,NA,NA,11545.483171,3338.096029,FALSE,NA,NA,NA,NA,NA,NA,TRUE
"1500","A69-1602-3017",1500,"Noordzeekanaal","Willem 2 sluis 2","VR2W-130587",52.383677,4.907053,2018-01-11 22:32:39,2018-01-11 22:39:12,2,NA,NA,NA,11545.483171,3338.096029,FALSE,NA,NA,NA,NA,NA,NA,TRUE
"1501","A69-1602-3017",1501,"Noordzeekanaal","Willem 2 sluis 2","VR2W-130587",52.383677,4.907053,2018-01-12 02:39:18,2018-01-12 03:05:26,2,NA,NA,NA,11545.483171,3338.096029,FALSE,NA,NA,NA,NA,NA,NA,TRUE
"1502","A69-1602-3017",1502,"Noordzeekanaal","Willem 2 sluis 2","VR2W-130587",52.383677,4.907053,2018-01-12 17:37:09,2018-01-12 19:16:49,15,NA,NA,NA,11545.483171,3338.096029,FALSE,NA,NA,NA,NA,NA,NA,TRUE
"1503","A69-1602-3017",1503,"Noordzeekanaal","Willem 2 sluis 2","VR2W-130587",52.383677,4.907053,2018-01-17 01:31:40,2018-01-17 02:57:46,23,NA,NA,NA,11545.483171,3338.096029,FALSE,NA,NA,NA,NA,NA,NA,TRUE
"1504","A69-1602-3017",1504,"Noordzeekanaal","Willem 2 sluis 2","VR2W-130587",52.383677,4.907053,2018-01-17 16:39:13,2018-01-17 16:39:13,1,NA,NA,NA,11545.483171,3338.096029,FALSE,NA,NA,NA,NA,NA,NA,TRUE
"1505","A69-1602-3017",1505,"Noordzeekanaal","Willem 2 sluis 2","VR2W-130587",52.383677,4.907053,2018-01-17 17:40:30,2018-01-17 17:40:30,1,NA,NA,NA,11545.483171,3338.096029,FALSE,NA,NA,NA,NA,NA,NA,TRUE
"1506","A69-1602-3017",1506,"Noordzeekanaal","Willem 2 sluis 2","VR2W-130587",52.383677,4.907053,2018-01-18 04:42:30,2018-01-18 04:42:30,1,NA,NA,NA,11545.483171,3338.096029,FALSE,NA,NA,NA,NA,NA,NA,TRUE
"1507","A69-1602-3017",1507,"Noordzeekanaal","Willem 2 sluis 2","VR2W-130587",52.383677,4.907053,2018-01-18 11:57:35,2018-01-18 14:06:13,28,NA,NA,NA,11545.483171,3338.096029,FALSE,NA,NA,NA,NA,NA,NA,TRUE
"1508","A69-1602-3017",1508,"Noordzeekanaal","Willem 2 sluis 2","VR2W-130587",52.383677,4.907053,2018-01-18 15:15:19,2018-01-18 16:17:22,22,NA,NA,NA,11545.483171,3338.096029,FALSE,NA,NA,NA,NA,NA,NA,TRUE
"1509","A69-1602-3017",1509,"Noordzeekanaal","Willem 2 sluis 2","VR2W-130587",52.383677,4.907053,2018-01-18 18:18:43,2018-01-18 18:18:43,1,NA,NA,NA,11545.483171,3338.096029,FALSE,NA,NA,NA,NA,NA,NA,TRUE
"1510","A69-1602-3017",1510,"Noordzeekanaal","Willem 2 sluis 2","VR2W-130587",52.383677,4.907053,2018-01-18 19:34:24,2018-01-19 08:06:51,189,NA,NA,NA,11545.483171,3338.096029,FALSE,NA,NA,NA,NA,NA,NA,TRUE
"1511","A69-1602-3017",1511,"Noordzeekanaal","Willem 2 sluis 2","VR2W-130587",52.383677,4.907053,2018-01-19 09:39:27,2018-01-19 09:39:27,1,NA,NA,NA,11545.483171,3338.096029,FALSE,NA,NA,NA,NA,NA,NA,TRUE
"1512","A69-1602-3017",1512,"Noordzeekanaal","Willem 2 sluis 2","VR2W-130587",52.383677,4.907053,2018-01-19 16:42:56,2018-01-19 17:03:33,4,NA,NA,NA,11545.483171,3338.096029,FALSE,NA,NA,NA,NA,NA,NA,TRUE
"1513","A69-1602-3017",1513,"Noordzeekanaal","Willem 2 sluis 2","VR2W-130587",52.383677,4.907053,2018-01-19 21:13:20,2018-01-19 21:13:20,1,NA,NA,NA,11545.483171,3338.096029,FALSE,NA,NA,NA,NA,NA,NA,TRUE
"1514","A69-1602-3017",1514,"Noordzeekanaal","Willem 2 sluis 2","VR2W-130587",52.383677,4.907053,2018-01-20 00:51:33,2018-01-20 01:47:26,5,NA,NA,NA,11545.483171,3338.096029,FALSE,NA,NA,NA,NA,NA,NA,TRUE
"1515","A69-1602-3017",1515,"Noordzeekanaal","Willem 2 sluis 2","VR2W-130587",52.383677,4.907053,2018-01-20 05:01:10,2018-01-20 08:48:39,54,NA,NA,NA,11545.483171,3338.096029,FALSE,NA,NA,NA,NA,NA,NA,TRUE
"1516","A69-1602-3017",1516,"Noordzeekanaal","Willem 2 sluis 2","VR2W-130587",52.383677,4.907053,2018-01-22 06:26:28,2018-01-22 07:56:28,16,NA,NA,NA,11545.483171,3338.096029,FALSE,NA,NA,NA,NA,NA,NA,TRUE
"1517","A69-1602-3017",1517,"Noordzeekanaal","Willem 2 sluis 2","VR2W-130587",52.383677,4.907053,2018-01-22 10:51:00,2018-01-22 10:51:00,1,NA,NA,NA,11545.483171,3338.096029,FALSE,NA,NA,NA,NA,NA,NA,TRUE
"1518","A69-1602-3017",1518,"Noordzeekanaal","Willem 2 sluis 2","VR2W-130587",52.383677,4.907053,2018-01-23 01:14:10,2018-01-23 01:32:38,2,NA,NA,NA,11545.483171,3338.096029,FALSE,NA,NA,NA,NA,NA,NA,TRUE
"1519","A69-1602-3017",1519,"Noordzeekanaal","Willem 2 sluis 2","VR2W-130587",52.383677,4.907053,2018-01-23 03:14:17,2018-01-23 04:54:09,22,NA,NA,NA,11545.483171,3338.096029,FALSE,NA,NA,NA,NA,NA,NA,TRUE
"1520","A69-1602-3017",1520,"Noordzeekanaal","Willem 2 sluis 2","VR2W-130587",52.383677,4.907053,2018-01-23 05:58:35,2018-01-23 06:19:19,5,NA,NA,NA,11545.483171,3338.096029,FALSE,NA,NA,NA,NA,NA,NA,TRUE
"1521","A69-1602-3017",1521,"Noordzeekanaal","Willem 2 sluis 2","VR2W-130587",52.383677,4.907053,2018-01-25 06:16:59,2018-01-25 09:32:53,81,NA,NA,NA,11545.483171,3338.096029,FALSE,NA,NA,NA,NA,NA,NA,TRUE
"1522","A69-1602-3017",1522,"Noordzeekanaal","Willem 2 sluis 2","VR2W-130587",52.383677,4.907053,2018-01-25 11:26:19,2018-01-26 05:16:33,613,NA,NA,NA,11545.483171,3338.096029,FALSE,NA,NA,NA,NA,NA,NA,TRUE
"1523","A69-1602-3017",1523,"Noordzeekanaal","Willem 2 sluis 2","VR2W-130587",52.383677,4.907053,2018-01-26 06:56:02,2018-01-26 07:11:02,6,NA,NA,NA,11545.483171,3338.096029,FALSE,NA,NA,NA,NA,NA,NA,TRUE
"1524","A69-1602-3017",1524,"Noordzeekanaal","Willem 2 sluis 2","VR2W-130587",52.383677,4.907053,2018-01-26 09:00:29,2018-01-29 07:11:09,2676,NA,NA,NA,11545.483171,3338.096029,FALSE,NA,NA,NA,NA,NA,NA,TRUE
"1525","A69-1602-3017",1525,"Noordzeekanaal","Willem 2 sluis 2","VR2W-130587",52.383677,4.907053,2018-01-29 08:12:30,2018-01-29 10:45:04,36,NA,NA,NA,11545.483171,3338.096029,FALSE,NA,NA,NA,NA,NA,NA,TRUE
"1526","A69-1602-3017",1526,"Noordzeekanaal","Willem 2 sluis 2","VR2W-130587",52.383677,4.907053,2018-01-29 18:29:22,2018-01-29 19:44:09,6,NA,NA,NA,11545.483171,3338.096029,FALSE,NA,NA,NA,NA,NA,NA,TRUE
"1527","A69-1602-3017",1527,"Noordzeekanaal","Willem 2 sluis 2","VR2W-130587",52.383677,4.907053,2018-01-29 21:37:45,2018-01-29 21:56:27,2,NA,NA,NA,11545.483171,3338.096029,FALSE,NA,NA,NA,NA,NA,NA,TRUE
"1528","A69-1602-3017",1528,"Noordzeekanaal","Willem 2 sluis 2","VR2W-130587",52.383677,4.907053,2018-01-30 02:28:53,2018-01-30 03:42:36,4,NA,NA,NA,11545.483171,3338.096029,FALSE,NA,NA,NA,NA,NA,NA,TRUE
"1529","A69-1602-3017",1529,"Noordzeekanaal","Willem 2 sluis 2","VR2W-130587",52.383677,4.907053,2018-01-30 10:37:09,2018-01-30 10:40:08,2,NA,NA,NA,11545.483171,3338.096029,FALSE,NA,NA,NA,NA,NA,NA,TRUE
"1530","A69-1602-3017",1530,"Noordzeekanaal","Willem 2 sluis 2","VR2W-130587",52.383677,4.907053,2018-01-30 11:51:17,2018-01-30 11:57:28,3,NA,NA,NA,11545.483171,3338.096029,FALSE,NA,NA,NA,NA,NA,NA,TRUE
"1531","A69-1602-3017",1531,"Noordzeekanaal","Willem 2 sluis 2","VR2W-130587",52.383677,4.907053,2018-01-30 13:04:14,2018-01-30 13:24:38,7,NA,NA,NA,11545.483171,3338.096029,FALSE,NA,NA,NA,NA,NA,NA,TRUE
"1532","A69-1602-3017",1532,"Noordzeekanaal","Willem 2 sluis 2","VR2W-130587",52.383677,4.907053,2018-01-30 23:23:24,2018-01-30 23:23:24,1,NA,NA,NA,11545.483171,3338.096029,FALSE,NA,NA,NA,NA,NA,NA,TRUE
"1533","A69-1602-3017",1533,"Noordzeekanaal","Willem 2 sluis 2","VR2W-130587",52.383677,4.907053,2018-01-31 01:19:40,2018-01-31 01:36:55,5,NA,NA,NA,11545.483171,3338.096029,FALSE,NA,NA,NA,NA,NA,NA,TRUE
"1534","A69-1602-3017",1534,"Noordzeekanaal","Willem 2 sluis 2","VR2W-130587",52.383677,4.907053,2018-01-31 18:47:06,2018-01-31 19:39:07,7,NA,NA,NA,11545.483171,3338.096029,FALSE,NA,NA,NA,NA,NA,NA,TRUE
"1535","A69-1602-3017",1535,"Noordzeekanaal","Willem 2 sluis 2","VR2W-130587",52.383677,4.907053,2018-02-01 19:50:09,2018-02-01 19:50:09,1,NA,NA,NA,11545.483171,3338.096029,FALSE,NA,NA,NA,NA,NA,NA,TRUE
"1536","A69-1602-3017",1536,"Noordzeekanaal","Willem 2 sluis 2","VR2W-130587",52.383677,4.907053,2018-02-02 05:48:40,2018-02-02 06:05:22,6,NA,NA,NA,11545.483171,3338.096029,FALSE,NA,NA,NA,NA,NA,NA,TRUE
"1537","A69-1602-3017",1537,"Noordzeekanaal","Willem 2 sluis 2","VR2W-130587",52.383677,4.907053,2018-02-02 07:39:55,2018-02-02 07:40:36,2,NA,NA,NA,11545.483171,3338.096029,FALSE,NA,NA,NA,NA,NA,NA,TRUE
"1538","A69-1602-3017",1538,"Noordzeekanaal","Willem 2 sluis 2","VR2W-130587",52.383677,4.907053,2018-02-02 13:02:43,2018-02-02 13:02:43,1,NA,NA,NA,11545.483171,3338.096029,FALSE,NA,NA,NA,NA,NA,NA,TRUE
"1539","A69-1602-3017",1539,"Noordzeekanaal","Willem 2 sluis 2","VR2W-130587",52.383677,4.907053,2018-02-03 01:36:24,2018-02-03 01:36:24,1,NA,NA,NA,11545.483171,3338.096029,FALSE,NA,NA,NA,NA,NA,NA,TRUE
"1540","A69-1602-3017",1540,"Noordzeekanaal","Willem 2 sluis 2","VR2W-130587",52.383677,4.907053,2018-02-03 04:50:54,2018-02-03 04:50:54,1,NA,NA,NA,11545.483171,3338.096029,FALSE,NA,NA,NA,NA,NA,NA,TRUE
"1541","A69-1602-3017",1541,"Noordzeekanaal","Willem 2 sluis 2","VR2W-130587",52.383677,4.907053,2018-02-03 07:02:14,2018-02-03 08:22:11,7,NA,NA,NA,11545.483171,3338.096029,FALSE,NA,NA,NA,NA,NA,NA,TRUE
"1542","A69-1602-3017",1542,"Noordzeekanaal","Willem 2 sluis 2","VR2W-130587",52.383677,4.907053,2018-02-03 09:44:33,2018-02-03 09:53:14,2,NA,NA,NA,11545.483171,3338.096029,FALSE,NA,NA,NA,NA,NA,NA,TRUE
"1543","A69-1602-3017",1543,"Noordzeekanaal","Willem 2 sluis 2","VR2W-130587",52.383677,4.907053,2018-02-03 13:01:07,2018-02-03 13:08:53,2,NA,NA,NA,11545.483171,3338.096029,FALSE,NA,NA,NA,NA,NA,NA,TRUE
"1544","A69-1602-3017",1544,"Noordzeekanaal","Willem 2 sluis 2","VR2W-130587",52.383677,4.907053,2018-02-03 14:21:11,2018-02-03 14:57:57,11,NA,NA,NA,11545.483171,3338.096029,FALSE,NA,NA,NA,NA,NA,NA,TRUE
"1545","A69-1602-3017",1545,"Noordzeekanaal","Willem 2 sluis 2","VR2W-130587",52.383677,4.907053,2018-02-03 20:48:05,2018-02-03 22:02:52,6,NA,NA,NA,11545.483171,3338.096029,FALSE,NA,NA,NA,NA,NA,NA,TRUE
"1546","A69-1602-3017",1546,"Noordzeekanaal","Willem 2 sluis 2","VR2W-130587",52.383677,4.907053,2018-02-04 00:50:27,2018-02-04 01:47:09,35,NA,NA,NA,11545.483171,3338.096029,FALSE,NA,NA,NA,NA,NA,NA,TRUE
"1547","A69-1602-3017",1547,"Noordzeekanaal","Willem 2 sluis 2","VR2W-130587",52.383677,4.907053,2018-02-04 04:58:31,2018-02-04 07:34:53,17,NA,NA,NA,11545.483171,3338.096029,FALSE,NA,NA,NA,NA,NA,NA,TRUE
"1548","A69-1602-3017",1548,"Noordzeekanaal","Willem 2 sluis 2","VR2W-130587",52.383677,4.907053,2018-02-04 09:34:34,2018-02-04 09:38:39,2,NA,NA,NA,11545.483171,3338.096029,FALSE,NA,NA,NA,NA,NA,NA,TRUE
"1549","A69-1602-3017",1549,"Noordzeekanaal","Willem 2 sluis 2","VR2W-130587",52.383677,4.907053,2018-02-04 15:44:03,2018-02-04 19:59:08,64,NA,NA,NA,11545.483171,3338.096029,FALSE,NA,NA,NA,NA,NA,NA,TRUE
"1550","A69-1602-3017",1550,"Noordzeekanaal","Willem 2 sluis 2","VR2W-130587",52.383677,4.907053,2018-02-04 21:12:35,2018-02-04 21:12:35,1,NA,NA,NA,11545.483171,3338.096029,FALSE,NA,NA,NA,NA,NA,NA,TRUE
"1551","A69-1602-3017",1551,"Noordzeekanaal","Willem 2 sluis 2","VR2W-130587",52.383677,4.907053,2018-02-05 02:24:53,2018-02-05 02:38:18,2,NA,NA,NA,11545.483171,3338.096029,FALSE,NA,NA,NA,NA,NA,NA,TRUE
"1552","A69-1602-3017",1552,"Noordzeekanaal","Willem 2 sluis 2","VR2W-130587",52.383677,4.907053,2018-02-05 05:24:56,2018-02-05 05:24:56,1,NA,NA,NA,11545.483171,3338.096029,FALSE,NA,NA,NA,NA,NA,NA,TRUE
"1553","A69-1602-3017",1553,"Noordzeekanaal","Willem 2 sluis 2","VR2W-130587",52.383677,4.907053,2018-02-05 10:28:48,2018-02-05 10:28:48,1,NA,NA,NA,11545.483171,3338.096029,FALSE,NA,NA,NA,NA,NA,NA,TRUE
"1554","A69-1602-3017",1554,"Noordzeekanaal","Willem 2 sluis 2","VR2W-130587",52.383677,4.907053,2018-02-05 17:30:27,2018-02-05 17:31:14,2,NA,NA,NA,11545.483171,3338.096029,FALSE,NA,NA,NA,NA,NA,NA,TRUE
"1555","A69-1602-3017",1555,"Noordzeekanaal","Willem 2 sluis 2","VR2W-130587",52.383677,4.907053,2018-02-06 00:42:00,2018-02-06 00:54:21,8,NA,NA,NA,11545.483171,3338.096029,FALSE,NA,NA,NA,NA,NA,NA,TRUE
"1556","A69-1602-3017",1556,"Noordzeekanaal","Willem 2 sluis 2","VR2W-130587",52.383677,4.907053,2018-02-06 03:32:10,2018-02-06 05:46:16,12,NA,NA,NA,11545.483171,3338.096029,FALSE,NA,NA,NA,NA,NA,NA,TRUE
"1557","A69-1602-3017",1557,"Noordzeekanaal","Willem 2 sluis 2","VR2W-130587",52.383677,4.907053,2018-02-06 07:34:28,2018-02-06 07:34:28,1,NA,NA,NA,11545.483171,3338.096029,FALSE,NA,NA,NA,NA,NA,NA,TRUE
"1558","A69-1602-3017",1558,"Noordzeekanaal","Willem 2 sluis 2","VR2W-130587",52.383677,4.907053,2018-02-06 11:37:33,2018-02-06 11:37:33,1,NA,NA,NA,11545.483171,3338.096029,FALSE,NA,NA,NA,NA,NA,NA,TRUE
"1559","A69-1602-3017",1559,"Noordzeekanaal","Willem 2 sluis 2","VR2W-130587",52.383677,4.907053,2018-02-06 17:38:53,2018-02-06 17:44:57,2,NA,NA,NA,11545.483171,3338.096029,FALSE,NA,NA,NA,NA,NA,NA,TRUE
"1560","A69-1602-3017",1560,"Noordzeekanaal","Willem 2 sluis 2","VR2W-130587",52.383677,4.907053,2018-02-06 18:52:35,2018-02-06 18:52:35,1,NA,NA,NA,11545.483171,3338.096029,FALSE,NA,NA,NA,NA,NA,NA,TRUE
"1561","A69-1602-3017",1561,"Noordzeekanaal","Willem 2 sluis 2","VR2W-130587",52.383677,4.907053,2018-02-06 23:18:19,2018-02-07 01:15:02,35,NA,NA,NA,11545.483171,3338.096029,FALSE,NA,NA,NA,NA,NA,NA,TRUE
"1562","A69-1602-3017",1562,"Noordzeekanaal","Willem 2 sluis 2","VR2W-130587",52.383677,4.907053,2018-02-07 03:45:08,2018-02-07 04:09:00,4,NA,NA,NA,11545.483171,3338.096029,FALSE,NA,NA,NA,NA,NA,NA,TRUE
"1563","A69-1602-3017",1563,"Noordzeekanaal","Willem 2 sluis 2","VR2W-130587",52.383677,4.907053,2018-02-07 06:18:20,2018-02-07 06:18:20,1,NA,NA,NA,11545.483171,3338.096029,FALSE,NA,NA,NA,NA,NA,NA,TRUE
"1564","A69-1602-3017",1564,"Noordzeekanaal","Willem 2 sluis 2","VR2W-130587",52.383677,4.907053,2018-02-07 09:16:05,2018-02-07 09:20:47,2,NA,NA,NA,11545.483171,3338.096029,FALSE,NA,NA,NA,NA,NA,NA,TRUE
"1565","A69-1602-3017",1565,"Noordzeekanaal","Willem 2 sluis 2","VR2W-130587",52.383677,4.907053,2018-02-07 14:21:08,2018-02-07 14:21:08,1,NA,NA,NA,11545.483171,3338.096029,FALSE,NA,NA,NA,NA,NA,NA,TRUE
"1566","A69-1602-3017",1566,"Noordzeekanaal","Willem 2 sluis 2","VR2W-130587",52.383677,4.907053,2018-02-07 16:04:56,2018-02-07 16:08:07,2,NA,NA,NA,11545.483171,3338.096029,FALSE,NA,NA,NA,NA,NA,NA,TRUE
"1567","A69-1602-3017",1567,"Noordzeekanaal","Willem 2 sluis 2","VR2W-130587",52.383677,4.907053,2018-02-08 02:01:55,2018-02-08 02:47:18,6,NA,NA,NA,11545.483171,3338.096029,FALSE,NA,NA,NA,NA,NA,NA,TRUE
"1568","A69-1602-3017",1568,"Noordzeekanaal","Willem 2 sluis 2","VR2W-130587",52.383677,4.907053,2018-02-08 04:31:30,2018-02-08 04:31:30,1,NA,NA,NA,11545.483171,3338.096029,FALSE,NA,NA,NA,NA,NA,NA,TRUE
"1569","A69-1602-3017",1569,"Noordzeekanaal","Willem 2 sluis 2","VR2W-130587",52.383677,4.907053,2018-02-08 13:51:23,2018-02-08 13:51:23,1,NA,NA,NA,11545.483171,3338.096029,FALSE,NA,NA,NA,NA,NA,NA,TRUE
"1570","A69-1602-3017",1570,"Noordzeekanaal","Willem 2 sluis 2","VR2W-130587",52.383677,4.907053,2018-02-08 20:16:14,2018-02-08 20:16:58,2,NA,NA,NA,11545.483171,3338.096029,FALSE,NA,NA,NA,NA,NA,NA,TRUE
"1571","A69-1602-3017",1571,"Noordzeekanaal","Willem 2 sluis 2","VR2W-130587",52.383677,4.907053,2018-02-10 00:13:42,2018-02-10 00:14:20,2,NA,NA,NA,11545.483171,3338.096029,FALSE,NA,NA,NA,NA,NA,NA,TRUE
"1572","A69-1602-3017",1572,"Noordzeekanaal","Willem 2 sluis 2","VR2W-130587",52.383677,4.907053,2018-02-10 01:58:31,2018-02-10 01:58:31,1,NA,NA,NA,11545.483171,3338.096029,FALSE,NA,NA,NA,NA,NA,NA,TRUE
"1573","A69-1602-3017",1573,"Noordzeekanaal","Willem 2 sluis 2","VR2W-130587",52.383677,4.907053,2018-02-10 07:31:53,2018-02-10 07:44:07,2,NA,NA,NA,11545.483171,3338.096029,FALSE,NA,NA,NA,NA,NA,NA,TRUE
"1574","A69-1602-3017",1574,"Noordzeekanaal","Willem 2 sluis 2","VR2W-130587",52.383677,4.907053,2018-02-10 12:46:39,2018-02-10 12:46:39,1,NA,NA,NA,11545.483171,3338.096029,FALSE,NA,NA,NA,NA,NA,NA,TRUE
"1575","A69-1602-3017",1575,"Noordzeekanaal","Willem 2 sluis 2","VR2W-130587",52.383677,4.907053,2018-02-12 02:56:07,2018-02-12 02:56:07,1,NA,NA,NA,11545.483171,3338.096029,FALSE,NA,NA,NA,NA,NA,NA,TRUE
"1576","A69-1602-3017",1576,"Noordzeekanaal","Willem 2 sluis 2","VR2W-130587",52.383677,4.907053,2018-02-12 04:25:27,2018-02-12 04:25:27,1,NA,NA,NA,11545.483171,3338.096029,FALSE,NA,NA,NA,NA,NA,NA,TRUE
"1577","A69-1602-3017",1577,"Noordzeekanaal","Willem 2 sluis 2","VR2W-130587",52.383677,4.907053,2018-02-13 01:02:55,2018-02-13 01:02:55,1,NA,NA,NA,11545.483171,3338.096029,FALSE,NA,NA,NA,NA,NA,NA,TRUE
"1578","A69-1602-3017",1578,"Noordzeekanaal","Willem 2 sluis 2","VR2W-130587",52.383677,4.907053,2018-02-13 13:43:00,2018-02-13 14:00:52,3,NA,NA,NA,11545.483171,3338.096029,FALSE,NA,NA,NA,NA,NA,NA,TRUE
"1579","A69-1602-3017",1579,"Noordzeekanaal","Willem 2 sluis 2","VR2W-130587",52.383677,4.907053,2018-02-14 02:43:17,2018-02-14 02:43:17,1,NA,NA,NA,11545.483171,3338.096029,FALSE,NA,NA,NA,NA,NA,NA,TRUE
"1580","A69-1602-3017",1580,"Noordzeekanaal","Willem 2 sluis 2","VR2W-130587",52.383677,4.907053,2018-02-14 05:07:22,2018-02-14 05:07:22,1,NA,NA,NA,11545.483171,3338.096029,FALSE,NA,NA,NA,NA,NA,NA,TRUE
"1581","A69-1602-3017",1581,"Noordzeekanaal","Willem 2 sluis 2","VR2W-130587",52.383677,4.907053,2018-02-15 09:18:10,2018-02-15 09:18:10,1,NA,NA,NA,11545.483171,3338.096029,FALSE,NA,NA,NA,NA,NA,NA,TRUE
"1582","A69-1602-3017",1582,"Noordzeekanaal","Willem 2 sluis 2","VR2W-130587",52.383677,4.907053,2018-02-15 10:59:29,2018-02-15 11:00:08,2,NA,NA,NA,11545.483171,3338.096029,FALSE,NA,NA,NA,NA,NA,NA,TRUE
"1583","A69-1602-3017",1583,"Noordzeekanaal","Willem 2 sluis 2","VR2W-130587",52.383677,4.907053,2018-02-16 06:42:54,2018-02-16 06:42:54,1,NA,NA,NA,11545.483171,3338.096029,FALSE,NA,NA,NA,NA,NA,NA,TRUE
"1584","A69-1602-3017",1584,"Noordzeekanaal","Willem 2 sluis 2","VR2W-130587",52.383677,4.907053,2018-02-16 08:09:07,2018-02-16 08:24:15,3,NA,NA,NA,11545.483171,3338.096029,FALSE,NA,NA,NA,NA,NA,NA,TRUE
"1585","A69-1602-3017",1585,"Noordzeekanaal","Willem 2 sluis 2","VR2W-130587",52.383677,4.907053,2018-02-17 08:00:38,2018-02-17 08:08:03,7,NA,NA,NA,11545.483171,3338.096029,FALSE,NA,NA,NA,NA,NA,NA,TRUE
"1586","A69-1602-3017",1586,"Noordzeekanaal","Willem 2 sluis 2","VR2W-130587",52.383677,4.907053,2018-02-17 10:19:57,2018-02-17 10:20:33,2,NA,NA,NA,11545.483171,3338.096029,FALSE,NA,NA,NA,NA,NA,NA,TRUE
"1587","A69-1602-3017",1587,"Noordzeekanaal","Willem 2 sluis 2","VR2W-130587",52.383677,4.907053,2018-02-17 12:52:58,2018-02-17 13:02:04,2,NA,NA,NA,11545.483171,3338.096029,FALSE,NA,NA,NA,NA,NA,NA,TRUE
"1588","A69-1602-3017",1588,"Noordzeekanaal","Willem 2 sluis 2","VR2W-130587",52.383677,4.907053,2018-02-19 07:32:02,2018-02-19 07:34:50,3,NA,NA,NA,11545.483171,3338.096029,FALSE,NA,NA,NA,NA,NA,NA,TRUE
"1589","A69-1602-3017",1589,"Noordzeekanaal","Willem 2 sluis 2","VR2W-130587",52.383677,4.907053,2018-02-19 12:00:34,2018-02-19 12:00:34,1,NA,NA,NA,11545.483171,3338.096029,FALSE,NA,NA,NA,NA,NA,NA,TRUE
"1590","A69-1602-3017",1590,"Noordzeekanaal","Willem 2 sluis 2","VR2W-130587",52.383677,4.907053,2018-02-19 18:26:41,2018-02-19 18:28:33,4,NA,NA,NA,11545.483171,3338.096029,FALSE,NA,NA,NA,NA,NA,NA,TRUE
"1591","A69-1602-3017",1591,"Noordzeekanaal","Willem 2 sluis 2","VR2W-130587",52.383677,4.907053,2018-02-20 14:56:53,2018-02-20 15:01:02,4,NA,NA,NA,11545.483171,3338.096029,FALSE,NA,NA,NA,NA,NA,NA,TRUE
"1592","A69-1602-3017",1592,"Noordzeekanaal","Willem 2 sluis 2","VR2W-130587",52.383677,4.907053,2018-02-20 18:00:11,2018-02-20 18:00:11,1,NA,NA,NA,11545.483171,3338.096029,FALSE,NA,NA,NA,NA,NA,NA,TRUE
"1593","A69-1602-3017",1593,"Noordzeekanaal","Willem 2 sluis 2","VR2W-130587",52.383677,4.907053,2018-02-21 00:10:49,2018-02-21 00:26:03,13,NA,NA,NA,11545.483171,3338.096029,FALSE,NA,NA,NA,NA,NA,NA,TRUE
"1594","A69-1602-3017",1594,"Noordzeekanaal","Willem 2 sluis 2","VR2W-130587",52.383677,4.907053,2018-02-21 12:10:26,2018-02-21 12:10:26,1,NA,NA,NA,11545.483171,3338.096029,FALSE,NA,NA,NA,NA,NA,NA,TRUE
"1595","A69-1602-3017",1595,"Noordzeekanaal","Willem 2 sluis 2","VR2W-130587",52.383677,4.907053,2018-02-21 19:08:23,2018-02-21 19:08:23,1,NA,NA,NA,11545.483171,3338.096029,FALSE,NA,NA,NA,NA,NA,NA,TRUE
"1596","A69-1602-3017",1596,"Noordzeekanaal","Willem 2 sluis 2","VR2W-130587",52.383677,4.907053,2018-02-22 19:38:00,2018-02-22 19:40:41,2,NA,NA,NA,11545.483171,3338.096029,FALSE,NA,NA,NA,NA,NA,NA,TRUE
"1597","A69-1602-3017",1597,"Noordzeekanaal","Willem 2 sluis 2","VR2W-130587",52.383677,4.907053,2018-02-23 02:25:52,2018-02-23 02:25:52,1,NA,NA,NA,11545.483171,3338.096029,FALSE,NA,NA,NA,NA,NA,NA,TRUE
"1598","A69-1602-3017",1598,"Noordzeekanaal","Willem 2 sluis 2","VR2W-130587",52.383677,4.907053,2018-02-23 04:20:13,2018-02-23 04:20:13,1,NA,NA,NA,11545.483171,3338.096029,FALSE,NA,NA,NA,NA,NA,NA,TRUE
"1599","A69-1602-3017",1599,"Noordzeekanaal","Willem 2 sluis 2","VR2W-130587",52.383677,4.907053,2018-02-23 16:32:19,2018-02-23 16:32:19,1,NA,NA,NA,11545.483171,3338.096029,FALSE,NA,NA,NA,NA,NA,NA,TRUE
"1600","A69-1602-3017",1600,"Noordzeekanaal","Willem 2 sluis 2","VR2W-130587",52.383677,4.907053,2018-02-25 20:15:27,2018-02-25 20:15:27,1,NA,NA,NA,11545.483171,3338.096029,FALSE,NA,NA,NA,NA,NA,NA,TRUE
"1601","A69-1602-3017",1601,"Noordzeekanaal","Willem 2 sluis 2","VR2W-130587",52.383677,4.907053,2018-02-26 17:40:10,2018-02-26 17:42:34,2,NA,NA,NA,11545.483171,3338.096029,FALSE,NA,NA,NA,NA,NA,NA,TRUE
"1602","A69-1602-3017",1602,"Noordzeekanaal","Willem 2 sluis 2","VR2W-130587",52.383677,4.907053,2018-02-26 19:37:44,2018-02-26 20:00:51,8,NA,NA,NA,11545.483171,3338.096029,FALSE,NA,NA,NA,NA,NA,NA,TRUE
"1603","A69-1602-3017",1603,"Noordzeekanaal","Willem 2 sluis 2","VR2W-130587",52.383677,4.907053,2018-02-27 02:59:46,2018-02-27 03:16:45,10,NA,NA,NA,11545.483171,3338.096029,FALSE,NA,NA,NA,NA,NA,NA,TRUE
"1604","A69-1602-3017",1604,"Noordzeekanaal","Willem 2 sluis 2","VR2W-130587",52.383677,4.907053,2018-02-27 06:32:30,2018-02-27 07:36:54,6,NA,NA,NA,11545.483171,3338.096029,FALSE,NA,NA,NA,NA,NA,NA,TRUE
"1605","A69-1602-3017",1605,"Noordzeekanaal","Willem 2 sluis 2","VR2W-130587",52.383677,4.907053,2018-02-27 11:09:53,2018-02-27 11:14:07,4,NA,NA,NA,11545.483171,3338.096029,FALSE,NA,NA,NA,NA,NA,NA,TRUE
"1606","A69-1602-3017",1606,"Noordzeekanaal","Willem 2 sluis 2","VR2W-130587",52.383677,4.907053,2018-02-27 19:24:21,2018-02-27 19:24:21,1,NA,NA,NA,11545.483171,3338.096029,FALSE,NA,NA,NA,NA,NA,NA,TRUE
"1607","A69-1602-3017",1607,"Noordzeekanaal","Willem 2 sluis 2","VR2W-130587",52.383677,4.907053,2018-03-01 08:18:39,2018-03-01 10:10:58,18,NA,NA,NA,11545.483171,3338.096029,FALSE,NA,NA,NA,NA,NA,NA,TRUE
"1608","A69-1602-3017",1608,"Noordzeekanaal","Willem 2 sluis 2","VR2W-130587",52.383677,4.907053,2018-03-03 23:12:25,2018-03-03 23:32:55,2,NA,NA,NA,11545.483171,3338.096029,FALSE,NA,NA,NA,NA,NA,NA,TRUE
"1609","A69-1602-3017",1609,"Noordzeekanaal","Willem 2 sluis 2","VR2W-130587",52.383677,4.907053,2018-03-05 14:33:53,2018-03-05 14:33:53,1,NA,NA,NA,11545.483171,3338.096029,FALSE,NA,NA,NA,NA,NA,NA,TRUE
"1610","A69-1602-3017",1610,"Noordzeekanaal","Willem 2 sluis 2","VR2W-130587",52.383677,4.907053,2018-03-05 20:59:49,2018-03-05 20:59:49,1,NA,NA,NA,11545.483171,3338.096029,FALSE,NA,NA,NA,NA,NA,NA,TRUE
"1611","A69-1602-3017",1611,"Noordzeekanaal","Willem 2 sluis 2","VR2W-130587",52.383677,4.907053,2018-03-06 17:08:35,2018-03-06 17:08:35,1,NA,NA,NA,11545.483171,3338.096029,FALSE,NA,NA,NA,NA,NA,NA,TRUE
"1612","A69-1602-3017",1612,"Noordzeekanaal","Willem 2 sluis 2","VR2W-130587",52.383677,4.907053,2018-03-06 18:13:29,2018-03-06 18:13:29,1,NA,NA,NA,11545.483171,3338.096029,FALSE,NA,NA,NA,NA,NA,NA,TRUE
"1613","A69-1602-3017",1613,"Noordzeekanaal","Willem 2 sluis 2","VR2W-130587",52.383677,4.907053,2018-03-06 19:50:49,2018-03-06 19:50:49,1,NA,NA,NA,11545.483171,3338.096029,FALSE,NA,NA,NA,NA,NA,NA,TRUE
"1614","A69-1602-3017",1614,"Noordzeekanaal","Willem 2 sluis 2","VR2W-130587",52.383677,4.907053,2018-03-06 21:20:52,2018-03-06 22:09:39,11,NA,NA,NA,11545.483171,3338.096029,FALSE,NA,NA,NA,NA,NA,NA,TRUE
"1615","A69-1602-3017",1615,"Noordzeekanaal","Willem 2 sluis 2","VR2W-130587",52.383677,4.907053,2018-03-07 00:09:04,2018-03-07 02:08:46,9,NA,NA,NA,11545.483171,3338.096029,FALSE,NA,NA,NA,NA,NA,NA,TRUE
"1616","A69-1602-3017",1616,"Noordzeekanaal","Willem 2 sluis 2","VR2W-130587",52.383677,4.907053,2018-03-07 03:27:25,2018-03-07 03:27:25,1,NA,NA,NA,11545.483171,3338.096029,FALSE,NA,NA,NA,NA,NA,NA,TRUE
"1617","A69-1602-3017",1617,"Noordzeekanaal","Willem 2 sluis 2","VR2W-130587",52.383677,4.907053,2018-03-07 12:22:15,2018-03-07 12:48:42,10,NA,NA,NA,11545.483171,3338.096029,FALSE,NA,NA,NA,NA,NA,NA,TRUE
"1618","A69-1602-3017",1618,"Noordzeekanaal","Willem 2 sluis 2","VR2W-130587",52.383677,4.907053,2018-03-08 00:50:53,2018-03-08 00:51:39,2,NA,NA,NA,11545.483171,3338.096029,FALSE,NA,NA,NA,NA,NA,NA,TRUE
"1619","A69-1602-3017",1619,"Noordzeekanaal","Willem 2 sluis 2","VR2W-130587",52.383677,4.907053,2018-03-09 01:14:40,2018-03-09 01:14:40,1,NA,NA,NA,11545.483171,3338.096029,FALSE,NA,NA,NA,NA,NA,NA,TRUE
"1620","A69-1602-3017",1620,"Noordzeekanaal","Willem 2 sluis 2","VR2W-130587",52.383677,4.907053,2018-03-09 04:43:38,2018-03-09 04:43:38,1,NA,NA,NA,11545.483171,3338.096029,FALSE,NA,NA,NA,NA,NA,NA,TRUE
"1621","A69-1602-3017",1621,"Noordzeekanaal","Willem 2 sluis 2","VR2W-130587",52.383677,4.907053,2018-03-09 07:14:46,2018-03-09 07:23:40,4,NA,NA,NA,11545.483171,3338.096029,FALSE,NA,NA,NA,NA,NA,NA,TRUE
"1622","A69-1602-3017",1622,"Noordzeekanaal","Willem 2 sluis 2","VR2W-130587",52.383677,4.907053,2018-03-09 09:38:32,2018-03-09 09:44:16,2,NA,NA,NA,11545.483171,3338.096029,FALSE,NA,NA,NA,NA,NA,NA,TRUE
"1623","A69-1602-3017",1623,"Noordzeekanaal","Willem 2 sluis 2","VR2W-130587",52.383677,4.907053,2018-03-09 10:57:08,2018-03-09 13:15:14,6,NA,NA,NA,11545.483171,3338.096029,FALSE,NA,NA,NA,NA,NA,NA,TRUE
"1624","A69-1602-3017",1624,"Noordzeekanaal","Willem 2 sluis 2","VR2W-130587",52.383677,4.907053,2018-03-09 14:16:40,2018-03-09 16:05:26,9,NA,NA,NA,11545.483171,3338.096029,FALSE,NA,NA,NA,NA,NA,NA,TRUE
"1625","A69-1602-3017",1625,"Noordzeekanaal","Willem 2 sluis 2","VR2W-130587",52.383677,4.907053,2018-03-09 18:20:34,2018-03-09 18:24:41,4,NA,NA,NA,11545.483171,3338.096029,FALSE,NA,NA,NA,NA,NA,NA,TRUE
"1626","A69-1602-3017",1626,"Noordzeekanaal","Willem 2 sluis 2","VR2W-130587",52.383677,4.907053,2018-03-10 01:55:59,2018-03-10 02:15:34,8,NA,NA,NA,11545.483171,3338.096029,FALSE,NA,NA,NA,NA,NA,NA,TRUE
"1627","A69-1602-3017",1627,"Noordzeekanaal","Willem 2 sluis 2","VR2W-130587",52.383677,4.907053,2018-03-10 04:26:41,2018-03-10 04:26:41,1,NA,NA,NA,11545.483171,3338.096029,FALSE,NA,NA,NA,NA,NA,NA,TRUE
"1628","A69-1602-3017",1628,"Noordzeekanaal","Willem 2 sluis 2","VR2W-130587",52.383677,4.907053,2018-03-10 06:00:16,2018-03-10 06:11:48,2,NA,NA,NA,11545.483171,3338.096029,FALSE,NA,NA,NA,NA,NA,NA,TRUE
"1629","A69-1602-3017",1629,"Noordzeekanaal","Willem 2 sluis 2","VR2W-130587",52.383677,4.907053,2018-03-10 11:27:05,2018-03-10 11:45:05,3,NA,NA,NA,11545.483171,3338.096029,FALSE,NA,NA,NA,NA,NA,NA,TRUE
"1630","A69-1602-3017",1630,"Noordzeekanaal","Willem 2 sluis 2","VR2W-130587",52.383677,4.907053,2018-03-10 12:55:53,2018-03-10 13:58:15,5,NA,NA,NA,11545.483171,3338.096029,FALSE,NA,NA,NA,NA,NA,NA,TRUE
"1631","A69-1602-3017",1631,"Noordzeekanaal","Willem 2 sluis 2","VR2W-130587",52.383677,4.907053,2018-03-10 21:40:47,2018-03-10 23:39:14,21,NA,NA,NA,11545.483171,3338.096029,FALSE,NA,NA,NA,NA,NA,NA,TRUE
"1632","A69-1602-3017",1632,"Noordzeekanaal","Willem 2 sluis 2","VR2W-130587",52.383677,4.907053,2018-03-11 00:39:16,2018-03-11 00:40:00,2,NA,NA,NA,11545.483171,3338.096029,FALSE,NA,NA,NA,NA,NA,NA,TRUE
"1633","A69-1602-3017",1633,"Noordzeekanaal","Willem 2 sluis 2","VR2W-130587",52.383677,4.907053,2018-03-11 02:10:13,2018-03-11 03:42:49,11,NA,NA,NA,11545.483171,3338.096029,FALSE,NA,NA,NA,NA,NA,NA,TRUE
"1634","A69-1602-3017",1634,"Noordzeekanaal","Willem 2 sluis 2","VR2W-130587",52.383677,4.907053,2018-03-11 05:02:40,2018-03-11 05:21:50,12,NA,NA,NA,11545.483171,3338.096029,FALSE,NA,NA,NA,NA,NA,NA,TRUE
"1635","A69-1602-3017",1635,"Noordzeekanaal","Willem 2 sluis 2","VR2W-130587",52.383677,4.907053,2018-03-11 07:39:31,2018-03-11 08:30:11,2,NA,NA,NA,11545.483171,3338.096029,FALSE,NA,NA,NA,NA,NA,NA,TRUE
"1636","A69-1602-3017",1636,"Noordzeekanaal","Willem 2 sluis 2","VR2W-130587",52.383677,4.907053,2018-03-11 10:26:59,2018-03-11 10:33:02,5,NA,NA,NA,11545.483171,3338.096029,FALSE,NA,NA,NA,NA,NA,NA,TRUE
"1637","A69-1602-3017",1637,"Noordzeekanaal","Willem 2 sluis 2","VR2W-130587",52.383677,4.907053,2018-03-11 12:16:47,2018-03-11 12:16:47,1,NA,NA,NA,11545.483171,3338.096029,FALSE,NA,NA,NA,NA,NA,NA,TRUE
"1638","A69-1602-3017",1638,"Noordzeekanaal","Willem 2 sluis 2","VR2W-130587",52.383677,4.907053,2018-03-11 14:37:07,2018-03-11 14:42:21,2,NA,NA,NA,11545.483171,3338.096029,FALSE,NA,NA,NA,NA,NA,NA,TRUE
"1639","A69-1602-3017",1639,"Noordzeekanaal","Willem 2 sluis 2","VR2W-130587",52.383677,4.907053,2018-03-11 22:31:41,2018-03-11 22:32:23,2,NA,NA,NA,11545.483171,3338.096029,FALSE,NA,NA,NA,NA,NA,NA,TRUE
"1640","A69-1602-3017",1640,"Noordzeekanaal","Willem 2 sluis 2","VR2W-130587",52.383677,4.907053,2018-03-12 00:25:18,2018-03-12 00:25:18,1,NA,NA,NA,11545.483171,3338.096029,FALSE,NA,NA,NA,NA,NA,NA,TRUE
"1641","A69-1602-3017",1641,"Noordzeekanaal","Willem 2 sluis 2","VR2W-130587",52.383677,4.907053,2018-03-12 04:03:10,2018-03-12 05:10:47,6,NA,NA,NA,11545.483171,3338.096029,FALSE,NA,NA,NA,NA,NA,NA,TRUE
"1642","A69-1602-3017",1642,"Noordzeekanaal","Willem 2 sluis 2","VR2W-130587",52.383677,4.907053,2018-03-12 06:23:17,2018-03-12 06:55:21,6,NA,NA,NA,11545.483171,3338.096029,FALSE,NA,NA,NA,NA,NA,NA,TRUE
"1643","A69-1602-3017",1643,"Noordzeekanaal","Willem 2 sluis 2","VR2W-130587",52.383677,4.907053,2018-03-12 08:08:57,2018-03-12 08:08:57,1,NA,NA,NA,11545.483171,3338.096029,FALSE,NA,NA,NA,NA,NA,NA,TRUE
"1644","A69-1602-3017",1644,"Noordzeekanaal","Willem 2 sluis 2","VR2W-130587",52.383677,4.907053,2018-03-12 11:21:56,2018-03-12 12:45:44,8,NA,NA,NA,11545.483171,3338.096029,FALSE,NA,NA,NA,NA,NA,NA,TRUE
"1645","A69-1602-3017",1645,"Noordzeekanaal","Willem 2 sluis 2","VR2W-130587",52.383677,4.907053,2018-03-14 01:16:52,2018-03-14 01:52:42,7,NA,NA,NA,11545.483171,3338.096029,FALSE,NA,NA,NA,NA,NA,NA,TRUE
"1646","A69-1602-3017",1646,"Noordzeekanaal","Willem 2 sluis 2","VR2W-130587",52.383677,4.907053,2018-03-14 03:14:28,2018-03-14 03:14:28,1,NA,NA,NA,11545.483171,3338.096029,FALSE,NA,NA,NA,NA,NA,NA,TRUE
"1647","A69-1602-3017",1647,"Noordzeekanaal","Willem 2 sluis 2","VR2W-130587",52.383677,4.907053,2018-03-14 04:18:14,2018-03-14 04:58:50,3,NA,NA,NA,11545.483171,3338.096029,FALSE,NA,NA,NA,NA,NA,NA,TRUE
"1648","A69-1602-3017",1648,"Noordzeekanaal","Willem 2 sluis 2","VR2W-130587",52.383677,4.907053,2018-03-14 11:08:44,2018-03-14 11:19:36,3,NA,NA,NA,11545.483171,3338.096029,FALSE,NA,NA,NA,NA,NA,NA,TRUE
"1649","A69-1602-3017",1649,"Noordzeekanaal","Willem 2 sluis 2","VR2W-130587",52.383677,4.907053,2018-03-14 12:31:08,2018-03-14 12:32:01,2,NA,NA,NA,11545.483171,3338.096029,FALSE,NA,NA,NA,NA,NA,NA,TRUE
"1650","A69-1602-3017",1650,"Noordzeekanaal","Willem 2 sluis 2","VR2W-130587",52.383677,4.907053,2018-03-14 14:58:06,2018-03-14 14:58:06,1,NA,NA,NA,11545.483171,3338.096029,FALSE,NA,NA,NA,NA,NA,NA,TRUE
"1651","A69-1602-3017",1651,"Noordzeekanaal","Willem 2 sluis 2","VR2W-130587",52.383677,4.907053,2018-03-14 16:06:09,2018-03-14 16:06:09,1,NA,NA,NA,11545.483171,3338.096029,FALSE,NA,NA,NA,NA,NA,NA,TRUE
"1652","A69-1602-3017",1652,"Noordzeekanaal","Willem 2 sluis 2","VR2W-130587",52.383677,4.907053,2018-03-14 19:16:04,2018-03-14 20:09:27,7,NA,NA,NA,11545.483171,3338.096029,FALSE,NA,NA,NA,NA,NA,NA,TRUE
"1653","A69-1602-3017",1653,"Noordzeekanaal","Willem 2 sluis 2","VR2W-130587",52.383677,4.907053,2018-03-14 22:52:20,2018-03-15 00:53:13,44,NA,NA,NA,11545.483171,3338.096029,FALSE,NA,NA,NA,NA,NA,NA,TRUE
"1654","A69-1602-3017",1654,"Noordzeekanaal","Willem 2 sluis 2","VR2W-130587",52.383677,4.907053,2018-03-15 02:16:02,2018-03-15 02:33:35,7,NA,NA,NA,11545.483171,3338.096029,FALSE,NA,NA,NA,NA,NA,NA,TRUE
"1655","A69-1602-3017",1655,"Noordzeekanaal","Willem 2 sluis 2","VR2W-130587",52.383677,4.907053,2018-03-15 10:20:38,2018-03-15 10:20:38,1,NA,NA,NA,11545.483171,3338.096029,FALSE,NA,NA,NA,NA,NA,NA,TRUE
"1656","A69-1602-3017",1656,"Noordzeekanaal","Willem 2 sluis 2","VR2W-130587",52.383677,4.907053,2018-03-16 01:02:29,2018-03-16 01:08:37,3,NA,NA,NA,11545.483171,3338.096029,FALSE,NA,NA,NA,NA,NA,NA,TRUE
"1657","A69-1602-3017",1657,"Noordzeekanaal","Willem 2 sluis 2","VR2W-130587",52.383677,4.907053,2018-03-16 03:45:43,2018-03-16 03:46:27,2,NA,NA,NA,11545.483171,3338.096029,FALSE,NA,NA,NA,NA,NA,NA,TRUE
"1658","A69-1602-3017",1658,"Noordzeekanaal","Willem 2 sluis 2","VR2W-130587",52.383677,4.907053,2018-03-16 06:09:38,2018-03-16 07:00:22,2,NA,NA,NA,11545.483171,3338.096029,FALSE,NA,NA,NA,NA,NA,NA,TRUE
"1659","A69-1602-3017",1659,"Noordzeekanaal","Willem 2 sluis 2","VR2W-130587",52.383677,4.907053,2018-03-16 14:04:31,2018-03-16 14:04:31,1,NA,NA,NA,11545.483171,3338.096029,FALSE,NA,NA,NA,NA,NA,NA,TRUE
"1660","A69-1602-3017",1660,"Noordzeekanaal","Willem 2 sluis 2","VR2W-130587",52.383677,4.907053,2018-03-16 15:16:27,2018-03-16 15:16:27,1,NA,NA,NA,11545.483171,3338.096029,FALSE,NA,NA,NA,NA,NA,NA,TRUE
"1661","A69-1602-3017",1661,"Noordzeekanaal","Willem 2 sluis 2","VR2W-130587",52.383677,4.907053,2018-03-16 19:19:57,2018-03-16 19:21:56,2,NA,NA,NA,11545.483171,3338.096029,NA,NA,NA,NA,NA,NA,NA,TRUE
"1662","A69-1602-3018",1662,"Noordzeekanaal","rel_noordzeekanaal2","none",52.409056,4.927359,2017-11-08 15:30:00,2017-11-08 17:11:55,27,NA,NA,NA,0,0,NA,NA,NA,NA,NA,NA,NA,FALSE
"1663","A69-1602-3019",1663,"Noordzeekanaal","rel_noordzeekanaal2","none",52.409056,4.927359,2017-11-08 15:30:00,2017-11-08 16:15:27,2,NA,NA,NA,0,0,FALSE,3338.096029,2,2017-11-16 18:26:28,3338.096029,701788,0.0047565590021488,FALSE
"1664","A69-1602-3019",1664,"Noordzeekanaal","Willem 2 sluis 2","VR2W-130587",52.383677,4.907053,2017-11-16 18:26:28,2017-11-16 18:26:28,1,699061,3338.096029,0.004775,3338.096029,3338.096029,NA,NA,NA,NA,NA,NA,NA,FALSE
"1665","A69-1602-3020",1665,"Noordzeekanaal","rel_noordzeekanaal2","none",52.409056,4.927359,2017-11-08 15:30:00,2017-11-08 17:48:29,80,NA,NA,NA,0,0,NA,NA,NA,NA,NA,NA,NA,FALSE
"1666","A69-1602-3021",1666,"Noordzeekanaal","rel_noordzeekanaal2","none",52.409056,4.927359,2017-11-08 15:30:00,2017-11-08 16:00:12,15,NA,NA,NA,0,0,FALSE,NA,NA,NA,NA,NA,NA,FALSE
"1667","A69-1602-3021",1667,"Noordzeekanaal","Kadoelen 5","VR2W-130998",52.411317,4.9304,2017-11-09 09:18:04,2017-11-09 09:41:16,9,62272,382.798771,0.006147,382.798771,-382.798771,FALSE,3338.096029,6,2017-11-17 05:41:27,3720.8948,678203,0.00548640274372128,FALSE
"1668","A69-1602-3021",1668,"Noordzeekanaal","Kadoelen 5","VR2W-130998",52.411317,4.9304,2017-11-09 20:49:25,2017-11-09 22:33:54,33,NA,NA,NA,382.798771,-382.798771,FALSE,3338.096029,6,2017-11-17 05:41:27,3720.8948,636722,0.00584382948916482,FALSE
"1669","A69-1602-3021",1669,"Noordzeekanaal","Kadoelen 5","VR2W-130998",52.411317,4.9304,2017-11-15 12:27:20,2017-11-15 14:34:04,88,NA,NA,NA,382.798771,-382.798771,FALSE,3338.096029,6,2017-11-17 05:41:27,3720.8948,148447,0.0250654765673944,FALSE
"1670","A69-1602-3021",1670,"Noordzeekanaal","Kadoelen 5","VR2W-130998",52.411317,4.9304,2017-11-15 15:35:14,2017-11-15 16:50:59,37,NA,NA,NA,382.798771,-382.798771,TRUE,3338.096029,6,2017-11-17 05:41:27,3720.8948,137173,0.0271255626107179,TRUE
"1671","A69-1602-3021",1671,"Noordzeekanaal","Willem 2 sluis 2","VR2W-130587",52.383677,4.907053,2017-11-17 05:41:27,2017-11-17 05:41:27,1,132628,3720.8948,0.028055,4103.693571,3338.096029,NA,NA,NA,NA,NA,NA,NA,TRUE
"1672","A69-1602-3022",1672,"Noordzeekanaal","rel_noordzeekanaal2","none",52.409056,4.927359,2017-11-08 15:30:00,2017-11-08 16:18:40,16,NA,NA,NA,0,0,NA,NA,NA,NA,NA,NA,NA,FALSE
"1673","A69-1602-3023",1673,"Noordzeekanaal","rel_noordzeekanaal3","none",52.411463,4.911775,2017-10-11 15:45:00,2017-10-11 15:45:00,1,NA,NA,NA,0,0,FALSE,1631.181273,10,2017-10-21 08:20:25,1631.181273,837325,0.00194808619472726,FALSE
"1674","A69-1602-3023",1674,"Noordzeekanaal","Kadoelen 2","VR2W-130585",52.408992,4.909988,2017-10-11 17:43:25,2017-10-14 18:43:27,3790,7105,741.337281,0.10434,741.337281,741.337281,FALSE,10755.601703,45,2017-12-06 18:33:31,10014.264422,4841406,0.00206846201743874,FALSE
"1675","A69-1602-3023",1675,"Noordzeekanaal","Kadoelen 2","VR2W-130585",52.408992,4.909988,2017-10-14 23:12:55,2017-10-14 23:13:46,2,NA,NA,NA,741.337281,741.337281,FALSE,10755.601703,45,2017-12-06 18:33:31,10014.264422,4562436,0.00219493805984347,FALSE
"1676","A69-1602-3023",1676,"Noordzeekanaal","Kadoelen 2","VR2W-130585",52.408992,4.909988,2017-10-15 01:45:29,2017-10-15 08:04:56,87,NA,NA,NA,741.337281,741.337281,FALSE,10755.601703,45,2017-12-06 18:33:31,10014.264422,4553282,0.00219935080278357,FALSE
"1677","A69-1602-3023",1677,"Noordzeekanaal","Kadoelen 2","VR2W-130585",52.408992,4.909988,2017-10-15 19:50:13,2017-10-15 23:32:26,19,NA,NA,NA,741.337281,741.337281,FALSE,10755.601703,45,2017-12-06 18:33:31,10014.264422,4488198,0.00223124390278682,FALSE
"1678","A69-1602-3023",1678,"Noordzeekanaal","Kadoelen 2","VR2W-130585",52.408992,4.909988,2017-10-16 00:38:48,2017-10-16 07:59:03,243,NA,NA,NA,741.337281,741.337281,FALSE,10755.601703,45,2017-12-06 18:33:31,10014.264422,4470883,0.00223988514617806,FALSE
"1679","A69-1602-3023",1679,"Noordzeekanaal","Kadoelen 2","VR2W-130585",52.408992,4.909988,2017-10-16 19:41:39,2017-10-18 09:56:42,2758,NA,NA,NA,741.337281,741.337281,FALSE,10755.601703,45,2017-12-06 18:33:31,10014.264422,4402312,0.00227477389653437,FALSE
"1680","A69-1602-3023",1680,"Noordzeekanaal","Kadoelen 2","VR2W-130585",52.408992,4.909988,2017-10-18 11:50:51,2017-10-18 12:38:44,4,NA,NA,NA,741.337281,741.337281,FALSE,10755.601703,45,2017-12-06 18:33:31,10014.264422,4257760,0.00235200303023186,FALSE
"1681","A69-1602-3023",1681,"Noordzeekanaal","Kadoelen 2","VR2W-130585",52.408992,4.909988,2017-10-18 14:07:41,2017-10-21 07:53:25,5149,NA,NA,NA,741.337281,741.337281,FALSE,10755.601703,45,2017-12-06 18:33:31,10014.264422,4249550,0.00235654702780294,FALSE
"1682","A69-1602-3023",1682,"Noordzeekanaal","Kadoelen 5","VR2W-130998",52.411317,4.9304,2017-10-21 08:20:25,2017-10-21 08:20:25,1,1620,1489.776242,0.919615,2231.113523,1631.181273,FALSE,NA,NA,NA,NA,NA,NA,FALSE
"1683","A69-1602-3023",1683,"Noordzeekanaal","Kadoelen 2","VR2W-131002",52.417517,4.913867,2017-10-25 14:24:43,2017-10-28 06:45:58,3752,367458,1489.776242,0.004054,3720.889765,741.337281,FALSE,10755.601703,45,2017-12-06 18:33:31,10014.264422,3643728,0.00274835674397211,FALSE
"1684","A69-1602-3023",1684,"Noordzeekanaal","Kadoelen 2","VR2W-131002",52.417517,4.913867,2017-10-28 18:53:00,2017-10-29 05:57:05,448,NA,NA,NA,3720.889765,741.337281,FALSE,10755.601703,45,2017-12-06 18:33:31,10014.264422,3368431,0.00297297597071159,FALSE
"1685","A69-1602-3023",1685,"Noordzeekanaal","Kadoelen 2","VR2W-131002",52.417517,4.913867,2017-10-29 17:28:58,2017-10-30 06:06:27,685,NA,NA,NA,3720.889765,741.337281,FALSE,10755.601703,45,2017-12-06 18:33:31,10014.264422,3287073,0.00304655978799376,FALSE
"1686","A69-1602-3023",1686,"Noordzeekanaal","Kadoelen 2","VR2W-131002",52.417517,4.913867,2017-10-30 08:12:01,2017-10-30 08:12:01,1,NA,NA,NA,3720.889765,741.337281,FALSE,10755.601703,45,2017-12-06 18:33:31,10014.264422,3234090,0.00309647054410978,FALSE
"1687","A69-1602-3023",1687,"Noordzeekanaal","Kadoelen 2","VR2W-131002",52.417517,4.913867,2017-10-30 11:56:30,2017-10-30 11:56:30,1,NA,NA,NA,3720.889765,741.337281,FALSE,10755.601703,45,2017-12-06 18:33:31,10014.264422,3220621,0.00310942033291095,FALSE
"1688","A69-1602-3023",1688,"Noordzeekanaal","Kadoelen 2","VR2W-131002",52.417517,4.913867,2017-10-30 17:37:36,2017-10-31 07:08:15,906,NA,NA,NA,3720.889765,741.337281,FALSE,10755.601703,45,2017-12-06 18:33:31,10014.264422,3200155,0.00312930605611291,FALSE
"1689","A69-1602-3023",1689,"Noordzeekanaal","Kadoelen 2","VR2W-131002",52.417517,4.913867,2017-10-31 10:54:42,2017-10-31 11:46:36,4,NA,NA,NA,3720.889765,741.337281,FALSE,10755.601703,45,2017-12-06 18:33:31,10014.264422,3137929,0.00319136106075058,FALSE
"1690","A69-1602-3023",1690,"Noordzeekanaal","Kadoelen 2","VR2W-131002",52.417517,4.913867,2017-10-31 17:09:06,2017-11-01 01:13:33,415,NA,NA,NA,3720.889765,741.337281,FALSE,10755.601703,45,2017-12-06 18:33:31,10014.264422,3115465,0.00321437230782564,FALSE
"1691","A69-1602-3023",1691,"Noordzeekanaal","Kadoelen 2","VR2W-131002",52.417517,4.913867,2017-11-02 01:22:40,2017-11-02 01:25:48,2,NA,NA,NA,3720.889765,741.337281,FALSE,10755.601703,45,2017-12-06 18:33:31,10014.264422,2999451,0.0033386991226061,FALSE
"1692","A69-1602-3023",1692,"Noordzeekanaal","Kadoelen 2","VR2W-131002",52.417517,4.913867,2017-11-02 02:26:54,2017-11-02 04:15:11,26,NA,NA,NA,3720.889765,741.337281,FALSE,10755.601703,45,2017-12-06 18:33:31,10014.264422,2995597,0.00334299454232328,FALSE
"1693","A69-1602-3023",1693,"Noordzeekanaal","Kadoelen 2","VR2W-131002",52.417517,4.913867,2017-11-02 05:26:54,2017-11-02 06:21:32,3,NA,NA,NA,3720.889765,741.337281,FALSE,10755.601703,45,2017-12-06 18:33:31,10014.264422,2984797,0.00335509062157326,FALSE
"1694","A69-1602-3023",1694,"Noordzeekanaal","Kadoelen 2","VR2W-131002",52.417517,4.913867,2017-11-02 07:39:15,2017-11-02 07:45:36,2,NA,NA,NA,3720.889765,741.337281,FALSE,10755.601703,45,2017-12-06 18:33:31,10014.264422,2976856,0.00336404059249087,FALSE
"1695","A69-1602-3023",1695,"Noordzeekanaal","Kadoelen 2","VR2W-131002",52.417517,4.913867,2017-11-02 08:55:52,2017-11-02 10:35:02,23,NA,NA,NA,3720.889765,741.337281,FALSE,10755.601703,45,2017-12-06 18:33:31,10014.264422,2972259,0.00336924353564074,FALSE
"1696","A69-1602-3023",1696,"Noordzeekanaal","Kadoelen 2","VR2W-131002",52.417517,4.913867,2017-11-02 12:34:54,2017-11-02 13:11:41,2,NA,NA,NA,3720.889765,741.337281,FALSE,10755.601703,45,2017-12-06 18:33:31,10014.264422,2959117,0.00338420698539463,FALSE
"1697","A69-1602-3023",1697,"Noordzeekanaal","Kadoelen 2","VR2W-131002",52.417517,4.913867,2017-11-02 16:38:33,2017-11-03 10:36:09,548,NA,NA,NA,3720.889765,741.337281,FALSE,10755.601703,45,2017-12-06 18:33:31,10014.264422,2944498,0.00340100907591039,FALSE
"1698","A69-1602-3023",1698,"Noordzeekanaal","Kadoelen 2","VR2W-131002",52.417517,4.913867,2017-11-03 17:17:21,2017-11-04 04:38:27,773,NA,NA,NA,3720.889765,741.337281,FALSE,10755.601703,45,2017-12-06 18:33:31,10014.264422,2855770,0.00350667750624175,FALSE
"1699","A69-1602-3023",1699,"Noordzeekanaal","Kadoelen 2","VR2W-131002",52.417517,4.913867,2017-11-04 06:05:27,2017-11-04 07:00:43,45,NA,NA,NA,3720.889765,741.337281,FALSE,10755.601703,45,2017-12-06 18:33:31,10014.264422,2809684,0.0035641959814698,FALSE
"1700","A69-1602-3023",1700,"Noordzeekanaal","Kadoelen 2","VR2W-131002",52.417517,4.913867,2017-11-04 09:14:26,2017-11-04 09:15:42,3,NA,NA,NA,3720.889765,741.337281,FALSE,10755.601703,45,2017-12-06 18:33:31,10014.264422,2798345,0.00357863823867322,FALSE
"1701","A69-1602-3023",1701,"Noordzeekanaal","Kadoelen 2","VR2W-131002",52.417517,4.913867,2017-11-04 11:57:22,2017-11-04 12:04:57,4,NA,NA,NA,3720.889765,741.337281,FALSE,10755.601703,45,2017-12-06 18:33:31,10014.264422,2788569,0.00359118401660493,FALSE
"1702","A69-1602-3023",1702,"Noordzeekanaal","Kadoelen 2","VR2W-131002",52.417517,4.913867,2017-11-04 13:09:17,2017-11-05 01:38:58,709,NA,NA,NA,3720.889765,741.337281,FALSE,10755.601703,45,2017-12-06 18:33:31,10014.264422,2784254,0.00359674958606506,FALSE
"1703","A69-1602-3023",1703,"Noordzeekanaal","Kadoelen 2","VR2W-131002",52.417517,4.913867,2017-11-05 17:04:32,2017-11-05 17:28:26,9,NA,NA,NA,3720.889765,741.337281,FALSE,10755.601703,45,2017-12-06 18:33:31,10014.264422,2683739,0.00373145988562971,FALSE
"1704","A69-1602-3023",1704,"Noordzeekanaal","Kadoelen 2","VR2W-131002",52.417517,4.913867,2017-11-05 22:53:35,2017-11-05 22:56:46,2,NA,NA,NA,3720.889765,741.337281,FALSE,10755.601703,45,2017-12-06 18:33:31,10014.264422,2662796,0.00376080797101994,FALSE
"1705","A69-1602-3023",1705,"Noordzeekanaal","Kadoelen 2","VR2W-131002",52.417517,4.913867,2017-11-06 00:17:41,2017-11-06 07:33:51,170,NA,NA,NA,3720.889765,741.337281,FALSE,10755.601703,45,2017-12-06 18:33:31,10014.264422,2657750,0.00376794823516132,FALSE
"1706","A69-1602-3023",1706,"Noordzeekanaal","Kadoelen 2","VR2W-131002",52.417517,4.913867,2017-11-06 08:34:38,2017-11-07 04:28:25,390,NA,NA,NA,3720.889765,741.337281,FALSE,10755.601703,45,2017-12-06 18:33:31,10014.264422,2627933,0.00381070005285523,FALSE
"1707","A69-1602-3023",1707,"Noordzeekanaal","Kadoelen 2","VR2W-131002",52.417517,4.913867,2017-11-07 05:49:00,2017-11-07 07:24:01,10,NA,NA,NA,3720.889765,741.337281,FALSE,10755.601703,45,2017-12-06 18:33:31,10014.264422,2551471,0.00392489839077144,FALSE
"1708","A69-1602-3023",1708,"Noordzeekanaal","Kadoelen 2","VR2W-131002",52.417517,4.913867,2017-11-07 08:27:21,2017-11-07 21:20:49,185,NA,NA,NA,3720.889765,741.337281,FALSE,10755.601703,45,2017-12-06 18:33:31,10014.264422,2541970,0.00393956829624268,FALSE
"1709","A69-1602-3023",1709,"Noordzeekanaal","Kadoelen 2","VR2W-131002",52.417517,4.913867,2017-11-07 22:42:33,2017-11-09 07:21:09,907,NA,NA,NA,3720.889765,741.337281,FALSE,10755.601703,45,2017-12-06 18:33:31,10014.264422,2490658,0.00402073043428684,FALSE
"1710","A69-1602-3023",1710,"Noordzeekanaal","Kadoelen 2","VR2W-131002",52.417517,4.913867,2017-11-09 08:44:32,2017-11-09 08:45:15,2,NA,NA,NA,3720.889765,741.337281,FALSE,10755.601703,45,2017-12-06 18:33:31,10014.264422,2368139,0.00422874857514698,FALSE
"1711","A69-1602-3023",1711,"Noordzeekanaal","Kadoelen 2","VR2W-131002",52.417517,4.913867,2017-11-09 11:35:32,2017-11-09 11:35:32,1,NA,NA,NA,3720.889765,741.337281,FALSE,10755.601703,45,2017-12-06 18:33:31,10014.264422,2357879,0.00424714941776062,FALSE
"1712","A69-1602-3023",1712,"Noordzeekanaal","Kadoelen 2","VR2W-131002",52.417517,4.913867,2017-11-09 14:13:42,2017-11-09 14:13:42,1,NA,NA,NA,3720.889765,741.337281,FALSE,10755.601703,45,2017-12-06 18:33:31,10014.264422,2348389,0.00426431243801602,FALSE
"1713","A69-1602-3023",1713,"Noordzeekanaal","Kadoelen 2","VR2W-131002",52.417517,4.913867,2017-11-09 15:35:04,2017-11-10 07:42:22,743,NA,NA,NA,3720.889765,741.337281,FALSE,10755.601703,45,2017-12-06 18:33:31,10014.264422,2343507,0.00427319586500062,FALSE
"1714","A69-1602-3023",1714,"Noordzeekanaal","Kadoelen 2","VR2W-131002",52.417517,4.913867,2017-11-10 12:14:11,2017-11-10 12:14:11,1,NA,NA,NA,3720.889765,741.337281,FALSE,10755.601703,45,2017-12-06 18:33:31,10014.264422,2269160,0.00441320330959474,FALSE
"1715","A69-1602-3023",1715,"Noordzeekanaal","Kadoelen 2","VR2W-131002",52.417517,4.913867,2017-11-10 15:53:26,2017-11-10 18:15:36,97,NA,NA,NA,3720.889765,741.337281,FALSE,NA,NA,NA,NA,NA,NA,FALSE
"1716","A69-1602-3023",1716,"Noordzeekanaal","Kadoelen 1","VR2W-119049",52.408503,4.908567,2017-11-10 18:29:59,2017-11-10 18:34:54,8,863,1224.124759,1.418453,4945.014524,482.787479,FALSE,10755.601703,45,2017-12-06 18:33:31,10272.814224,2246612,0.00457258050077183,FALSE
"1717","A69-1602-3023",1717,"Noordzeekanaal","Overtoom 1","VR2W-119065",52.430117,4.784283,2017-12-06 18:33:31,2017-12-06 18:33:31,1,2246317,10272.814225,0.004573,15217.828749,10755.601703,TRUE,22345.415127,46,2017-12-07 03:04:00,11589.813424,30629,0.378393464494433,TRUE
"1718","A69-1602-3023",1718,"Noordzeekanaal","Noordzeekanaal","VR2W-114165",52.462798,4.633995,2017-12-07 03:04:00,2017-12-07 04:02:43,73,30629,11955.458146,0.390331,27173.286895,22345.415127,TRUE,24669.40611,47,2017-12-07 04:09:51,2323.990983,3951,0.588203235383447,TRUE
"1719","A69-1602-3023",1719,"Noordzeekanaal","Middensluis NZK","VR2W-132417",52.465373,4.601803,2017-12-07 04:09:51,2017-12-07 06:03:54,94,428,2323.990983,5.429885,29497.277878,24669.40611,FALSE,NA,NA,NA,NA,NA,NA,TRUE
"1720","A69-1602-3023",1720,"Noordzeekanaal","Grote sluis NZK","VR2W-114178",52.467488,4.613347,2017-12-07 07:44:49,2017-12-07 08:08:36,12,6055,882.739291,0.145787,30380.017169,23952.334126,NA,NA,NA,NA,NA,NA,NA,TRUE
"1721","A69-1602-3023",1721,"Noordzeekanaal","Grote sluis Noordzee","VR2W-132412",52.469076,4.600854,2017-12-07 09:37:24,2017-12-07 10:08:13,38,5328,941.310669,0.176672,31321.327838,24810.811142,NA,NA,NA,NA,NA,NA,NA,TRUE
"1722","A69-1602-3024",1722,"Noordzeekanaal","rel_noordzeekanaal3","none",52.411463,4.911775,2017-10-11 15:45:00,2017-10-11 15:45:00,1,NA,NA,NA,0,0,FALSE,186560.169252,123,2018-05-20 07:48:35,186560.169252,19065815,0.00978506133894617,FALSE
"1723","A69-1602-3024",1723,"Noordzeekanaal","Kadoelen 2","VR2W-131002",52.417517,4.913867,2017-10-11 17:40:34,2017-10-11 19:34:29,12,6934,741.337281,0.106913,741.337281,741.337281,FALSE,186560.169252,123,2018-05-20 07:48:35,185818.831971,19058881,0.0097497241297115,FALSE
"1724","A69-1602-3024",1724,"Noordzeekanaal","Kadoelen 2","VR2W-130585",52.408992,4.909988,2017-10-11 20:37:30,2017-10-12 08:40:13,57,NA,NA,NA,741.337281,741.337281,FALSE,186560.169252,123,2018-05-20 07:48:35,185818.831971,19048265,0.00975515785668669,FALSE
"1725","A69-1602-3024",1725,"Noordzeekanaal","Kadoelen 2","VR2W-130585",52.408992,4.909988,2017-10-12 10:33:33,2017-10-12 10:50:50,10,NA,NA,NA,741.337281,741.337281,FALSE,186560.169252,123,2018-05-20 07:48:35,185818.831971,18998102,0.00978091558677809,FALSE
"1726","A69-1602-3024",1726,"Noordzeekanaal","Kadoelen 2","VR2W-130585",52.408992,4.909988,2017-10-12 15:37:29,2017-10-12 16:33:17,4,NA,NA,NA,741.337281,741.337281,FALSE,186560.169252,123,2018-05-20 07:48:35,185818.831971,18979866,0.0097903131650666,FALSE
"1727","A69-1602-3024",1727,"Noordzeekanaal","Kadoelen 2","VR2W-130585",52.408992,4.909988,2017-10-12 17:41:47,2017-10-13 00:48:21,47,NA,NA,NA,741.337281,741.337281,FALSE,186560.169252,123,2018-05-20 07:48:35,185818.831971,18972408,0.00979416170952048,FALSE
"1728","A69-1602-3024",1728,"Noordzeekanaal","Kadoelen 2","VR2W-130585",52.408992,4.909988,2017-10-13 02:35:15,2017-10-13 10:26:13,73,NA,NA,NA,741.337281,741.337281,FALSE,186560.169252,123,2018-05-20 07:48:35,185818.831971,18940400,0.00981071318298452,FALSE
"1729","A69-1602-3024",1729,"Noordzeekanaal","Kadoelen 2","VR2W-130585",52.408992,4.909988,2017-10-13 17:20:26,2017-10-13 17:21:17,2,NA,NA,NA,741.337281,741.337281,FALSE,186560.169252,123,2018-05-20 07:48:35,185818.831971,18887289,0.00983830087901975,FALSE
"1730","A69-1602-3024",1730,"Noordzeekanaal","Kadoelen 2","VR2W-130585",52.408992,4.909988,2017-10-13 19:20:25,2017-10-13 20:36:22,11,NA,NA,NA,741.337281,741.337281,FALSE,186560.169252,123,2018-05-20 07:48:35,185818.831971,18880090,0.0098420522344438,FALSE
"1731","A69-1602-3024",1731,"Noordzeekanaal","Kadoelen 2","VR2W-130585",52.408992,4.909988,2017-10-13 21:45:06,2017-10-14 01:14:34,11,NA,NA,NA,741.337281,741.337281,FALSE,186560.169252,123,2018-05-20 07:48:35,185818.831971,18871409,0.00984657965767156,FALSE
"1732","A69-1602-3024",1732,"Noordzeekanaal","Kadoelen 2","VR2W-130585",52.408992,4.909988,2017-10-14 06:51:36,2017-10-14 07:57:58,17,NA,NA,NA,741.337281,741.337281,FALSE,186560.169252,123,2018-05-20 07:48:35,185818.831971,18838619,0.00986371835276248,FALSE
"1733","A69-1602-3024",1733,"Noordzeekanaal","Kadoelen 2","VR2W-131002",52.417517,4.913867,2017-10-14 09:08:06,2017-10-14 09:08:06,1,NA,NA,NA,741.337281,741.337281,FALSE,186560.169252,123,2018-05-20 07:48:35,185818.831971,18830429,0.00986800842248469,FALSE
"1734","A69-1602-3024",1734,"Noordzeekanaal","Kadoelen 2","VR2W-131002",52.417517,4.913867,2017-10-14 10:33:01,2017-10-14 11:28:32,7,NA,NA,NA,741.337281,741.337281,FALSE,186560.169252,123,2018-05-20 07:48:35,185818.831971,18825334,0.00987067915878677,FALSE
"1735","A69-1602-3024",1735,"Noordzeekanaal","Kadoelen 2","VR2W-131002",52.417517,4.913867,2017-10-14 17:58:42,2017-10-14 17:58:42,1,NA,NA,NA,741.337281,741.337281,FALSE,186560.169252,123,2018-05-20 07:48:35,185818.831971,18798593,0.00988472020065544,FALSE
"1736","A69-1602-3024",1736,"Noordzeekanaal","Kadoelen 2","VR2W-131002",52.417517,4.913867,2017-10-14 22:39:02,2017-10-15 05:11:48,346,NA,NA,NA,741.337281,741.337281,FALSE,186560.169252,123,2018-05-20 07:48:35,185818.831971,18781773,0.00989357245298407,FALSE
"1737","A69-1602-3024",1737,"Noordzeekanaal","Kadoelen 2","VR2W-131002",52.417517,4.913867,2017-10-15 08:38:43,2017-10-15 08:41:30,4,NA,NA,NA,741.337281,741.337281,FALSE,186560.169252,123,2018-05-20 07:48:35,185818.831971,18745792,0.00991256234844599,FALSE
"1738","A69-1602-3024",1738,"Noordzeekanaal","Kadoelen 2","VR2W-131002",52.417517,4.913867,2017-10-15 10:33:21,2017-10-15 10:33:21,1,NA,NA,NA,741.337281,741.337281,FALSE,186560.169252,123,2018-05-20 07:48:35,185818.831971,18738914,0.00991620069183305,FALSE
"1739","A69-1602-3024",1739,"Noordzeekanaal","Kadoelen 2","VR2W-131002",52.417517,4.913867,2017-10-16 22:15:13,2017-10-16 22:19:27,6,NA,NA,NA,741.337281,741.337281,FALSE,186560.169252,123,2018-05-20 07:48:35,185818.831971,18610402,0.0099846758802416,FALSE
"1740","A69-1602-3024",1740,"Noordzeekanaal","Kadoelen 2","VR2W-131002",52.417517,4.913867,2017-10-17 00:41:33,2017-10-17 01:40:03,42,NA,NA,NA,741.337281,741.337281,FALSE,186560.169252,123,2018-05-20 07:48:35,185818.831971,18601622,0.00998938866573033,FALSE
"1741","A69-1602-3024",1741,"Noordzeekanaal","Kadoelen 2","VR2W-131002",52.417517,4.913867,2017-10-19 23:04:23,2017-10-19 23:45:54,20,NA,NA,NA,741.337281,741.337281,FALSE,186560.169252,123,2018-05-20 07:48:35,185818.831971,18348252,0.0101273315829214,FALSE
"1742","A69-1602-3024",1742,"Noordzeekanaal","Kadoelen 2","VR2W-131002",52.417517,4.913867,2017-10-20 08:43:38,2017-10-20 09:12:09,26,NA,NA,NA,741.337281,741.337281,FALSE,186560.169252,123,2018-05-20 07:48:35,185818.831971,18313497,0.0101465510367026,FALSE
"1743","A69-1602-3024",1743,"Noordzeekanaal","Kadoelen 2","VR2W-131002",52.417517,4.913867,2017-10-20 10:14:30,2017-10-21 06:11:37,616,NA,NA,NA,741.337281,741.337281,FALSE,186560.169252,123,2018-05-20 07:48:35,185818.831971,18308045,0.0101495726043387,FALSE
"1744","A69-1602-3024",1744,"Noordzeekanaal","Kadoelen 2","VR2W-131002",52.417517,4.913867,2017-10-21 09:37:49,2017-10-21 11:05:08,10,NA,NA,NA,741.337281,741.337281,FALSE,186560.169252,123,2018-05-20 07:48:35,185818.831971,18223846,0.0101964663206109,FALSE
"1745","A69-1602-3024",1745,"Noordzeekanaal","Kadoelen 2","VR2W-131002",52.417517,4.913867,2017-10-21 12:41:50,2017-10-21 13:59:18,50,NA,NA,NA,741.337281,741.337281,FALSE,186560.169252,123,2018-05-20 07:48:35,185818.831971,18212805,0.0102026476410965,FALSE
"1746","A69-1602-3024",1746,"Noordzeekanaal","Kadoelen 2","VR2W-131002",52.417517,4.913867,2017-10-21 15:01:13,2017-10-21 23:46:18,347,NA,NA,NA,741.337281,741.337281,FALSE,186560.169252,123,2018-05-20 07:48:35,185818.831971,18204442,0.010207334669802,FALSE
"1747","A69-1602-3024",1747,"Noordzeekanaal","Kadoelen 2","VR2W-131002",52.417517,4.913867,2017-10-23 17:30:23,2017-10-23 17:31:05,2,NA,NA,NA,741.337281,741.337281,FALSE,186560.169252,123,2018-05-20 07:48:35,185818.831971,18022692,0.0103102706283279,FALSE
"1748","A69-1602-3024",1748,"Noordzeekanaal","Kadoelen 2","VR2W-131002",52.417517,4.913867,2017-10-25 02:05:48,2017-10-25 03:36:13,88,NA,NA,NA,741.337281,741.337281,FALSE,186560.169252,123,2018-05-20 07:48:35,185818.831971,17905367,0.010377828724259,FALSE
"1749","A69-1602-3024",1749,"Noordzeekanaal","Kadoelen 2","VR2W-131002",52.417517,4.913867,2017-10-25 18:57:31,2017-10-25 18:57:31,1,NA,NA,NA,741.337281,741.337281,FALSE,186560.169252,123,2018-05-20 07:48:35,185818.831971,17844664,0.0104131314532456,FALSE
"1750","A69-1602-3024",1750,"Noordzeekanaal","Kadoelen 2","VR2W-131002",52.417517,4.913867,2017-10-26 00:02:51,2017-10-26 00:31:07,11,NA,NA,NA,741.337281,741.337281,FALSE,186560.169252,123,2018-05-20 07:48:35,185818.831971,17826344,0.0104238329503234,FALSE
"1751","A69-1602-3024",1751,"Noordzeekanaal","Kadoelen 2","VR2W-131002",52.417517,4.913867,2017-10-27 02:44:45,2017-10-27 02:49:29,6,NA,NA,NA,741.337281,741.337281,FALSE,186560.169252,123,2018-05-20 07:48:35,185818.831971,17730230,0.0104803396217082,FALSE
"1752","A69-1602-3024",1752,"Noordzeekanaal","Kadoelen 2","VR2W-131002",52.417517,4.913867,2017-10-27 04:49:54,2017-10-27 06:38:35,7,NA,NA,NA,741.337281,741.337281,FALSE,186560.169252,123,2018-05-20 07:48:35,185818.831971,17722721,0.0104847800724844,FALSE
"1753","A69-1602-3024",1753,"Noordzeekanaal","Kadoelen 2","VR2W-131002",52.417517,4.913867,2017-10-27 14:39:40,2017-10-27 17:08:44,26,NA,NA,NA,741.337281,741.337281,FALSE,186560.169252,123,2018-05-20 07:48:35,185818.831971,17687335,0.010505756348879,FALSE
"1754","A69-1602-3024",1754,"Noordzeekanaal","Kadoelen 2","VR2W-131002",52.417517,4.913867,2017-10-27 19:51:12,2017-10-28 00:22:32,87,NA,NA,NA,741.337281,741.337281,FALSE,186560.169252,123,2018-05-20 07:48:35,185818.831971,17668643,0.0105168705922124,FALSE
"1755","A69-1602-3024",1755,"Noordzeekanaal","Kadoelen 2","VR2W-131002",52.417517,4.913867,2017-10-28 01:54:26,2017-10-28 01:54:26,1,NA,NA,NA,741.337281,741.337281,FALSE,186560.169252,123,2018-05-20 07:48:35,185818.831971,17646849,0.0105298590117136,FALSE
"1756","A69-1602-3024",1756,"Noordzeekanaal","Kadoelen 2","VR2W-131002",52.417517,4.913867,2017-10-28 05:02:47,2017-10-28 05:02:47,1,NA,NA,NA,741.337281,741.337281,FALSE,186560.169252,123,2018-05-20 07:48:35,185818.831971,17635548,0.0105366066294623,FALSE
"1757","A69-1602-3024",1757,"Noordzeekanaal","Kadoelen 2","VR2W-131002",52.417517,4.913867,2017-10-28 18:01:22,2017-10-29 01:53:34,180,NA,NA,NA,741.337281,741.337281,FALSE,186560.169252,123,2018-05-20 07:48:35,185818.831971,17588833,0.0105645912932939,FALSE
"1758","A69-1602-3024",1758,"Noordzeekanaal","Kadoelen 2","VR2W-131002",52.417517,4.913867,2017-10-29 03:03:23,2017-10-29 05:36:31,79,NA,NA,NA,741.337281,741.337281,FALSE,186560.169252,123,2018-05-20 07:48:35,185818.831971,17556312,0.0105841609542483,FALSE
"1759","A69-1602-3024",1759,"Noordzeekanaal","Kadoelen 2","VR2W-131002",52.417517,4.913867,2017-10-29 09:41:44,2017-10-29 09:42:22,2,NA,NA,NA,741.337281,741.337281,FALSE,186560.169252,123,2018-05-20 07:48:35,185818.831971,17532411,0.0105985897758728,FALSE
"1760","A69-1602-3024",1760,"Noordzeekanaal","Kadoelen 2","VR2W-131002",52.417517,4.913867,2017-10-29 16:27:36,2017-10-29 16:46:46,21,NA,NA,NA,741.337281,741.337281,FALSE,186560.169252,123,2018-05-20 07:48:35,185818.831971,17508059,0.0106133313790524,FALSE
"1761","A69-1602-3024",1761,"Noordzeekanaal","Kadoelen 2","VR2W-131002",52.417517,4.913867,2017-10-29 19:05:36,2017-10-29 21:00:58,77,NA,NA,NA,741.337281,741.337281,FALSE,186560.169252,123,2018-05-20 07:48:35,185818.831971,17498579,0.010619081239168,FALSE
"1762","A69-1602-3024",1762,"Noordzeekanaal","Kadoelen 2","VR2W-131002",52.417517,4.913867,2017-10-29 22:34:16,2017-10-29 22:35:47,3,NA,NA,NA,741.337281,741.337281,FALSE,186560.169252,123,2018-05-20 07:48:35,185818.831971,17486059,0.0106266844902559,FALSE
"1763","A69-1602-3024",1763,"Noordzeekanaal","Kadoelen 2","VR2W-131002",52.417517,4.913867,2017-10-31 09:01:26,2017-10-31 09:01:26,1,NA,NA,NA,741.337281,741.337281,FALSE,186560.169252,123,2018-05-20 07:48:35,185818.831971,17362029,0.0107025988708463,FALSE
"1764","A69-1602-3024",1764,"Noordzeekanaal","Kadoelen 2","VR2W-131002",52.417517,4.913867,2017-11-01 16:07:21,2017-11-01 20:25:56,123,NA,NA,NA,741.337281,741.337281,FALSE,186560.169252,123,2018-05-20 07:48:35,185818.831971,17250074,0.0107720599906412,FALSE
"1765","A69-1602-3024",1765,"Noordzeekanaal","Kadoelen 2","VR2W-131002",52.417517,4.913867,2017-11-01 22:34:03,2017-11-02 01:56:44,68,NA,NA,NA,741.337281,741.337281,FALSE,186560.169252,123,2018-05-20 07:48:35,185818.831971,17226872,0.01078656833179,FALSE
"1766","A69-1602-3024",1766,"Noordzeekanaal","Kadoelen 2","VR2W-131002",52.417517,4.913867,2017-11-02 02:57:24,2017-11-02 07:43:38,175,NA,NA,NA,741.337281,741.337281,FALSE,186560.169252,123,2018-05-20 07:48:35,185818.831971,17211071,0.010796471176663,FALSE
"1767","A69-1602-3024",1767,"Noordzeekanaal","Kadoelen 2","VR2W-131002",52.417517,4.913867,2017-11-02 09:13:04,2017-11-02 09:13:04,1,NA,NA,NA,741.337281,741.337281,FALSE,186560.169252,123,2018-05-20 07:48:35,185818.831971,17188531,0.0108106290159991,FALSE
"1768","A69-1602-3024",1768,"Noordzeekanaal","Kadoelen 2","VR2W-131002",52.417517,4.913867,2017-11-02 21:46:17,2017-11-02 21:46:17,1,NA,NA,NA,741.337281,741.337281,FALSE,186560.169252,123,2018-05-20 07:48:35,185818.831971,17143338,0.0108391278274394,FALSE
"1769","A69-1602-3024",1769,"Noordzeekanaal","Kadoelen 2","VR2W-131002",52.417517,4.913867,2017-11-02 23:07:13,2017-11-03 01:36:06,95,NA,NA,NA,741.337281,741.337281,FALSE,186560.169252,123,2018-05-20 07:48:35,185818.831971,17138482,0.0108421989748567,FALSE
"1770","A69-1602-3024",1770,"Noordzeekanaal","Kadoelen 2","VR2W-131002",52.417517,4.913867,2017-11-03 02:42:06,2017-11-03 07:27:27,132,NA,NA,NA,741.337281,741.337281,FALSE,186560.169252,123,2018-05-20 07:48:35,185818.831971,17125589,0.0108503615245584,FALSE
"1771","A69-1602-3024",1771,"Noordzeekanaal","Kadoelen 2","VR2W-131002",52.417517,4.913867,2017-11-14 00:49:08,2017-11-14 00:49:47,2,NA,NA,NA,741.337281,741.337281,FALSE,186560.169252,123,2018-05-20 07:48:35,185818.831971,16181967,0.011483080639764,FALSE
"1772","A69-1602-3024",1772,"Noordzeekanaal","Kadoelen 2","VR2W-131002",52.417517,4.913867,2017-11-14 03:45:12,2017-11-14 04:01:25,3,NA,NA,NA,741.337281,741.337281,FALSE,186560.169252,123,2018-05-20 07:48:35,185818.831971,16171403,0.0114905819841977,FALSE
"1773","A69-1602-3024",1773,"Noordzeekanaal","Kadoelen 2","VR2W-131002",52.417517,4.913867,2017-11-14 06:47:26,2017-11-14 06:51:14,3,NA,NA,NA,741.337281,741.337281,FALSE,186560.169252,123,2018-05-20 07:48:35,185818.831971,16160469,0.0114983563887286,FALSE
"1774","A69-1602-3024",1774,"Noordzeekanaal","Kadoelen 2","VR2W-131002",52.417517,4.913867,2017-11-14 15:53:51,2017-11-14 15:53:51,1,NA,NA,NA,741.337281,741.337281,FALSE,186560.169252,123,2018-05-20 07:48:35,185818.831971,16127684,0.0115217307067152,FALSE
"1775","A69-1602-3024",1775,"Noordzeekanaal","Kadoelen 2","VR2W-131002",52.417517,4.913867,2017-11-16 04:06:19,2017-11-16 04:16:19,8,NA,NA,NA,741.337281,741.337281,FALSE,186560.169252,123,2018-05-20 07:48:35,185818.831971,15997336,0.0116156109974186,FALSE
"1776","A69-1602-3024",1776,"Noordzeekanaal","Kadoelen 2","VR2W-131002",52.417517,4.913867,2017-11-16 06:00:25,2017-11-16 06:02:32,4,NA,NA,NA,741.337281,741.337281,FALSE,186560.169252,123,2018-05-20 07:48:35,185818.831971,15990490,0.0116205839827923,FALSE
"1777","A69-1602-3024",1777,"Noordzeekanaal","Kadoelen 2","VR2W-131002",52.417517,4.913867,2017-11-16 07:48:06,2017-11-16 08:32:26,14,NA,NA,NA,741.337281,741.337281,FALSE,186560.169252,123,2018-05-20 07:48:35,185818.831971,15984029,0.0116252812085739,FALSE
"1778","A69-1602-3024",1778,"Noordzeekanaal","Kadoelen 2","VR2W-131002",52.417517,4.913867,2017-11-18 16:04:56,2017-11-18 16:14:03,7,NA,NA,NA,741.337281,741.337281,FALSE,186560.169252,123,2018-05-20 07:48:35,185818.831971,15781419,0.0117745325671285,FALSE
"1779","A69-1602-3024",1779,"Noordzeekanaal","Kadoelen 2","VR2W-131002",52.417517,4.913867,2017-11-18 19:51:38,2017-11-18 22:18:18,15,NA,NA,NA,741.337281,741.337281,FALSE,186560.169252,123,2018-05-20 07:48:35,185818.831971,15767817,0.0117846897874956,FALSE
"1780","A69-1602-3024",1780,"Noordzeekanaal","Kadoelen 2","VR2W-131002",52.417517,4.913867,2017-11-22 01:35:43,2017-11-22 02:55:25,31,NA,NA,NA,741.337281,741.337281,FALSE,186560.169252,123,2018-05-20 07:48:35,185818.831971,15487972,0.0119976218946548,FALSE
"1781","A69-1602-3024",1781,"Noordzeekanaal","Kadoelen 2","VR2W-131002",52.417517,4.913867,2017-11-22 15:07:16,2017-11-22 16:30:02,39,NA,NA,NA,741.337281,741.337281,FALSE,186560.169252,123,2018-05-20 07:48:35,185818.831971,15439279,0.0120354604623053,FALSE
"1782","A69-1602-3024",1782,"Noordzeekanaal","Kadoelen 2","VR2W-131002",52.417517,4.913867,2017-11-22 19:15:37,2017-11-22 19:29:30,4,NA,NA,NA,741.337281,741.337281,FALSE,186560.169252,123,2018-05-20 07:48:35,185818.831971,15424378,0.0120470875370793,FALSE
"1783","A69-1602-3024",1783,"Noordzeekanaal","Kadoelen 2","VR2W-131002",52.417517,4.913867,2017-11-22 22:48:23,2017-11-22 23:50:14,12,NA,NA,NA,741.337281,741.337281,FALSE,186560.169252,123,2018-05-20 07:48:35,185818.831971,15411612,0.0120570665788238,FALSE
"1784","A69-1602-3024",1784,"Noordzeekanaal","Kadoelen 2","VR2W-131002",52.417517,4.913867,2017-11-24 14:21:11,2017-11-24 14:21:46,2,NA,NA,NA,741.337281,741.337281,FALSE,186560.169252,123,2018-05-20 07:48:35,185818.831971,15269244,0.0121694847479679,FALSE
"1785","A69-1602-3024",1785,"Noordzeekanaal","Kadoelen 2","VR2W-131002",52.417517,4.913867,2017-11-24 20:30:54,2017-11-24 21:00:59,37,NA,NA,NA,741.337281,741.337281,FALSE,186560.169252,123,2018-05-20 07:48:35,185818.831971,15247061,0.0121871901719945,FALSE
"1786","A69-1602-3024",1786,"Noordzeekanaal","Kadoelen 2","VR2W-131002",52.417517,4.913867,2017-11-25 17:05:16,2017-11-25 17:48:27,12,NA,NA,NA,741.337281,741.337281,FALSE,186560.169252,123,2018-05-20 07:48:35,185818.831971,15172999,0.0122466779290633,FALSE
"1787","A69-1602-3024",1787,"Noordzeekanaal","Kadoelen 2","VR2W-131002",52.417517,4.913867,2017-11-25 21:23:42,2017-11-25 22:47:54,17,NA,NA,NA,741.337281,741.337281,FALSE,186560.169252,123,2018-05-20 07:48:35,185818.831971,15157493,0.0122592061873952,FALSE
"1788","A69-1602-3024",1788,"Noordzeekanaal","Kadoelen 2","VR2W-131002",52.417517,4.913867,2017-12-01 22:53:41,2017-12-01 22:53:41,1,NA,NA,NA,741.337281,741.337281,FALSE,186560.169252,123,2018-05-20 07:48:35,185818.831971,14633694,0.0126980126802569,FALSE
"1789","A69-1602-3024",1789,"Noordzeekanaal","Kadoelen 2","VR2W-131002",52.417517,4.913867,2017-12-02 00:03:38,2017-12-02 00:03:38,1,NA,NA,NA,741.337281,741.337281,FALSE,186560.169252,123,2018-05-20 07:48:35,185818.831971,14629497,0.012701655564166,FALSE
"1790","A69-1602-3024",1790,"Noordzeekanaal","Kadoelen 2","VR2W-131002",52.417517,4.913867,2017-12-02 03:03:02,2017-12-02 04:24:14,14,NA,NA,NA,741.337281,741.337281,FALSE,186560.169252,123,2018-05-20 07:48:35,185818.831971,14618733,0.0127110079902957,FALSE
"1791","A69-1602-3024",1791,"Noordzeekanaal","Kadoelen 2","VR2W-131002",52.417517,4.913867,2017-12-02 08:28:06,2017-12-02 09:33:02,4,NA,NA,NA,741.337281,741.337281,FALSE,186560.169252,123,2018-05-20 07:48:35,185818.831971,14599229,0.0127279894007416,FALSE
"1792","A69-1602-3024",1792,"Noordzeekanaal","Kadoelen 2","VR2W-131002",52.417517,4.913867,2017-12-07 01:27:18,2017-12-07 01:27:18,1,NA,NA,NA,741.337281,741.337281,FALSE,186560.169252,123,2018-05-20 07:48:35,185818.831971,14192477,0.0130927696392251,FALSE
"1793","A69-1602-3024",1793,"Noordzeekanaal","Kadoelen 2","VR2W-131002",52.417517,4.913867,2017-12-21 00:55:00,2017-12-21 02:15:02,71,NA,NA,NA,741.337281,741.337281,FALSE,186560.169252,123,2018-05-20 07:48:35,185818.831971,12984815,0.014310472037607,FALSE
"1794","A69-1602-3024",1794,"Noordzeekanaal","Kadoelen 2","VR2W-131002",52.417517,4.913867,2017-12-23 04:21:41,2017-12-23 04:30:04,5,NA,NA,NA,741.337281,741.337281,FALSE,186560.169252,123,2018-05-20 07:48:35,185818.831971,12799614,0.0145175340421203,FALSE
"1795","A69-1602-3024",1795,"Noordzeekanaal","Kadoelen 2","VR2W-131002",52.417517,4.913867,2017-12-24 22:03:11,2017-12-24 22:43:33,8,NA,NA,NA,741.337281,741.337281,FALSE,186560.169252,123,2018-05-20 07:48:35,185818.831971,12649524,0.0146897884830291,FALSE
"1796","A69-1602-3024",1796,"Noordzeekanaal","Kadoelen 2","VR2W-131002",52.417517,4.913867,2017-12-25 15:27:16,2017-12-25 16:40:06,44,NA,NA,NA,741.337281,741.337281,FALSE,186560.169252,123,2018-05-20 07:48:35,185818.831971,12586879,0.0147628996807707,FALSE
"1797","A69-1602-3024",1797,"Noordzeekanaal","Kadoelen 2","VR2W-131002",52.417517,4.913867,2017-12-26 16:41:13,2017-12-26 17:22:15,20,NA,NA,NA,741.337281,741.337281,FALSE,186560.169252,123,2018-05-20 07:48:35,185818.831971,12496042,0.0148702150625774,FALSE
"1798","A69-1602-3024",1798,"Noordzeekanaal","Kadoelen 2","VR2W-131002",52.417517,4.913867,2018-01-01 00:29:55,2018-01-01 00:30:36,2,NA,NA,NA,741.337281,741.337281,FALSE,186560.169252,123,2018-05-20 07:48:35,185818.831971,12035920,0.0154386895202859,FALSE
"1799","A69-1602-3024",1799,"Noordzeekanaal","Kadoelen 2","VR2W-131002",52.417517,4.913867,2018-01-02 17:32:01,2018-01-02 17:32:01,1,NA,NA,NA,741.337281,741.337281,FALSE,186560.169252,123,2018-05-20 07:48:35,185818.831971,11888194,0.015630534963595,FALSE
"1800","A69-1602-3024",1800,"Noordzeekanaal","Kadoelen 2","VR2W-131002",52.417517,4.913867,2018-01-03 04:19:43,2018-01-03 04:25:45,8,NA,NA,NA,741.337281,741.337281,FALSE,186560.169252,123,2018-05-20 07:48:35,185818.831971,11849332,0.0156817980938504,FALSE
"1801","A69-1602-3024",1801,"Noordzeekanaal","Kadoelen 2","VR2W-131002",52.417517,4.913867,2018-01-03 15:26:44,2018-01-03 15:26:44,1,NA,NA,NA,741.337281,741.337281,FALSE,186560.169252,123,2018-05-20 07:48:35,185818.831971,11809311,0.0157349427050401,FALSE
"1802","A69-1602-3024",1802,"Noordzeekanaal","Kadoelen 2","VR2W-131002",52.417517,4.913867,2018-01-03 16:44:35,2018-01-03 17:25:03,22,NA,NA,NA,741.337281,741.337281,FALSE,186560.169252,123,2018-05-20 07:48:35,185818.831971,11804640,0.0157411688938417,FALSE
"1803","A69-1602-3024",1803,"Noordzeekanaal","Kadoelen 2","VR2W-131002",52.417517,4.913867,2018-01-03 19:58:05,2018-01-03 22:54:24,73,NA,NA,NA,741.337281,741.337281,FALSE,186560.169252,123,2018-05-20 07:48:35,185818.831971,11793030,0.015756665756892,FALSE
"1804","A69-1602-3024",1804,"Noordzeekanaal","Kadoelen 2","VR2W-131002",52.417517,4.913867,2018-01-05 16:15:57,2018-01-05 17:09:23,52,NA,NA,NA,741.337281,741.337281,FALSE,186560.169252,123,2018-05-20 07:48:35,185818.831971,11633558,0.0159726570298614,FALSE
"1805","A69-1602-3024",1805,"Noordzeekanaal","Kadoelen 2","VR2W-131002",52.417517,4.913867,2018-01-05 18:47:21,2018-01-05 20:13:21,62,NA,NA,NA,741.337281,741.337281,FALSE,186560.169252,123,2018-05-20 07:48:35,185818.831971,11624474,0.0159851389379855,FALSE
"1806","A69-1602-3024",1806,"Noordzeekanaal","Kadoelen 2","VR2W-131002",52.417517,4.913867,2018-01-05 21:18:30,2018-01-05 21:41:47,27,NA,NA,NA,741.337281,741.337281,FALSE,186560.169252,123,2018-05-20 07:48:35,185818.831971,11615405,0.0159976197102899,FALSE
"1807","A69-1602-3024",1807,"Noordzeekanaal","Kadoelen 2","VR2W-131002",52.417517,4.913867,2018-01-07 05:59:25,2018-01-07 06:20:00,10,NA,NA,NA,741.337281,741.337281,FALSE,186560.169252,123,2018-05-20 07:48:35,185818.831971,11497750,0.0161613212994716,FALSE
"1808","A69-1602-3024",1808,"Noordzeekanaal","Kadoelen 2","VR2W-131002",52.417517,4.913867,2018-01-07 07:29:22,2018-01-07 07:36:58,6,NA,NA,NA,741.337281,741.337281,FALSE,186560.169252,123,2018-05-20 07:48:35,185818.831971,11492353,0.0161689109245948,FALSE
"1809","A69-1602-3024",1809,"Noordzeekanaal","Kadoelen 2","VR2W-131002",52.417517,4.913867,2018-01-22 02:00:29,2018-01-22 02:04:42,4,NA,NA,NA,741.337281,741.337281,FALSE,186560.169252,123,2018-05-20 07:48:35,185818.831971,10216086,0.0181888476634789,FALSE
"1810","A69-1602-3024",1810,"Noordzeekanaal","Kadoelen 2","VR2W-131002",52.417517,4.913867,2018-01-23 00:57:05,2018-01-23 01:30:15,26,NA,NA,NA,741.337281,741.337281,FALSE,186560.169252,123,2018-05-20 07:48:35,185818.831971,10133490,0.0183371012327441,FALSE
"1811","A69-1602-3024",1811,"Noordzeekanaal","Kadoelen 2","VR2W-131002",52.417517,4.913867,2018-01-23 03:46:43,2018-01-23 04:46:33,65,NA,NA,NA,741.337281,741.337281,FALSE,186560.169252,123,2018-05-20 07:48:35,185818.831971,10123312,0.0183555373943824,FALSE
"1812","A69-1602-3024",1812,"Noordzeekanaal","Kadoelen 2","VR2W-131002",52.417517,4.913867,2018-01-24 04:09:28,2018-01-24 04:54:03,23,NA,NA,NA,741.337281,741.337281,FALSE,186560.169252,123,2018-05-20 07:48:35,185818.831971,10035547,0.0185160641438877,FALSE
"1813","A69-1602-3024",1813,"Noordzeekanaal","Kadoelen 2","VR2W-131002",52.417517,4.913867,2018-01-24 06:01:07,2018-01-24 06:38:03,34,NA,NA,NA,741.337281,741.337281,FALSE,186560.169252,123,2018-05-20 07:48:35,185818.831971,10028848,0.0185284323753835,FALSE
"1814","A69-1602-3024",1814,"Noordzeekanaal","Kadoelen 2","VR2W-131002",52.417517,4.913867,2018-01-24 16:06:00,2018-01-24 18:07:30,79,NA,NA,NA,741.337281,741.337281,FALSE,186560.169252,123,2018-05-20 07:48:35,185818.831971,9992555,0.0185957277163849,FALSE
"1815","A69-1602-3024",1815,"Noordzeekanaal","Kadoelen 2","VR2W-131002",52.417517,4.913867,2018-01-24 21:31:47,2018-01-25 00:16:19,90,NA,NA,NA,741.337281,741.337281,FALSE,186560.169252,123,2018-05-20 07:48:35,185818.831971,9973008,0.0186321751643035,FALSE
"1816","A69-1602-3024",1816,"Noordzeekanaal","Kadoelen 2","VR2W-131002",52.417517,4.913867,2018-01-25 02:44:56,2018-01-25 03:02:41,9,NA,NA,NA,741.337281,741.337281,FALSE,186560.169252,123,2018-05-20 07:48:35,185818.831971,9954219,0.0186673441654237,FALSE
"1817","A69-1602-3024",1817,"Noordzeekanaal","Kadoelen 2","VR2W-131002",52.417517,4.913867,2018-01-25 16:41:55,2018-01-25 17:37:24,30,NA,NA,NA,741.337281,741.337281,FALSE,186560.169252,123,2018-05-20 07:48:35,185818.831971,9904000,0.018761998381563,FALSE
"1818","A69-1602-3024",1818,"Noordzeekanaal","Kadoelen 2","VR2W-131002",52.417517,4.913867,2018-01-27 04:34:11,2018-01-27 04:34:11,1,NA,NA,NA,741.337281,741.337281,FALSE,186560.169252,123,2018-05-20 07:48:35,185818.831971,9774864,0.0190098636636786,FALSE
"1819","A69-1602-3024",1819,"Noordzeekanaal","Kadoelen 2","VR2W-131002",52.417517,4.913867,2018-01-27 16:29:22,2018-01-27 18:19:49,105,NA,NA,NA,741.337281,741.337281,FALSE,186560.169252,123,2018-05-20 07:48:35,185818.831971,9731953,0.0190936836594875,FALSE
"1820","A69-1602-3024",1820,"Noordzeekanaal","Kadoelen 2","VR2W-131002",52.417517,4.913867,2018-01-27 19:31:20,2018-01-27 22:08:36,138,NA,NA,NA,741.337281,741.337281,FALSE,186560.169252,123,2018-05-20 07:48:35,185818.831971,9721035,0.0191151283758365,FALSE
"1821","A69-1602-3024",1821,"Noordzeekanaal","Kadoelen 2","VR2W-131002",52.417517,4.913867,2018-01-28 01:53:32,2018-01-28 07:09:40,281,NA,NA,NA,741.337281,741.337281,FALSE,186560.169252,123,2018-05-20 07:48:35,185818.831971,9698103,0.0191603277435804,FALSE
"1822","A69-1602-3024",1822,"Noordzeekanaal","Kadoelen 2","VR2W-131002",52.417517,4.913867,2018-01-28 16:34:18,2018-01-28 20:14:30,98,NA,NA,NA,741.337281,741.337281,FALSE,186560.169252,123,2018-05-20 07:48:35,185818.831971,9645257,0.0192653064579824,FALSE
"1823","A69-1602-3024",1823,"Noordzeekanaal","Kadoelen 2","VR2W-131002",52.417517,4.913867,2018-01-28 21:34:47,2018-01-28 21:42:51,7,NA,NA,NA,741.337281,741.337281,FALSE,186560.169252,123,2018-05-20 07:48:35,185818.831971,9627228,0.0193013847777366,FALSE
"1824","A69-1602-3024",1824,"Noordzeekanaal","Kadoelen 2","VR2W-131002",52.417517,4.913867,2018-01-29 01:11:09,2018-01-29 01:13:49,3,NA,NA,NA,741.337281,741.337281,FALSE,186560.169252,123,2018-05-20 07:48:35,185818.831971,9614246,0.0193274472039721,FALSE
"1825","A69-1602-3024",1825,"Noordzeekanaal","Kadoelen 2","VR2W-131002",52.417517,4.913867,2018-01-29 02:58:22,2018-01-29 03:07:49,3,NA,NA,NA,741.337281,741.337281,FALSE,186560.169252,123,2018-05-20 07:48:35,185818.831971,9607813,0.0193403880748928,FALSE
"1826","A69-1602-3024",1826,"Noordzeekanaal","Kadoelen 2","VR2W-131002",52.417517,4.913867,2018-01-29 05:03:14,2018-01-29 07:19:49,27,NA,NA,NA,741.337281,741.337281,FALSE,186560.169252,123,2018-05-20 07:48:35,185818.831971,9600321,0.0193554811314122,FALSE
"1827","A69-1602-3024",1827,"Noordzeekanaal","Kadoelen 2","VR2W-131002",52.417517,4.913867,2018-01-29 14:50:43,2018-01-29 14:50:43,1,NA,NA,NA,741.337281,741.337281,FALSE,186560.169252,123,2018-05-20 07:48:35,185818.831971,9565072,0.0194268095390186,FALSE
"1828","A69-1602-3024",1828,"Noordzeekanaal","Kadoelen 2","VR2W-131002",52.417517,4.913867,2018-01-29 15:52:34,2018-01-29 18:01:05,92,NA,NA,NA,741.337281,741.337281,FALSE,186560.169252,123,2018-05-20 07:48:35,185818.831971,9561361,0.0194343495628917,FALSE
"1829","A69-1602-3024",1829,"Noordzeekanaal","Kadoelen 2","VR2W-131002",52.417517,4.913867,2018-01-29 19:18:28,2018-01-29 19:27:07,10,NA,NA,NA,741.337281,741.337281,FALSE,186560.169252,123,2018-05-20 07:48:35,185818.831971,9549007,0.0194594926960468,FALSE
"1830","A69-1602-3024",1830,"Noordzeekanaal","Kadoelen 2","VR2W-131002",52.417517,4.913867,2018-01-30 17:52:20,2018-01-30 18:29:06,38,NA,NA,NA,741.337281,741.337281,FALSE,186560.169252,123,2018-05-20 07:48:35,185818.831971,9467775,0.0196264520408438,FALSE
"1831","A69-1602-3024",1831,"Noordzeekanaal","Kadoelen 2","VR2W-131002",52.417517,4.913867,2018-01-30 20:00:58,2018-01-30 20:06:17,2,NA,NA,NA,741.337281,741.337281,FALSE,186560.169252,123,2018-05-20 07:48:35,185818.831971,9460057,0.0196424643076675,FALSE
"1832","A69-1602-3024",1832,"Noordzeekanaal","Kadoelen 2","VR2W-131002",52.417517,4.913867,2018-01-31 14:24:16,2018-01-31 14:26:16,3,NA,NA,NA,741.337281,741.337281,FALSE,186560.169252,123,2018-05-20 07:48:35,185818.831971,9393859,0.019780883657185,FALSE
"1833","A69-1602-3024",1833,"Noordzeekanaal","Kadoelen 2","VR2W-131002",52.417517,4.913867,2018-01-31 17:29:09,2018-01-31 18:45:56,42,NA,NA,NA,741.337281,741.337281,FALSE,186560.169252,123,2018-05-20 07:48:35,185818.831971,9382766,0.0198042700810188,FALSE
"1834","A69-1602-3024",1834,"Noordzeekanaal","Kadoelen 2","VR2W-131002",52.417517,4.913867,2018-02-01 21:30:43,2018-02-01 21:36:59,3,NA,NA,NA,741.337281,741.337281,FALSE,186560.169252,123,2018-05-20 07:48:35,185818.831971,9281872,0.0200195426063837,FALSE
"1835","A69-1602-3024",1835,"Noordzeekanaal","Kadoelen 2","VR2W-131002",52.417517,4.913867,2018-02-04 13:19:02,2018-02-04 13:19:02,1,NA,NA,NA,741.337281,741.337281,FALSE,186560.169252,123,2018-05-20 07:48:35,185818.831971,9052173,0.0205275387435702,FALSE
"1836","A69-1602-3024",1836,"Noordzeekanaal","Kadoelen 2","VR2W-131002",52.417517,4.913867,2018-02-04 17:59:36,2018-02-04 19:02:44,32,NA,NA,NA,741.337281,741.337281,FALSE,186560.169252,123,2018-05-20 07:48:35,185818.831971,9035339,0.0205657841914952,FALSE
"1837","A69-1602-3024",1837,"Noordzeekanaal","Kadoelen 2","VR2W-131002",52.417517,4.913867,2018-02-28 18:07:11,2018-02-28 19:24:41,28,NA,NA,NA,741.337281,741.337281,FALSE,186560.169252,123,2018-05-20 07:48:35,185818.831971,6961284,0.0266931836096617,FALSE
"1838","A69-1602-3024",1838,"Noordzeekanaal","Kadoelen 2","VR2W-131002",52.417517,4.913867,2018-02-28 21:42:13,2018-02-28 21:43:05,2,NA,NA,NA,741.337281,741.337281,FALSE,186560.169252,123,2018-05-20 07:48:35,185818.831971,6948382,0.02674274845151,FALSE
"1839","A69-1602-3024",1839,"Noordzeekanaal","Kadoelen 2","VR2W-131002",52.417517,4.913867,2018-03-01 00:07:23,2018-03-01 01:07:42,45,NA,NA,NA,741.337281,741.337281,FALSE,186560.169252,123,2018-05-20 07:48:35,185818.831971,6939672,0.0267763133431955,FALSE
"1840","A69-1602-3024",1840,"Noordzeekanaal","Kadoelen 2","VR2W-131002",52.417517,4.913867,2018-03-08 18:07:11,2018-03-08 21:23:55,212,NA,NA,NA,741.337281,741.337281,FALSE,186560.169252,123,2018-05-20 07:48:35,185818.831971,6270084,0.0296357803134695,FALSE
"1841","A69-1602-3024",1841,"Noordzeekanaal","Kadoelen 2","VR2W-131002",52.417517,4.913867,2018-03-11 19:23:34,2018-03-11 20:17:40,43,NA,NA,NA,741.337281,741.337281,FALSE,186560.169252,123,2018-05-20 07:48:35,185818.831971,6006301,0.0309373159904907,FALSE
"1842","A69-1602-3024",1842,"Noordzeekanaal","Kadoelen 2","VR2W-130585",52.408992,4.909988,2018-03-13 20:55:29,2018-03-13 22:27:12,83,NA,NA,NA,741.337281,741.337281,FALSE,NA,NA,NA,NA,NA,NA,FALSE
"1843","A69-1602-3024",1843,"Noordzeekanaal","Kadoelen 1","VR2W-119049",52.408503,4.908567,2018-03-13 22:33:20,2018-03-13 22:43:12,15,368,1224.124759,3.326426,1965.46204,482.787479,TRUE,186560.169252,123,2018-05-20 07:48:35,186077.381773,5822115,0.0319604442325512,TRUE
"1844","A69-1602-3024",1844,"Noordzeekanaal","bpns-WK14","VR2W-123823",51.3685,3.262,2018-05-20 07:48:35,2018-05-20 07:52:40,6,5821523,186077.381773,0.031964,188042.843813,186560.169252,TRUE,228152.292302,124,2018-05-22 06:03:50,41592.12305,166515,0.249780038134703,TRUE
"1845","A69-1602-3024",1845,"Noordzeekanaal","bpns-Whitley","VR2W-129571",51.1511666667,2.6603333333,2018-05-22 06:03:50,2018-05-22 06:14:02,6,166270,52017.917995,0.312852,240060.761808,228152.292302,NA,NA,NA,NA,NA,NA,NA,TRUE
"1846","A69-1602-3025",1846,"Noordzeekanaal","rel_noordzeekanaal3","none",52.411463,4.911775,2017-10-11 15:45:00,2017-10-11 15:45:00,1,NA,NA,NA,0,0,FALSE,1631.181273,3,2017-10-14 20:01:02,1631.181273,274562,0.00594103070708984,FALSE
"1847","A69-1602-3025",1847,"Noordzeekanaal","Kadoelen 2","VR2W-131002",52.417517,4.913867,2017-10-12 02:22:06,2017-10-14 19:40:49,3227,38226,741.337281,0.019394,741.337281,741.337281,FALSE,4162.264949,6,2017-10-16 20:10:21,3420.927668,409695,0.00834993755842761,FALSE
"1848","A69-1602-3025",1848,"Noordzeekanaal","Kadoelen 5","VR2W-130998",52.411317,4.9304,2017-10-14 20:01:02,2017-10-14 20:36:48,20,1213,1489.776242,1.228175,2231.113523,1631.181273,FALSE,4162.264949,6,2017-10-16 20:10:21,2531.083676,173359,0.0146002438638894,FALSE
"1849","A69-1602-3025",1849,"Noordzeekanaal","Kadoelen 5","VR2W-130998",52.411317,4.9304,2017-10-14 23:45:01,2017-10-15 00:24:16,6,NA,NA,NA,2231.113523,1631.181273,FALSE,4162.264949,6,2017-10-16 20:10:21,2531.083676,159920,0.0158271865682841,FALSE
"1850","A69-1602-3025",1850,"Noordzeekanaal","Kadoelen 5","VR2W-130998",52.411317,4.9304,2017-10-16 17:21:58,2017-10-16 17:42:11,22,NA,NA,NA,2231.113523,1631.181273,TRUE,4162.264949,6,2017-10-16 20:10:21,2531.083676,10103,0.250527929921805,TRUE
"1851","A69-1602-3025",1851,"Noordzeekanaal","Willem 2 sluis 2","VR2W-130587",52.383677,4.907053,2017-10-16 20:10:21,2017-10-16 20:10:21,1,8890,3720.8948,0.418548,5952.008323,4162.264949,FALSE,NA,NA,NA,NA,NA,NA,TRUE
"1852","A69-1602-3025",1852,"Noordzeekanaal","Willem 2 sluis 2","VR2W-130587",52.383677,4.907053,2017-10-17 17:39:19,2017-10-17 17:39:19,1,NA,NA,NA,5952.008323,4162.264949,FALSE,NA,NA,NA,NA,NA,NA,TRUE
"1853","A69-1602-3025",1853,"Noordzeekanaal","Willem 2 sluis 2","VR2W-130587",52.383677,4.907053,2017-10-17 22:26:15,2017-10-17 22:26:15,1,NA,NA,NA,5952.008323,4162.264949,FALSE,NA,NA,NA,NA,NA,NA,TRUE
"1854","A69-1602-3025",1854,"Noordzeekanaal","Willem 2 sluis 2","VR2W-130587",52.383677,4.907053,2017-10-18 17:29:46,2017-10-18 19:03:20,7,NA,NA,NA,5952.008323,4162.264949,FALSE,NA,NA,NA,NA,NA,NA,TRUE
"1855","A69-1602-3025",1855,"Noordzeekanaal","Willem 2 sluis 2","VR2W-130587",52.383677,4.907053,2017-10-18 21:30:09,2017-10-18 21:30:09,1,NA,NA,NA,5952.008323,4162.264949,FALSE,NA,NA,NA,NA,NA,NA,TRUE
"1856","A69-1602-3025",1856,"Noordzeekanaal","Willem 2 sluis 2","VR2W-130587",52.383677,4.907053,2017-10-19 00:28:22,2017-10-19 00:50:37,3,NA,NA,NA,5952.008323,4162.264949,FALSE,NA,NA,NA,NA,NA,NA,TRUE
"1857","A69-1602-3025",1857,"Noordzeekanaal","Willem 2 sluis 2","VR2W-130587",52.383677,4.907053,2017-10-19 02:07:37,2017-10-19 02:09:54,2,NA,NA,NA,5952.008323,4162.264949,FALSE,NA,NA,NA,NA,NA,NA,TRUE
"1858","A69-1602-3025",1858,"Noordzeekanaal","Willem 2 sluis 2","VR2W-130587",52.383677,4.907053,2017-10-19 18:21:54,2017-10-19 18:41:24,2,NA,NA,NA,5952.008323,4162.264949,FALSE,NA,NA,NA,NA,NA,NA,TRUE
"1859","A69-1602-3025",1859,"Noordzeekanaal","Willem 2 sluis 2","VR2W-130587",52.383677,4.907053,2017-10-19 20:34:31,2017-10-19 20:34:31,1,NA,NA,NA,5952.008323,4162.264949,FALSE,NA,NA,NA,NA,NA,NA,TRUE
"1860","A69-1602-3025",1860,"Noordzeekanaal","Willem 2 sluis 2","VR2W-130587",52.383677,4.907053,2017-10-20 21:25:47,2017-10-20 23:00:57,8,NA,NA,NA,5952.008323,4162.264949,FALSE,NA,NA,NA,NA,NA,NA,TRUE
"1861","A69-1602-3025",1861,"Noordzeekanaal","Willem 2 sluis 2","VR2W-130587",52.383677,4.907053,2017-10-25 17:24:16,2017-10-25 17:24:16,1,NA,NA,NA,5952.008323,4162.264949,FALSE,NA,NA,NA,NA,NA,NA,TRUE
"1862","A69-1602-3025",1862,"Noordzeekanaal","Willem 2 sluis 2","VR2W-130587",52.383677,4.907053,2017-10-26 00:56:39,2017-10-26 01:48:58,4,NA,NA,NA,5952.008323,4162.264949,FALSE,NA,NA,NA,NA,NA,NA,TRUE
"1863","A69-1602-3025",1863,"Noordzeekanaal","Willem 2 sluis 2","VR2W-130587",52.383677,4.907053,2017-10-26 17:13:52,2017-10-26 17:16:44,2,NA,NA,NA,5952.008323,4162.264949,FALSE,NA,NA,NA,NA,NA,NA,TRUE
"1864","A69-1602-3025",1864,"Noordzeekanaal","Willem 2 sluis 2","VR2W-130587",52.383677,4.907053,2017-10-27 16:43:56,2017-10-27 17:12:20,14,NA,NA,NA,5952.008323,4162.264949,FALSE,NA,NA,NA,NA,NA,NA,TRUE
"1865","A69-1602-3025",1865,"Noordzeekanaal","Willem 2 sluis 2","VR2W-130587",52.383677,4.907053,2017-10-27 18:22:35,2017-10-27 18:22:35,1,NA,NA,NA,5952.008323,4162.264949,FALSE,NA,NA,NA,NA,NA,NA,TRUE
"1866","A69-1602-3025",1866,"Noordzeekanaal","Willem 2 sluis 2","VR2W-130587",52.383677,4.907053,2017-10-27 20:29:53,2017-10-27 21:41:33,6,NA,NA,NA,5952.008323,4162.264949,FALSE,NA,NA,NA,NA,NA,NA,TRUE
"1867","A69-1602-3025",1867,"Noordzeekanaal","Willem 2 sluis 2","VR2W-130587",52.383677,4.907053,2017-10-28 06:22:38,2017-10-28 06:22:38,1,NA,NA,NA,5952.008323,4162.264949,FALSE,NA,NA,NA,NA,NA,NA,TRUE
"1868","A69-1602-3025",1868,"Noordzeekanaal","Willem 2 sluis 2","VR2W-130587",52.383677,4.907053,2017-10-28 12:56:10,2017-10-28 12:56:10,1,NA,NA,NA,5952.008323,4162.264949,FALSE,NA,NA,NA,NA,NA,NA,TRUE
"1869","A69-1602-3025",1869,"Noordzeekanaal","Willem 2 sluis 2","VR2W-130587",52.383677,4.907053,2017-10-29 16:59:05,2017-10-29 17:05:36,3,NA,NA,NA,5952.008323,4162.264949,FALSE,NA,NA,NA,NA,NA,NA,TRUE
"1870","A69-1602-3025",1870,"Noordzeekanaal","Willem 2 sluis 2","VR2W-130587",52.383677,4.907053,2017-10-29 18:29:38,2017-10-29 18:41:43,2,NA,NA,NA,5952.008323,4162.264949,FALSE,NA,NA,NA,NA,NA,NA,TRUE
"1871","A69-1602-3025",1871,"Noordzeekanaal","Willem 2 sluis 2","VR2W-130587",52.383677,4.907053,2017-11-02 01:50:29,2017-11-02 02:32:18,9,NA,NA,NA,5952.008323,4162.264949,FALSE,NA,NA,NA,NA,NA,NA,TRUE
"1872","A69-1602-3025",1872,"Noordzeekanaal","Willem 2 sluis 2","VR2W-130587",52.383677,4.907053,2017-11-03 17:17:48,2017-11-03 17:20:28,5,NA,NA,NA,5952.008323,4162.264949,FALSE,NA,NA,NA,NA,NA,NA,TRUE
"1873","A69-1602-3025",1873,"Noordzeekanaal","Willem 2 sluis 2","VR2W-130587",52.383677,4.907053,2017-11-03 18:34:37,2017-11-03 18:38:39,4,NA,NA,NA,5952.008323,4162.264949,FALSE,NA,NA,NA,NA,NA,NA,TRUE
"1874","A69-1602-3025",1874,"Noordzeekanaal","Willem 2 sluis 2","VR2W-130587",52.383677,4.907053,2017-11-04 01:05:17,2017-11-04 01:05:17,1,NA,NA,NA,5952.008323,4162.264949,FALSE,NA,NA,NA,NA,NA,NA,TRUE
"1875","A69-1602-3025",1875,"Noordzeekanaal","Willem 2 sluis 2","VR2W-130587",52.383677,4.907053,2017-11-05 11:51:18,2017-11-05 11:51:18,1,NA,NA,NA,5952.008323,4162.264949,FALSE,NA,NA,NA,NA,NA,NA,TRUE
"1876","A69-1602-3025",1876,"Noordzeekanaal","Willem 2 sluis 2","VR2W-130587",52.383677,4.907053,2017-11-06 04:22:10,2017-11-06 05:17:25,3,NA,NA,NA,5952.008323,4162.264949,FALSE,NA,NA,NA,NA,NA,NA,TRUE
"1877","A69-1602-3025",1877,"Noordzeekanaal","Willem 2 sluis 2","VR2W-130587",52.383677,4.907053,2017-11-06 17:19:32,2017-11-06 17:20:17,2,NA,NA,NA,5952.008323,4162.264949,FALSE,NA,NA,NA,NA,NA,NA,TRUE
"1878","A69-1602-3025",1878,"Noordzeekanaal","Willem 2 sluis 2","VR2W-130587",52.383677,4.907053,2017-11-09 20:26:40,2017-11-09 20:31:39,3,NA,NA,NA,5952.008323,4162.264949,FALSE,NA,NA,NA,NA,NA,NA,TRUE
"1879","A69-1602-3025",1879,"Noordzeekanaal","Willem 2 sluis 2","VR2W-130587",52.383677,4.907053,2017-11-25 16:49:42,2017-11-25 16:52:46,2,NA,NA,NA,5952.008323,4162.264949,FALSE,NA,NA,NA,NA,NA,NA,TRUE
"1880","A69-1602-3025",1880,"Noordzeekanaal","Willem 2 sluis 2","VR2W-130587",52.383677,4.907053,2017-11-26 04:55:38,2017-11-26 04:57:29,2,NA,NA,NA,5952.008323,4162.264949,FALSE,NA,NA,NA,NA,NA,NA,TRUE
"1881","A69-1602-3025",1881,"Noordzeekanaal","Willem 2 sluis 2","VR2W-130587",52.383677,4.907053,2017-11-27 21:03:34,2017-11-27 21:08:36,4,NA,NA,NA,5952.008323,4162.264949,FALSE,NA,NA,NA,NA,NA,NA,TRUE
"1882","A69-1602-3025",1882,"Noordzeekanaal","Willem 2 sluis 2","VR2W-130587",52.383677,4.907053,2017-11-30 16:17:24,2017-11-30 16:21:06,3,NA,NA,NA,5952.008323,4162.264949,NA,NA,NA,NA,NA,NA,NA,TRUE
"1883","A69-1602-3026",1883,"Noordzeekanaal","rel_noordzeekanaal3","none",52.411463,4.911775,2017-10-11 15:45:00,2017-10-15 13:54:39,6546,NA,NA,NA,0,0,NA,NA,NA,NA,NA,NA,NA,FALSE
"1884","A69-1602-3027",1884,"Noordzeekanaal","rel_noordzeekanaal3","none",52.411463,4.911775,2017-10-11 15:45:00,2017-10-11 15:45:00,1,NA,NA,NA,0,0,TRUE,1006.98977,2,2017-10-11 15:49:12,1006.98977,252,3.99599115079365,TRUE
"1885","A69-1602-3027",1885,"Noordzeekanaal","Kadoelen 4","VR2W-131978",52.415583,4.92355,2017-10-11 15:49:12,2017-10-11 17:51:37,39,252,1006.98977,3.995991,1006.98977,1006.98977,TRUE,4162.264949,3,2017-10-12 17:09:40,3155.275179,91228,0.0345866968364976,TRUE
"1886","A69-1602-3027",1886,"Noordzeekanaal","Willem 2 sluis 2","VR2W-130587",52.383677,4.907053,2017-10-12 17:09:40,2017-10-12 17:45:35,4,83883,4262.254664,0.050812,5269.244434,4162.264949,FALSE,NA,NA,NA,NA,NA,NA,TRUE
"1887","A69-1602-3027",1887,"Noordzeekanaal","Willem 2 sluis 2","VR2W-130587",52.383677,4.907053,2017-10-16 17:42:10,2017-10-16 19:16:12,10,NA,NA,NA,5269.244434,4162.264949,FALSE,NA,NA,NA,NA,NA,NA,TRUE
"1888","A69-1602-3027",1888,"Noordzeekanaal","Willem 2 sluis 2","VR2W-130587",52.383677,4.907053,2017-10-16 21:26:05,2017-10-16 22:22:07,11,NA,NA,NA,5269.244434,4162.264949,FALSE,NA,NA,NA,NA,NA,NA,TRUE
"1889","A69-1602-3027",1889,"Noordzeekanaal","Kadoelen 5","VR2W-130998",52.411317,4.9304,2017-10-19 19:12:53,2017-10-19 20:02:09,41,247846,3720.8948,0.015013,8990.139234,1631.181273,FALSE,4162.264949,8,2017-10-22 19:42:59,2531.083676,261006,0.00969741567626798,TRUE
"1890","A69-1602-3027",1890,"Noordzeekanaal","Kadoelen 5","VR2W-130998",52.411317,4.9304,2017-10-22 16:45:31,2017-10-22 17:17:58,28,NA,NA,NA,8990.139234,1631.181273,TRUE,4162.264949,8,2017-10-22 19:42:59,2531.083676,10648,0.237705078512397,TRUE
"1891","A69-1602-3027",1891,"Noordzeekanaal","Willem 2 sluis 2","VR2W-130587",52.383677,4.907053,2017-10-22 19:42:59,2017-10-22 20:51:17,10,8701,3720.8948,0.42764,12711.034034,4162.264949,FALSE,NA,NA,NA,NA,NA,NA,TRUE
"1892","A69-1602-3027",1892,"Noordzeekanaal","Willem 2 sluis 2","VR2W-130587",52.383677,4.907053,2017-11-02 17:31:43,2017-11-02 18:03:36,6,NA,NA,NA,12711.034034,4162.264949,FALSE,NA,NA,NA,NA,NA,NA,TRUE
"1893","A69-1602-3027",1893,"Noordzeekanaal","Willem 2 sluis 2","VR2W-130587",52.383677,4.907053,2017-11-03 17:02:29,2017-11-03 17:15:08,3,NA,NA,NA,12711.034034,4162.264949,FALSE,NA,NA,NA,NA,NA,NA,TRUE
"1894","A69-1602-3027",1894,"Noordzeekanaal","Willem 2 sluis 2","VR2W-130587",52.383677,4.907053,2017-11-04 18:19:48,2017-11-04 18:31:40,4,NA,NA,NA,12711.034034,4162.264949,FALSE,NA,NA,NA,NA,NA,NA,TRUE
"1895","A69-1602-3027",1895,"Noordzeekanaal","Willem 2 sluis 2","VR2W-130587",52.383677,4.907053,2017-11-05 17:17:10,2017-11-05 17:48:01,5,NA,NA,NA,12711.034034,4162.264949,FALSE,NA,NA,NA,NA,NA,NA,TRUE
"1896","A69-1602-3027",1896,"Noordzeekanaal","Willem 2 sluis 2","VR2W-130587",52.383677,4.907053,2017-11-05 23:58:21,2017-11-06 00:41:53,8,NA,NA,NA,12711.034034,4162.264949,FALSE,NA,NA,NA,NA,NA,NA,TRUE
"1897","A69-1602-3027",1897,"Noordzeekanaal","Willem 2 sluis 2","VR2W-130587",52.383677,4.907053,2017-11-06 20:35:04,2017-11-06 21:11:35,3,NA,NA,NA,12711.034034,4162.264949,FALSE,NA,NA,NA,NA,NA,NA,TRUE
"1898","A69-1602-3027",1898,"Noordzeekanaal","Willem 2 sluis 2","VR2W-130587",52.383677,4.907053,2017-11-08 18:03:20,2017-11-08 18:28:22,6,NA,NA,NA,12711.034034,4162.264949,FALSE,NA,NA,NA,NA,NA,NA,TRUE
"1899","A69-1602-3027",1899,"Noordzeekanaal","Willem 2 sluis 2","VR2W-130587",52.383677,4.907053,2017-11-09 01:04:25,2017-11-09 01:39:26,15,NA,NA,NA,12711.034034,4162.264949,FALSE,NA,NA,NA,NA,NA,NA,TRUE
"1900","A69-1602-3027",1900,"Noordzeekanaal","Willem 2 sluis 2","VR2W-130587",52.383677,4.907053,2017-11-09 21:41:54,2017-11-09 22:03:46,2,NA,NA,NA,12711.034034,4162.264949,FALSE,NA,NA,NA,NA,NA,NA,TRUE
"1901","A69-1602-3027",1901,"Noordzeekanaal","Willem 2 sluis 2","VR2W-130587",52.383677,4.907053,2017-11-09 23:18:15,2017-11-09 23:41:52,11,NA,NA,NA,12711.034034,4162.264949,FALSE,NA,NA,NA,NA,NA,NA,TRUE
"1902","A69-1602-3027",1902,"Noordzeekanaal","Willem 2 sluis 2","VR2W-130587",52.383677,4.907053,2017-11-10 01:04:03,2017-11-10 01:04:03,1,NA,NA,NA,12711.034034,4162.264949,FALSE,NA,NA,NA,NA,NA,NA,TRUE
"1903","A69-1602-3027",1903,"Noordzeekanaal","Willem 2 sluis 2","VR2W-130587",52.383677,4.907053,2017-11-10 16:48:54,2017-11-10 17:16:10,3,NA,NA,NA,12711.034034,4162.264949,FALSE,NA,NA,NA,NA,NA,NA,TRUE
"1904","A69-1602-3027",1904,"Noordzeekanaal","Willem 2 sluis 2","VR2W-130587",52.383677,4.907053,2017-11-10 19:35:21,2017-11-10 20:23:24,5,NA,NA,NA,12711.034034,4162.264949,FALSE,NA,NA,NA,NA,NA,NA,TRUE
"1905","A69-1602-3027",1905,"Noordzeekanaal","Willem 2 sluis 2","VR2W-130587",52.383677,4.907053,2017-11-10 21:33:37,2017-11-10 21:33:37,1,NA,NA,NA,12711.034034,4162.264949,FALSE,NA,NA,NA,NA,NA,NA,TRUE
"1906","A69-1602-3027",1906,"Noordzeekanaal","Willem 2 sluis 2","VR2W-130587",52.383677,4.907053,2017-11-10 23:06:48,2017-11-10 23:29:54,4,NA,NA,NA,12711.034034,4162.264949,FALSE,NA,NA,NA,NA,NA,NA,TRUE
"1907","A69-1602-3027",1907,"Noordzeekanaal","Willem 2 sluis 2","VR2W-130587",52.383677,4.907053,2017-11-11 01:11:08,2017-11-11 01:33:00,8,NA,NA,NA,12711.034034,4162.264949,FALSE,NA,NA,NA,NA,NA,NA,TRUE
"1908","A69-1602-3027",1908,"Noordzeekanaal","Willem 2 sluis 2","VR2W-130587",52.383677,4.907053,2017-11-11 02:34:21,2017-11-11 02:35:49,3,NA,NA,NA,12711.034034,4162.264949,FALSE,NA,NA,NA,NA,NA,NA,TRUE
"1909","A69-1602-3027",1909,"Noordzeekanaal","Willem 2 sluis 2","VR2W-130587",52.383677,4.907053,2017-11-15 18:00:13,2017-11-15 19:27:30,12,NA,NA,NA,12711.034034,4162.264949,FALSE,NA,NA,NA,NA,NA,NA,TRUE
"1910","A69-1602-3027",1910,"Noordzeekanaal","Willem 2 sluis 2","VR2W-130587",52.383677,4.907053,2017-11-19 04:33:42,2017-11-19 04:53:50,5,NA,NA,NA,12711.034034,4162.264949,FALSE,NA,NA,NA,NA,NA,NA,TRUE
"1911","A69-1602-3027",1911,"Noordzeekanaal","Willem 2 sluis 2","VR2W-130587",52.383677,4.907053,2017-11-19 19:26:24,2017-11-19 22:08:30,32,NA,NA,NA,12711.034034,4162.264949,FALSE,NA,NA,NA,NA,NA,NA,TRUE
"1912","A69-1602-3027",1912,"Noordzeekanaal","Willem 2 sluis 2","VR2W-130587",52.383677,4.907053,2017-11-21 17:40:14,2017-11-21 17:40:14,1,NA,NA,NA,12711.034034,4162.264949,FALSE,NA,NA,NA,NA,NA,NA,TRUE
"1913","A69-1602-3027",1913,"Noordzeekanaal","Willem 2 sluis 2","VR2W-130587",52.383677,4.907053,2017-11-21 18:58:30,2017-11-22 04:45:04,463,NA,NA,NA,12711.034034,4162.264949,FALSE,NA,NA,NA,NA,NA,NA,TRUE
"1914","A69-1602-3027",1914,"Noordzeekanaal","Willem 2 sluis 2","VR2W-130587",52.383677,4.907053,2017-11-22 11:33:56,2017-11-22 11:33:56,1,NA,NA,NA,12711.034034,4162.264949,FALSE,NA,NA,NA,NA,NA,NA,TRUE
"1915","A69-1602-3027",1915,"Noordzeekanaal","Willem 2 sluis 2","VR2W-130587",52.383677,4.907053,2017-11-22 15:51:21,2017-11-22 21:38:38,187,NA,NA,NA,12711.034034,4162.264949,FALSE,NA,NA,NA,NA,NA,NA,TRUE
"1916","A69-1602-3027",1916,"Noordzeekanaal","Willem 2 sluis 2","VR2W-130587",52.383677,4.907053,2017-11-22 23:15:58,2017-11-23 02:35:00,37,NA,NA,NA,12711.034034,4162.264949,FALSE,NA,NA,NA,NA,NA,NA,TRUE
"1917","A69-1602-3027",1917,"Noordzeekanaal","Willem 2 sluis 2","VR2W-130587",52.383677,4.907053,2017-11-23 03:37:35,2017-11-23 03:37:35,1,NA,NA,NA,12711.034034,4162.264949,FALSE,NA,NA,NA,NA,NA,NA,TRUE
"1918","A69-1602-3027",1918,"Noordzeekanaal","Willem 2 sluis 2","VR2W-130587",52.383677,4.907053,2017-11-23 04:40:16,2017-11-23 08:05:26,18,NA,NA,NA,12711.034034,4162.264949,FALSE,NA,NA,NA,NA,NA,NA,TRUE
"1919","A69-1602-3027",1919,"Noordzeekanaal","Willem 2 sluis 2","VR2W-130587",52.383677,4.907053,2017-11-23 10:16:46,2017-11-23 10:16:46,1,NA,NA,NA,12711.034034,4162.264949,FALSE,NA,NA,NA,NA,NA,NA,TRUE
"1920","A69-1602-3027",1920,"Noordzeekanaal","Willem 2 sluis 2","VR2W-130587",52.383677,4.907053,2017-11-23 13:20:26,2017-11-23 14:50:25,10,NA,NA,NA,12711.034034,4162.264949,FALSE,NA,NA,NA,NA,NA,NA,TRUE
"1921","A69-1602-3027",1921,"Noordzeekanaal","Willem 2 sluis 2","VR2W-130587",52.383677,4.907053,2017-11-23 16:03:33,2017-11-23 20:10:34,15,NA,NA,NA,12711.034034,4162.264949,FALSE,NA,NA,NA,NA,NA,NA,TRUE
"1922","A69-1602-3027",1922,"Noordzeekanaal","Willem 2 sluis 2","VR2W-130587",52.383677,4.907053,2017-11-23 22:19:10,2017-11-23 23:16:09,2,NA,NA,NA,12711.034034,4162.264949,FALSE,NA,NA,NA,NA,NA,NA,TRUE
"1923","A69-1602-3027",1923,"Noordzeekanaal","Willem 2 sluis 2","VR2W-130587",52.383677,4.907053,2017-11-24 04:41:43,2017-11-24 06:11:14,5,NA,NA,NA,12711.034034,4162.264949,FALSE,NA,NA,NA,NA,NA,NA,TRUE
"1924","A69-1602-3027",1924,"Noordzeekanaal","Willem 2 sluis 2","VR2W-130587",52.383677,4.907053,2017-11-24 08:42:07,2017-11-24 08:42:07,1,NA,NA,NA,12711.034034,4162.264949,FALSE,NA,NA,NA,NA,NA,NA,TRUE
"1925","A69-1602-3027",1925,"Noordzeekanaal","Willem 2 sluis 2","VR2W-130587",52.383677,4.907053,2017-11-24 11:40:44,2017-11-24 11:58:52,2,NA,NA,NA,12711.034034,4162.264949,FALSE,NA,NA,NA,NA,NA,NA,TRUE
"1926","A69-1602-3027",1926,"Noordzeekanaal","Willem 2 sluis 2","VR2W-130587",52.383677,4.907053,2017-11-24 13:27:27,2017-11-24 14:01:50,14,NA,NA,NA,12711.034034,4162.264949,FALSE,NA,NA,NA,NA,NA,NA,TRUE
"1927","A69-1602-3027",1927,"Noordzeekanaal","Willem 2 sluis 2","VR2W-130587",52.383677,4.907053,2017-11-24 15:19:11,2017-11-25 10:16:52,557,NA,NA,NA,12711.034034,4162.264949,FALSE,NA,NA,NA,NA,NA,NA,TRUE
"1928","A69-1602-3027",1928,"Noordzeekanaal","Willem 2 sluis 2","VR2W-130587",52.383677,4.907053,2017-11-25 12:00:48,2017-11-25 12:05:49,3,NA,NA,NA,12711.034034,4162.264949,FALSE,NA,NA,NA,NA,NA,NA,TRUE
"1929","A69-1602-3027",1929,"Noordzeekanaal","Willem 2 sluis 2","VR2W-130587",52.383677,4.907053,2017-11-25 13:24:13,2017-11-25 13:27:16,2,NA,NA,NA,12711.034034,4162.264949,FALSE,NA,NA,NA,NA,NA,NA,TRUE
"1930","A69-1602-3027",1930,"Noordzeekanaal","Willem 2 sluis 2","VR2W-130587",52.383677,4.907053,2017-11-25 14:40:47,2017-11-25 14:40:47,1,NA,NA,NA,12711.034034,4162.264949,FALSE,NA,NA,NA,NA,NA,NA,TRUE
"1931","A69-1602-3027",1931,"Noordzeekanaal","Willem 2 sluis 2","VR2W-130587",52.383677,4.907053,2017-11-25 17:46:27,2017-11-25 18:45:22,4,NA,NA,NA,12711.034034,4162.264949,FALSE,NA,NA,NA,NA,NA,NA,TRUE
"1932","A69-1602-3027",1932,"Noordzeekanaal","Willem 2 sluis 2","VR2W-130587",52.383677,4.907053,2017-11-25 19:49:32,2017-11-25 20:43:51,2,NA,NA,NA,12711.034034,4162.264949,FALSE,NA,NA,NA,NA,NA,NA,TRUE
"1933","A69-1602-3027",1933,"Noordzeekanaal","Willem 2 sluis 2","VR2W-130587",52.383677,4.907053,2017-11-25 22:19:15,2017-11-27 08:31:56,1431,NA,NA,NA,12711.034034,4162.264949,FALSE,NA,NA,NA,NA,NA,NA,TRUE
"1934","A69-1602-3027",1934,"Noordzeekanaal","Willem 2 sluis 2","VR2W-130587",52.383677,4.907053,2017-11-27 09:41:09,2017-11-28 14:31:25,1109,NA,NA,NA,12711.034034,4162.264949,FALSE,NA,NA,NA,NA,NA,NA,TRUE
"1935","A69-1602-3027",1935,"Noordzeekanaal","Willem 2 sluis 2","VR2W-130587",52.383677,4.907053,2017-11-28 18:53:23,2017-11-28 18:53:23,1,NA,NA,NA,12711.034034,4162.264949,FALSE,NA,NA,NA,NA,NA,NA,TRUE
"1936","A69-1602-3027",1936,"Noordzeekanaal","Willem 2 sluis 2","VR2W-130587",52.383677,4.907053,2017-11-28 23:39:20,2017-11-28 23:44:03,4,NA,NA,NA,12711.034034,4162.264949,FALSE,NA,NA,NA,NA,NA,NA,TRUE
"1937","A69-1602-3027",1937,"Noordzeekanaal","Willem 2 sluis 2","VR2W-130587",52.383677,4.907053,2017-11-29 02:42:49,2017-11-29 06:17:52,60,NA,NA,NA,12711.034034,4162.264949,FALSE,NA,NA,NA,NA,NA,NA,TRUE
"1938","A69-1602-3027",1938,"Noordzeekanaal","Willem 2 sluis 2","VR2W-130587",52.383677,4.907053,2017-11-29 07:27:54,2017-11-29 07:46:04,2,NA,NA,NA,12711.034034,4162.264949,FALSE,NA,NA,NA,NA,NA,NA,TRUE
"1939","A69-1602-3027",1939,"Noordzeekanaal","Willem 2 sluis 2","VR2W-130587",52.383677,4.907053,2017-11-29 08:48:08,2017-11-29 15:34:05,193,NA,NA,NA,12711.034034,4162.264949,FALSE,NA,NA,NA,NA,NA,NA,TRUE
"1940","A69-1602-3027",1940,"Noordzeekanaal","Willem 2 sluis 2","VR2W-130587",52.383677,4.907053,2017-11-30 11:01:51,2017-11-30 11:01:51,1,NA,NA,NA,12711.034034,4162.264949,FALSE,NA,NA,NA,NA,NA,NA,TRUE
"1941","A69-1602-3027",1941,"Noordzeekanaal","Willem 2 sluis 2","VR2W-130587",52.383677,4.907053,2017-11-30 16:43:58,2017-11-30 20:23:53,183,NA,NA,NA,12711.034034,4162.264949,FALSE,NA,NA,NA,NA,NA,NA,TRUE
"1942","A69-1602-3027",1942,"Noordzeekanaal","Willem 2 sluis 2","VR2W-130587",52.383677,4.907053,2017-11-30 22:32:45,2017-11-30 22:32:45,1,NA,NA,NA,12711.034034,4162.264949,FALSE,NA,NA,NA,NA,NA,NA,TRUE
"1943","A69-1602-3027",1943,"Noordzeekanaal","Willem 2 sluis 2","VR2W-130587",52.383677,4.907053,2017-12-01 00:39:15,2017-12-01 02:09:06,15,NA,NA,NA,12711.034034,4162.264949,FALSE,NA,NA,NA,NA,NA,NA,TRUE
"1944","A69-1602-3027",1944,"Noordzeekanaal","Willem 2 sluis 2","VR2W-130587",52.383677,4.907053,2017-12-01 08:33:06,2017-12-01 15:03:59,211,NA,NA,NA,12711.034034,4162.264949,FALSE,NA,NA,NA,NA,NA,NA,TRUE
"1945","A69-1602-3027",1945,"Noordzeekanaal","Willem 2 sluis 2","VR2W-130587",52.383677,4.907053,2017-12-02 02:09:46,2017-12-02 13:33:12,348,NA,NA,NA,12711.034034,4162.264949,NA,NA,NA,NA,NA,NA,NA,TRUE
"1946","A69-1602-3028",1946,"Noordzeekanaal","rel_noordzeekanaal3","none",52.411463,4.911775,2017-10-11 15:45:00,2017-10-11 16:20:49,26,NA,NA,NA,0,0,FALSE,1631.181273,2,2017-11-24 05:13:29,1631.181273,3763709,0.000433397287888091,FALSE
"1947","A69-1602-3028",1947,"Noordzeekanaal","Kadoelen 5","VR2W-130998",52.411317,4.9304,2017-11-24 05:13:29,2017-11-24 05:42:50,18,3761560,1631.181273,0.000434,1631.181273,1631.181273,TRUE,4162.264949,3,2017-11-24 08:21:31,2531.083676,11282,0.224347072859422,TRUE
"1948","A69-1602-3028",1948,"Noordzeekanaal","Willem 2 sluis 2","VR2W-130587",52.383677,4.907053,2017-11-24 08:21:31,2017-11-24 08:21:31,1,9521,3720.8948,0.390809,5352.076073,4162.264949,FALSE,NA,NA,NA,NA,NA,NA,TRUE
"1949","A69-1602-3028",1949,"Noordzeekanaal","Willem 2 sluis 2","VR2W-130587",52.383677,4.907053,2017-11-24 15:48:41,2017-11-24 16:55:55,4,NA,NA,NA,5352.076073,4162.264949,FALSE,NA,NA,NA,NA,NA,NA,TRUE
"1950","A69-1602-3028",1950,"Noordzeekanaal","Willem 2 sluis 2","VR2W-130587",52.383677,4.907053,2017-11-24 18:15:08,2017-11-24 20:03:06,8,NA,NA,NA,5352.076073,4162.264949,FALSE,NA,NA,NA,NA,NA,NA,TRUE
"1951","A69-1602-3028",1951,"Noordzeekanaal","Willem 2 sluis 2","VR2W-130587",52.383677,4.907053,2017-11-24 21:47:33,2017-11-24 22:09:35,2,NA,NA,NA,5352.076073,4162.264949,FALSE,NA,NA,NA,NA,NA,NA,TRUE
"1952","A69-1602-3028",1952,"Noordzeekanaal","Willem 2 sluis 2","VR2W-130587",52.383677,4.907053,2017-11-25 00:14:56,2017-11-25 01:17:21,4,NA,NA,NA,5352.076073,4162.264949,FALSE,NA,NA,NA,NA,NA,NA,TRUE
"1953","A69-1602-3028",1953,"Noordzeekanaal","Willem 2 sluis 2","VR2W-130587",52.383677,4.907053,2017-11-25 16:54:05,2017-11-25 16:55:20,2,NA,NA,NA,5352.076073,4162.264949,FALSE,NA,NA,NA,NA,NA,NA,TRUE
"1954","A69-1602-3028",1954,"Noordzeekanaal","Willem 2 sluis 2","VR2W-130587",52.383677,4.907053,2017-11-27 16:27:34,2017-11-27 16:35:41,2,NA,NA,NA,5352.076073,4162.264949,FALSE,NA,NA,NA,NA,NA,NA,TRUE
"1955","A69-1602-3028",1955,"Noordzeekanaal","Willem 2 sluis 2","VR2W-130587",52.383677,4.907053,2017-12-01 07:37:01,2017-12-01 07:37:01,1,NA,NA,NA,5352.076073,4162.264949,NA,NA,NA,NA,NA,NA,NA,TRUE
"1956","A69-1602-3029",1956,"Noordzeekanaal","rel_noordzeekanaal3","none",52.411463,4.911775,2017-10-11 15:45:00,2017-10-11 16:03:38,6,NA,NA,NA,0,0,FALSE,1631.181273,3,2017-10-18 04:57:34,1631.181273,565954,0.00288217995278768,FALSE
"1957","A69-1602-3029",1957,"Noordzeekanaal","Kadoelen 2","VR2W-131002",52.417517,4.913867,2017-10-11 17:37:13,2017-10-11 18:36:52,57,5615,741.337281,0.132028,741.337281,741.337281,FALSE,4162.264949,4,2017-10-18 17:14:38,3420.927668,603445,0.00566899662438168,FALSE
"1958","A69-1602-3029",1958,"Noordzeekanaal","Kadoelen 5","VR2W-130998",52.411317,4.9304,2017-10-18 04:57:34,2017-10-18 05:07:16,12,555642,1489.776242,0.002681,2231.113523,1631.181273,TRUE,4162.264949,4,2017-10-18 17:14:38,2531.083676,44224,0.0572332596780029,TRUE
"1959","A69-1602-3029",1959,"Noordzeekanaal","Willem 2 sluis 2","VR2W-130587",52.383677,4.907053,2017-10-18 17:14:38,2017-10-18 18:25:47,4,43642,3720.8948,0.085259,5952.008323,4162.264949,FALSE,NA,NA,NA,NA,NA,NA,TRUE
"1960","A69-1602-3029",1960,"Noordzeekanaal","Willem 2 sluis 2","VR2W-130587",52.383677,4.907053,2017-10-18 19:59:47,2017-10-19 00:13:30,50,NA,NA,NA,5952.008323,4162.264949,FALSE,NA,NA,NA,NA,NA,NA,TRUE
"1961","A69-1602-3029",1961,"Noordzeekanaal","Willem 2 sluis 2","VR2W-130587",52.383677,4.907053,2017-10-20 03:43:52,2017-10-20 04:11:33,12,NA,NA,NA,5952.008323,4162.264949,FALSE,NA,NA,NA,NA,NA,NA,TRUE
"1962","A69-1602-3029",1962,"Noordzeekanaal","Willem 2 sluis 2","VR2W-130587",52.383677,4.907053,2017-10-25 18:04:27,2017-10-25 18:05:14,2,NA,NA,NA,5952.008323,4162.264949,FALSE,NA,NA,NA,NA,NA,NA,TRUE
"1963","A69-1602-3029",1963,"Noordzeekanaal","Willem 2 sluis 2","VR2W-130587",52.383677,4.907053,2017-10-26 17:05:31,2017-10-26 17:11:08,5,NA,NA,NA,5952.008323,4162.264949,FALSE,NA,NA,NA,NA,NA,NA,TRUE
"1964","A69-1602-3029",1964,"Noordzeekanaal","Willem 2 sluis 2","VR2W-130587",52.383677,4.907053,2017-10-27 16:32:33,2017-10-27 16:54:40,3,NA,NA,NA,5952.008323,4162.264949,FALSE,NA,NA,NA,NA,NA,NA,TRUE
"1965","A69-1602-3029",1965,"Noordzeekanaal","Kadoelen 5","VR2W-130998",52.411317,4.9304,2017-10-28 16:33:57,2017-10-28 16:50:57,24,85157,3720.8948,0.043695,9672.903123,1631.181273,FALSE,NA,NA,NA,NA,NA,NA,TRUE
"1966","A69-1602-3029",1966,"Noordzeekanaal","Kadoelen 5","VR2W-130998",52.411317,4.9304,2017-11-10 00:48:44,2017-11-10 01:34:57,34,NA,NA,NA,9672.903123,1631.181273,NA,NA,NA,NA,NA,NA,NA,TRUE
"1967","A69-1602-3030",1967,"Noordzeekanaal","rel_noordzeekanaal3","none",52.411463,4.911775,2017-10-11 15:45:00,2017-10-11 15:45:00,1,NA,NA,NA,0,0,FALSE,1631.181273,24,2017-10-20 19:23:28,1631.181273,790708,0.00206293761160884,FALSE
"1968","A69-1602-3030",1968,"Noordzeekanaal","Kadoelen 2","VR2W-130585",52.408992,4.909988,2017-10-11 18:13:17,2017-10-12 03:01:02,256,8897,741.337281,0.083324,741.337281,741.337281,FALSE,NA,NA,NA,NA,NA,NA,FALSE
"1969","A69-1602-3030",1969,"Noordzeekanaal","Kadoelen 3","VR2W-131979",52.41495,4.918467,2017-10-12 04:52:49,2017-10-12 06:21:57,48,6707,424.215094,0.06325,1165.552375,565.620125,FALSE,1631.181273,24,2017-10-20 19:23:28,1065.561148,743439,0.00143328658840873,FALSE
"1970","A69-1602-3030",1970,"Noordzeekanaal","Kadoelen 3","VR2W-131979",52.41495,4.918467,2017-10-12 17:14:29,2017-10-12 17:27:45,20,NA,NA,NA,1165.552375,565.620125,FALSE,1631.181273,24,2017-10-20 19:23:28,1065.561148,698939,0.00152454097997107,FALSE
"1971","A69-1602-3030",1971,"Noordzeekanaal","Kadoelen 3","VR2W-131979",52.41495,4.918467,2017-10-12 18:28:17,2017-10-12 21:09:24,66,NA,NA,NA,1165.552375,565.620125,FALSE,1631.181273,24,2017-10-20 19:23:28,1065.561148,694511,0.00153426100954484,FALSE
"1972","A69-1602-3030",1972,"Noordzeekanaal","Kadoelen 3","VR2W-131979",52.41495,4.918467,2017-10-12 23:54:14,2017-10-13 03:29:17,183,NA,NA,NA,1165.552375,565.620125,FALSE,1631.181273,24,2017-10-20 19:23:28,1065.561148,674954,0.00157871669476735,FALSE
"1973","A69-1602-3030",1973,"Noordzeekanaal","Kadoelen 3","VR2W-131979",52.41495,4.918467,2017-10-13 05:11:30,2017-10-13 05:48:10,8,NA,NA,NA,1165.552375,565.620125,FALSE,1631.181273,24,2017-10-20 19:23:28,1065.561148,655918,0.00162453408505331,FALSE
"1974","A69-1602-3030",1974,"Noordzeekanaal","Kadoelen 3","VR2W-131979",52.41495,4.918467,2017-10-13 16:55:09,2017-10-13 18:56:03,131,NA,NA,NA,1165.552375,565.620125,FALSE,1631.181273,24,2017-10-20 19:23:28,1065.561148,613699,0.00173629278848426,FALSE
"1975","A69-1602-3030",1975,"Noordzeekanaal","Kadoelen 3","VR2W-131979",52.41495,4.918467,2017-10-13 20:27:32,2017-10-14 05:02:31,257,NA,NA,NA,1165.552375,565.620125,FALSE,1631.181273,24,2017-10-20 19:23:28,1065.561148,600956,0.0017731100912546,FALSE
"1976","A69-1602-3030",1976,"Noordzeekanaal","Kadoelen 3","VR2W-131979",52.41495,4.918467,2017-10-14 06:43:10,2017-10-14 06:43:10,1,NA,NA,NA,1165.552375,565.620125,FALSE,1631.181273,24,2017-10-20 19:23:28,1065.561148,564018,0.00188923252094791,FALSE
"1977","A69-1602-3030",1977,"Noordzeekanaal","Kadoelen 3","VR2W-131979",52.41495,4.918467,2017-10-14 22:50:23,2017-10-14 22:50:23,1,NA,NA,NA,1165.552375,565.620125,FALSE,1631.181273,24,2017-10-20 19:23:28,1065.561148,505985,0.00210591449944168,FALSE
"1978","A69-1602-3030",1978,"Noordzeekanaal","Kadoelen 3","VR2W-131979",52.41495,4.918467,2017-10-15 00:35:28,2017-10-15 05:46:01,331,NA,NA,NA,1165.552375,565.620125,FALSE,1631.181273,24,2017-10-20 19:23:28,1065.561148,499680,0.00213248708773615,FALSE
"1979","A69-1602-3030",1979,"Noordzeekanaal","Kadoelen 3","VR2W-131979",52.41495,4.918467,2017-10-15 20:36:31,2017-10-15 21:25:30,5,NA,NA,NA,1165.552375,565.620125,FALSE,1631.181273,24,2017-10-20 19:23:28,1065.561148,427617,0.00249185871469095,FALSE
"1980","A69-1602-3030",1980,"Noordzeekanaal","Kadoelen 3","VR2W-131979",52.41495,4.918467,2017-10-16 01:05:25,2017-10-16 01:05:25,1,NA,NA,NA,1165.552375,565.620125,FALSE,1631.181273,24,2017-10-20 19:23:28,1065.561148,411483,0.00258956299045161,FALSE
"1981","A69-1602-3030",1981,"Noordzeekanaal","Kadoelen 3","VR2W-131979",52.41495,4.918467,2017-10-16 03:28:23,2017-10-16 05:51:53,114,NA,NA,NA,1165.552375,565.620125,FALSE,1631.181273,24,2017-10-20 19:23:28,1065.561148,402905,0.00264469576699222,FALSE
"1982","A69-1602-3030",1982,"Noordzeekanaal","Kadoelen 3","VR2W-131979",52.41495,4.918467,2017-10-16 21:07:19,2017-10-17 02:29:53,248,NA,NA,NA,1165.552375,565.620125,FALSE,1631.181273,24,2017-10-20 19:23:28,1065.561148,339369,0.00313983053254717,FALSE
"1983","A69-1602-3030",1983,"Noordzeekanaal","Kadoelen 3","VR2W-131979",52.41495,4.918467,2017-10-17 14:24:44,2017-10-17 14:24:44,1,NA,NA,NA,1165.552375,565.620125,FALSE,1631.181273,24,2017-10-20 19:23:28,1065.561148,277124,0.00384506988929144,FALSE
"1984","A69-1602-3030",1984,"Noordzeekanaal","Kadoelen 3","VR2W-131979",52.41495,4.918467,2017-10-17 17:25:44,2017-10-17 17:27:14,2,NA,NA,NA,1165.552375,565.620125,FALSE,1631.181273,24,2017-10-20 19:23:28,1065.561148,266264,0.00400189716972629,FALSE
"1985","A69-1602-3030",1985,"Noordzeekanaal","Kadoelen 3","VR2W-131979",52.41495,4.918467,2017-10-17 18:47:47,2017-10-17 23:08:41,149,NA,NA,NA,1165.552375,565.620125,FALSE,1631.181273,24,2017-10-20 19:23:28,1065.561148,261341,0.00407728273787886,FALSE
"1986","A69-1602-3030",1986,"Noordzeekanaal","Kadoelen 3","VR2W-131979",52.41495,4.918467,2017-10-18 07:35:18,2017-10-18 07:51:39,5,NA,NA,NA,1165.552375,565.620125,FALSE,1631.181273,24,2017-10-20 19:23:28,1065.561148,215290,0.00494942239769613,FALSE
"1987","A69-1602-3030",1987,"Noordzeekanaal","Kadoelen 3","VR2W-131979",52.41495,4.918467,2017-10-18 18:44:29,2017-10-19 01:44:15,463,NA,NA,NA,1165.552375,565.620125,FALSE,1631.181273,24,2017-10-20 19:23:28,1065.561148,175139,0.00608408834126037,FALSE
"1988","A69-1602-3030",1988,"Noordzeekanaal","Kadoelen 3","VR2W-131979",52.41495,4.918467,2017-10-20 00:16:12,2017-10-20 05:15:16,138,NA,NA,NA,1165.552375,565.620125,FALSE,1631.181273,24,2017-10-20 19:23:28,1065.561148,68836,0.015479707536754,FALSE
"1989","A69-1602-3030",1989,"Noordzeekanaal","Kadoelen 3","VR2W-131979",52.41495,4.918467,2017-10-20 17:24:11,2017-10-20 18:59:56,76,NA,NA,NA,1165.552375,565.620125,TRUE,1631.181273,24,2017-10-20 19:23:28,1065.561148,7157,0.14888377085371,TRUE
"1990","A69-1602-3030",1990,"Noordzeekanaal","Kadoelen 5","VR2W-130998",52.411317,4.9304,2017-10-20 19:23:28,2017-10-20 20:01:36,26,1412,1065.561148,0.754647,2231.113523,1631.181273,FALSE,4162.264949,29,2017-10-22 04:25:30,2531.083676,118922,0.0212835612922756,TRUE
"1991","A69-1602-3030",1991,"Noordzeekanaal","Kadoelen 5","VR2W-130998",52.411317,4.9304,2017-10-20 21:46:03,2017-10-20 22:33:25,23,NA,NA,NA,2231.113523,1631.181273,FALSE,4162.264949,29,2017-10-22 04:25:30,2531.083676,110367,0.0229333376462167,TRUE
"1992","A69-1602-3030",1992,"Noordzeekanaal","Kadoelen 5","VR2W-130998",52.411317,4.9304,2017-10-21 00:07:27,2017-10-21 00:31:48,14,NA,NA,NA,2231.113523,1631.181273,FALSE,4162.264949,29,2017-10-22 04:25:30,2531.083676,101883,0.0248430422739809,TRUE
"1993","A69-1602-3030",1993,"Noordzeekanaal","Kadoelen 5","VR2W-130998",52.411317,4.9304,2017-10-21 03:34:09,2017-10-21 03:34:09,1,NA,NA,NA,2231.113523,1631.181273,FALSE,4162.264949,29,2017-10-22 04:25:30,2531.083676,89481,0.028286269442675,TRUE
"1994","A69-1602-3030",1994,"Noordzeekanaal","Kadoelen 5","VR2W-130998",52.411317,4.9304,2017-10-21 17:47:04,2017-10-21 19:15:08,35,NA,NA,NA,2231.113523,1631.181273,TRUE,4162.264949,29,2017-10-22 04:25:30,2531.083676,38306,0.0660753844306375,TRUE
"1995","A69-1602-3030",1995,"Noordzeekanaal","Willem 2 sluis 2","VR2W-130587",52.383677,4.907053,2017-10-22 04:25:30,2017-10-22 04:25:30,1,33022,3720.8948,0.112679,5952.008323,4162.264949,FALSE,NA,NA,NA,NA,NA,NA,TRUE
"1996","A69-1602-3030",1996,"Noordzeekanaal","Willem 2 sluis 2","VR2W-130587",52.383677,4.907053,2017-10-23 22:46:47,2017-10-24 00:48:38,10,NA,NA,NA,5952.008323,4162.264949,FALSE,NA,NA,NA,NA,NA,NA,TRUE
"1997","A69-1602-3030",1997,"Noordzeekanaal","Willem 2 sluis 2","VR2W-130587",52.383677,4.907053,2017-10-24 02:23:26,2017-10-24 04:09:42,16,NA,NA,NA,5952.008323,4162.264949,FALSE,NA,NA,NA,NA,NA,NA,TRUE
"1998","A69-1602-3030",1998,"Noordzeekanaal","Willem 2 sluis 2","VR2W-130587",52.383677,4.907053,2017-10-24 06:32:20,2017-10-24 06:34:10,3,NA,NA,NA,5952.008323,4162.264949,FALSE,NA,NA,NA,NA,NA,NA,TRUE
"1999","A69-1602-3030",1999,"Noordzeekanaal","Willem 2 sluis 2","VR2W-130587",52.383677,4.907053,2017-10-27 18:14:33,2017-10-27 18:25:33,3,NA,NA,NA,5952.008323,4162.264949,FALSE,NA,NA,NA,NA,NA,NA,TRUE
"2000","A69-1602-3030",2000,"Noordzeekanaal","Willem 2 sluis 2","VR2W-130587",52.383677,4.907053,2017-10-30 19:22:09,2017-10-30 19:55:27,8,NA,NA,NA,5952.008323,4162.264949,FALSE,NA,NA,NA,NA,NA,NA,TRUE
"2001","A69-1602-3030",2001,"Noordzeekanaal","Willem 2 sluis 2","VR2W-130587",52.383677,4.907053,2017-10-31 04:08:58,2017-10-31 04:11:53,2,NA,NA,NA,5952.008323,4162.264949,FALSE,NA,NA,NA,NA,NA,NA,TRUE
"2002","A69-1602-3030",2002,"Noordzeekanaal","Willem 2 sluis 2","VR2W-130587",52.383677,4.907053,2017-10-31 21:37:57,2017-10-31 21:37:57,1,NA,NA,NA,5952.008323,4162.264949,FALSE,NA,NA,NA,NA,NA,NA,TRUE
"2003","A69-1602-3030",2003,"Noordzeekanaal","Willem 2 sluis 2","VR2W-130587",52.383677,4.907053,2017-11-01 00:15:11,2017-11-01 00:58:57,10,NA,NA,NA,5952.008323,4162.264949,FALSE,NA,NA,NA,NA,NA,NA,TRUE
"2004","A69-1602-3030",2004,"Noordzeekanaal","Willem 2 sluis 2","VR2W-130587",52.383677,4.907053,2017-11-02 19:52:01,2017-11-02 21:58:15,9,NA,NA,NA,5952.008323,4162.264949,FALSE,NA,NA,NA,NA,NA,NA,TRUE
"2005","A69-1602-3030",2005,"Noordzeekanaal","Willem 2 sluis 2","VR2W-130587",52.383677,4.907053,2017-11-03 01:40:27,2017-11-03 01:41:59,3,NA,NA,NA,5952.008323,4162.264949,FALSE,NA,NA,NA,NA,NA,NA,TRUE
"2006","A69-1602-3030",2006,"Noordzeekanaal","Willem 2 sluis 2","VR2W-130587",52.383677,4.907053,2017-11-03 10:31:46,2017-11-03 12:35:19,33,NA,NA,NA,5952.008323,4162.264949,FALSE,NA,NA,NA,NA,NA,NA,TRUE
"2007","A69-1602-3030",2007,"Noordzeekanaal","Willem 2 sluis 2","VR2W-130587",52.383677,4.907053,2017-11-03 13:44:22,2017-11-03 17:13:59,20,NA,NA,NA,5952.008323,4162.264949,FALSE,NA,NA,NA,NA,NA,NA,TRUE
"2008","A69-1602-3030",2008,"Noordzeekanaal","Willem 2 sluis 2","VR2W-130587",52.383677,4.907053,2017-11-03 18:27:30,2017-11-03 23:47:59,44,NA,NA,NA,5952.008323,4162.264949,FALSE,NA,NA,NA,NA,NA,NA,TRUE
"2009","A69-1602-3030",2009,"Noordzeekanaal","Willem 2 sluis 2","VR2W-130587",52.383677,4.907053,2017-11-06 19:02:28,2017-11-06 19:02:28,1,NA,NA,NA,5952.008323,4162.264949,FALSE,NA,NA,NA,NA,NA,NA,TRUE
"2010","A69-1602-3030",2010,"Noordzeekanaal","Willem 2 sluis 2","VR2W-130587",52.383677,4.907053,2017-11-08 17:22:36,2017-11-08 17:22:36,1,NA,NA,NA,5952.008323,4162.264949,FALSE,NA,NA,NA,NA,NA,NA,TRUE
"2011","A69-1602-3030",2011,"Noordzeekanaal","Willem 2 sluis 2","VR2W-130587",52.383677,4.907053,2017-11-08 18:32:03,2017-11-08 18:35:36,4,NA,NA,NA,5952.008323,4162.264949,FALSE,NA,NA,NA,NA,NA,NA,TRUE
"2012","A69-1602-3030",2012,"Noordzeekanaal","Willem 2 sluis 2","VR2W-130587",52.383677,4.907053,2017-11-09 23:35:44,2017-11-09 23:56:37,3,NA,NA,NA,5952.008323,4162.264949,FALSE,NA,NA,NA,NA,NA,NA,TRUE
"2013","A69-1602-3030",2013,"Noordzeekanaal","Willem 2 sluis 2","VR2W-130587",52.383677,4.907053,2017-11-10 17:36:24,2017-11-10 18:20:54,4,NA,NA,NA,5952.008323,4162.264949,FALSE,NA,NA,NA,NA,NA,NA,TRUE
"2014","A69-1602-3030",2014,"Noordzeekanaal","Willem 2 sluis 2","VR2W-130587",52.383677,4.907053,2017-11-12 16:31:52,2017-11-13 03:25:31,97,NA,NA,NA,5952.008323,4162.264949,FALSE,NA,NA,NA,NA,NA,NA,TRUE
"2015","A69-1602-3030",2015,"Noordzeekanaal","Willem 2 sluis 2","VR2W-130587",52.383677,4.907053,2017-11-15 07:58:08,2017-11-15 07:58:08,1,NA,NA,NA,5952.008323,4162.264949,FALSE,NA,NA,NA,NA,NA,NA,TRUE
"2016","A69-1602-3030",2016,"Noordzeekanaal","Willem 2 sluis 2","VR2W-130587",52.383677,4.907053,2017-11-15 16:41:29,2017-11-15 18:05:36,8,NA,NA,NA,5952.008323,4162.264949,FALSE,NA,NA,NA,NA,NA,NA,TRUE
"2017","A69-1602-3030",2017,"Noordzeekanaal","Willem 2 sluis 2","VR2W-130587",52.383677,4.907053,2017-11-16 15:48:03,2017-11-17 04:27:46,175,NA,NA,NA,5952.008323,4162.264949,FALSE,NA,NA,NA,NA,NA,NA,TRUE
"2018","A69-1602-3030",2018,"Noordzeekanaal","Willem 2 sluis 2","VR2W-130587",52.383677,4.907053,2017-11-22 02:05:15,2017-11-22 04:31:39,17,NA,NA,NA,5952.008323,4162.264949,FALSE,NA,NA,NA,NA,NA,NA,TRUE
"2019","A69-1602-3030",2019,"Noordzeekanaal","Willem 2 sluis 2","VR2W-130587",52.383677,4.907053,2017-11-22 09:45:30,2017-11-22 16:05:07,34,NA,NA,NA,5952.008323,4162.264949,FALSE,NA,NA,NA,NA,NA,NA,TRUE
"2020","A69-1602-3030",2020,"Noordzeekanaal","Willem 2 sluis 2","VR2W-130587",52.383677,4.907053,2017-11-22 18:37:52,2017-11-22 18:41:10,3,NA,NA,NA,5952.008323,4162.264949,FALSE,NA,NA,NA,NA,NA,NA,TRUE
"2021","A69-1602-3030",2021,"Noordzeekanaal","Willem 2 sluis 2","VR2W-130587",52.383677,4.907053,2017-11-22 20:38:07,2017-11-22 20:38:07,1,NA,NA,NA,5952.008323,4162.264949,FALSE,NA,NA,NA,NA,NA,NA,TRUE
"2022","A69-1602-3030",2022,"Noordzeekanaal","Willem 2 sluis 2","VR2W-130587",52.383677,4.907053,2017-11-23 03:08:56,2017-11-23 03:36:53,5,NA,NA,NA,5952.008323,4162.264949,NA,NA,NA,NA,NA,NA,NA,TRUE
"2023","A69-1602-3031",2023,"Noordzeekanaal","rel_noordzeekanaal3","none",52.411463,4.911775,2017-10-11 15:45:00,2017-10-11 17:36:36,89,NA,NA,NA,0,0,FALSE,1631.181273,2,2017-10-20 18:12:40,1631.181273,786460,0.00207408040205478,FALSE
"2024","A69-1602-3031",2024,"Noordzeekanaal","Kadoelen 5","VR2W-130998",52.411317,4.9304,2017-10-20 18:12:40,2017-10-20 19:14:03,53,779764,1631.181273,0.002092,1631.181273,1631.181273,FALSE,NA,NA,NA,NA,NA,NA,FALSE
"2025","A69-1602-3031",2025,"Noordzeekanaal","Kadoelen 2","VR2W-131002",52.417517,4.913867,2017-10-20 19:36:02,2017-10-20 20:23:12,37,1319,1489.776242,1.129474,3120.957515,741.337281,FALSE,NA,NA,NA,NA,NA,NA,FALSE
"2026","A69-1602-3031",2026,"Noordzeekanaal","Kadoelen 1","VR2W-119049",52.408503,4.908567,2017-10-20 20:26:22,2017-10-20 20:30:45,8,190,1224.124759,6.442762,4345.082274,482.787479,FALSE,22345.415127,5,2017-12-14 06:39:12,21862.627648,4702370,0.00464927848042583,FALSE
"2027","A69-1602-3031",2027,"Noordzeekanaal","Noordzeekanaal","VR2W-114165",52.462798,4.633995,2017-12-14 06:39:12,2017-12-14 06:54:55,20,4702107,21862.627648,0.00465,26207.709922,22345.415127,TRUE,25376.431266,6,2017-12-14 16:59:57,3031.016139,37245,0.0813804843334676,TRUE
"2028","A69-1602-3031",2028,"Noordzeekanaal","Spuisluis Noordzee","VR2W-132408",52.470319,4.594701,2017-12-14 16:59:57,2017-12-14 20:32:28,196,36302,3031.016139,0.083494,29238.726061,25376.431266,NA,NA,NA,NA,NA,NA,NA,TRUE
"2029","A69-1602-3032",2029,"Noordzeekanaal","rel_noordzeekanaal3","none",52.411463,4.911775,2017-10-11 15:45:00,2017-10-11 16:51:55,29,NA,NA,NA,0,0,TRUE,1006.98977,2,2017-10-11 16:59:33,1006.98977,4473,0.225126262016544,TRUE
"2030","A69-1602-3032",2030,"Noordzeekanaal","Kadoelen 4","VR2W-131978",52.415583,4.92355,2017-10-11 16:59:33,2017-10-11 17:29:49,9,458,1006.98977,2.198668,1006.98977,1006.98977,FALSE,NA,NA,NA,NA,NA,NA,TRUE
"2031","A69-1602-3032",2031,"Noordzeekanaal","Kadoelen 2","VR2W-131002",52.417517,4.913867,2018-01-02 10:38:15,2018-01-02 10:38:15,1,7146506,782.751086,0.00011,1789.740856,741.337281,NA,NA,NA,NA,NA,NA,NA,TRUE
"2032","A69-1602-3033",2032,"Noordzeekanaal","rel_noordzeekanaal3","none",52.411463,4.911775,2017-10-11 15:45:00,2017-10-11 18:36:03,109,NA,NA,NA,0,0,FALSE,1631.181273,2,2017-11-22 22:44:18,1631.181273,3653958,0.000446414893931457,FALSE
"2033","A69-1602-3033",2033,"Noordzeekanaal","Kadoelen 5","VR2W-130998",52.411317,4.9304,2017-11-22 22:44:18,2017-11-22 23:28:21,20,3643695,1631.181273,0.000448,1631.181273,1631.181273,FALSE,NA,NA,NA,NA,NA,NA,FALSE
"2034","A69-1602-3033",2034,"Noordzeekanaal","Kadoelen 3","VR2W-131979",52.41495,4.918467,2017-11-22 23:35:43,2017-11-23 00:22:11,12,442,1065.561148,2.410772,2696.742421,565.620125,FALSE,1631.181273,4,2017-12-01 06:02:13,1065.561148,714390,0.00149156783829561,FALSE
"2035","A69-1602-3033",2035,"Noordzeekanaal","Kadoelen 5","VR2W-130998",52.411317,4.9304,2017-12-01 06:02:13,2017-12-01 17:17:15,822,711602,1065.561148,0.001497,3762.303569,1631.181273,FALSE,NA,NA,NA,NA,NA,NA,FALSE
"2036","A69-1602-3033",2036,"Noordzeekanaal","Kadoelen 5","VR2W-130998",52.411317,4.9304,2017-12-01 22:51:57,2017-12-02 02:00:17,122,NA,NA,NA,3762.303569,1631.181273,FALSE,NA,NA,NA,NA,NA,NA,FALSE
"2037","A69-1602-3033",2037,"Noordzeekanaal","Kadoelen 2","VR2W-131002",52.417517,4.913867,2017-12-02 02:20:17,2017-12-02 03:24:19,58,1200,1489.776242,1.24148,5252.079811,741.337281,FALSE,NA,NA,NA,NA,NA,NA,FALSE
"2038","A69-1602-3033",2038,"Noordzeekanaal","Kadoelen 2","VR2W-131002",52.417517,4.913867,2017-12-07 16:22:29,2017-12-09 11:27:22,2946,NA,NA,NA,5252.079811,741.337281,NA,NA,NA,NA,NA,NA,NA,FALSE
"2039","A69-1602-3034",2039,"Noordzeekanaal","rel_noordzeekanaal3","none",52.411463,4.911775,2017-10-11 15:45:00,2017-10-11 15:45:00,1,NA,NA,NA,0,0,FALSE,1631.181273,65,2017-11-21 22:47:33,1631.181273,3567753,0.000457201289719328,FALSE
"2040","A69-1602-3034",2040,"Noordzeekanaal","Kadoelen 2","VR2W-131002",52.417517,4.913867,2017-10-14 23:37:51,2017-10-15 05:16:33,115,287571,741.337281,0.002578,741.337281,741.337281,FALSE,4162.264949,66,2017-11-22 18:02:14,3420.927668,3349463,0.00102133615687052,FALSE
"2041","A69-1602-3034",2041,"Noordzeekanaal","Kadoelen 2","VR2W-131002",52.417517,4.913867,2017-10-15 06:19:02,2017-10-15 06:26:30,3,NA,NA,NA,741.337281,741.337281,FALSE,4162.264949,66,2017-11-22 18:02:14,3420.927668,3325392,0.00102872914471437,FALSE
"2042","A69-1602-3034",2042,"Noordzeekanaal","Kadoelen 2","VR2W-131002",52.417517,4.913867,2017-10-15 07:27:48,2017-10-15 07:27:48,1,NA,NA,NA,741.337281,741.337281,FALSE,4162.264949,66,2017-11-22 18:02:14,3420.927668,3321266,0.00103000713222006,FALSE
"2043","A69-1602-3034",2043,"Noordzeekanaal","Kadoelen 2","VR2W-131002",52.417517,4.913867,2017-10-15 18:50:45,2017-10-15 18:58:44,4,NA,NA,NA,741.337281,741.337281,FALSE,4162.264949,66,2017-11-22 18:02:14,3420.927668,3280289,0.00104287386507713,FALSE
"2044","A69-1602-3034",2044,"Noordzeekanaal","Kadoelen 2","VR2W-131002",52.417517,4.913867,2017-10-15 20:03:03,2017-10-15 21:14:40,41,NA,NA,NA,741.337281,741.337281,FALSE,4162.264949,66,2017-11-22 18:02:14,3420.927668,3275951,0.00104425483409245,FALSE
"2045","A69-1602-3034",2045,"Noordzeekanaal","Kadoelen 2","VR2W-131002",52.417517,4.913867,2017-10-25 00:46:10,2017-10-25 02:00:28,32,NA,NA,NA,741.337281,741.337281,FALSE,4162.264949,66,2017-11-22 18:02:14,3420.927668,2481364,0.00137864806130822,FALSE
"2046","A69-1602-3034",2046,"Noordzeekanaal","Kadoelen 2","VR2W-131002",52.417517,4.913867,2017-10-25 21:29:27,2017-10-25 22:11:11,25,NA,NA,NA,741.337281,741.337281,FALSE,4162.264949,66,2017-11-22 18:02:14,3420.927668,2406767,0.00142137883226752,FALSE
"2047","A69-1602-3034",2047,"Noordzeekanaal","Kadoelen 2","VR2W-131002",52.417517,4.913867,2017-10-27 00:42:12,2017-10-27 04:08:37,75,NA,NA,NA,741.337281,741.337281,FALSE,4162.264949,66,2017-11-22 18:02:14,3420.927668,2308802,0.00148168949437847,FALSE
"2048","A69-1602-3034",2048,"Noordzeekanaal","Kadoelen 2","VR2W-131002",52.417517,4.913867,2017-10-27 05:10:51,2017-10-27 05:25:17,2,NA,NA,NA,741.337281,741.337281,FALSE,4162.264949,66,2017-11-22 18:02:14,3420.927668,2292683,0.00149210670118808,FALSE
"2049","A69-1602-3034",2049,"Noordzeekanaal","Kadoelen 2","VR2W-131002",52.417517,4.913867,2017-10-27 07:09:37,2017-10-27 08:06:32,16,NA,NA,NA,741.337281,741.337281,FALSE,4162.264949,66,2017-11-22 18:02:14,3420.927668,2285557,0.0014967588504684,FALSE
"2050","A69-1602-3034",2050,"Noordzeekanaal","Kadoelen 2","VR2W-131002",52.417517,4.913867,2017-10-27 10:39:13,2017-10-27 11:45:40,3,NA,NA,NA,741.337281,741.337281,FALSE,4162.264949,66,2017-11-22 18:02:14,3420.927668,2272981,0.00150504015123752,FALSE
"2051","A69-1602-3034",2051,"Noordzeekanaal","Kadoelen 2","VR2W-131002",52.417517,4.913867,2017-10-27 13:56:51,2017-10-27 16:06:20,16,NA,NA,NA,741.337281,741.337281,FALSE,4162.264949,66,2017-11-22 18:02:14,3420.927668,2261123,0.0015129330284111,FALSE
"2052","A69-1602-3034",2052,"Noordzeekanaal","Kadoelen 2","VR2W-131002",52.417517,4.913867,2017-10-27 17:07:53,2017-10-27 17:47:19,19,NA,NA,NA,741.337281,741.337281,FALSE,4162.264949,66,2017-11-22 18:02:14,3420.927668,2249661,0.00152064140686086,FALSE
"2053","A69-1602-3034",2053,"Noordzeekanaal","Kadoelen 2","VR2W-131002",52.417517,4.913867,2017-10-27 18:48:28,2017-10-28 00:00:56,131,NA,NA,NA,741.337281,741.337281,FALSE,4162.264949,66,2017-11-22 18:02:14,3420.927668,2243626,0.00152473169235871,FALSE
"2054","A69-1602-3034",2054,"Noordzeekanaal","Kadoelen 2","VR2W-130585",52.408992,4.909988,2017-10-28 02:58:00,2017-10-28 02:58:43,2,NA,NA,NA,741.337281,741.337281,FALSE,4162.264949,66,2017-11-22 18:02:14,3420.927668,2214254,0.00154495720364511,FALSE
"2055","A69-1602-3034",2055,"Noordzeekanaal","Kadoelen 2","VR2W-131002",52.417517,4.913867,2017-10-28 20:35:22,2017-10-28 21:39:25,34,NA,NA,NA,741.337281,741.337281,FALSE,4162.264949,66,2017-11-22 18:02:14,3420.927668,2150812,0.00159052844600086,FALSE
"2056","A69-1602-3034",2056,"Noordzeekanaal","Kadoelen 2","VR2W-130585",52.408992,4.909988,2017-10-28 23:32:48,2017-10-29 00:11:01,3,NA,NA,NA,741.337281,741.337281,FALSE,4162.264949,66,2017-11-22 18:02:14,3420.927668,2140166,0.00159844033967459,FALSE
"2057","A69-1602-3034",2057,"Noordzeekanaal","Kadoelen 2","VR2W-131002",52.417517,4.913867,2017-10-29 06:02:44,2017-10-29 06:25:05,26,NA,NA,NA,741.337281,741.337281,FALSE,4162.264949,66,2017-11-22 18:02:14,3420.927668,2116770,0.00161610740326063,FALSE
"2058","A69-1602-3034",2058,"Noordzeekanaal","Kadoelen 2","VR2W-131002",52.417517,4.913867,2017-10-29 09:15:50,2017-10-29 09:20:28,4,NA,NA,NA,741.337281,741.337281,FALSE,4162.264949,66,2017-11-22 18:02:14,3420.927668,2105184,0.00162500174236551,FALSE
"2059","A69-1602-3034",2059,"Noordzeekanaal","Kadoelen 2","VR2W-131002",52.417517,4.913867,2017-10-29 11:14:30,2017-10-29 11:15:09,2,NA,NA,NA,741.337281,741.337281,FALSE,4162.264949,66,2017-11-22 18:02:14,3420.927668,2098064,0.00163051635603108,FALSE
"2060","A69-1602-3034",2060,"Noordzeekanaal","Kadoelen 2","VR2W-131002",52.417517,4.913867,2017-10-29 13:39:50,2017-10-29 13:56:45,16,NA,NA,NA,741.337281,741.337281,FALSE,4162.264949,66,2017-11-22 18:02:14,3420.927668,2089344,0.00163732141188813,FALSE
"2061","A69-1602-3034",2061,"Noordzeekanaal","Kadoelen 2","VR2W-131002",52.417517,4.913867,2017-10-29 17:30:15,2017-10-29 18:12:43,8,NA,NA,NA,741.337281,741.337281,FALSE,4162.264949,66,2017-11-22 18:02:14,3420.927668,2075519,0.00164822758452223,FALSE
"2062","A69-1602-3034",2062,"Noordzeekanaal","Kadoelen 2","VR2W-131002",52.417517,4.913867,2017-10-29 19:16:01,2017-10-29 20:26:21,11,NA,NA,NA,741.337281,741.337281,FALSE,4162.264949,66,2017-11-22 18:02:14,3420.927668,2069173,0.00165328257617899,FALSE
"2063","A69-1602-3034",2063,"Noordzeekanaal","Kadoelen 2","VR2W-131002",52.417517,4.913867,2017-10-29 22:42:07,2017-10-30 05:53:34,199,NA,NA,NA,741.337281,741.337281,FALSE,4162.264949,66,2017-11-22 18:02:14,3420.927668,2056807,0.00166322249389466,FALSE
"2064","A69-1602-3034",2064,"Noordzeekanaal","Kadoelen 2","VR2W-131002",52.417517,4.913867,2017-10-30 07:04:20,2017-10-30 07:39:16,7,NA,NA,NA,741.337281,741.337281,FALSE,4162.264949,66,2017-11-22 18:02:14,3420.927668,2026674,0.00168795162320136,FALSE
"2065","A69-1602-3034",2065,"Noordzeekanaal","Kadoelen 2","VR2W-131002",52.417517,4.913867,2017-10-31 20:00:06,2017-10-31 20:14:47,9,NA,NA,NA,741.337281,741.337281,FALSE,4162.264949,66,2017-11-22 18:02:14,3420.927668,1893728,0.00180645143758766,FALSE
"2066","A69-1602-3034",2066,"Noordzeekanaal","Kadoelen 2","VR2W-130585",52.408992,4.909988,2017-10-31 22:35:36,2017-10-31 23:44:37,22,NA,NA,NA,741.337281,741.337281,FALSE,4162.264949,66,2017-11-22 18:02:14,3420.927668,1884398,0.00181539550986575,FALSE
"2067","A69-1602-3034",2067,"Noordzeekanaal","Kadoelen 2","VR2W-131002",52.417517,4.913867,2017-11-01 01:27:32,2017-11-01 01:50:07,10,NA,NA,NA,741.337281,741.337281,FALSE,4162.264949,66,2017-11-22 18:02:14,3420.927668,1874082,0.00182538846645985,FALSE
"2068","A69-1602-3034",2068,"Noordzeekanaal","Kadoelen 2","VR2W-131002",52.417517,4.913867,2017-11-01 17:16:05,2017-11-01 17:31:29,6,NA,NA,NA,741.337281,741.337281,FALSE,4162.264949,66,2017-11-22 18:02:14,3420.927668,1817169,0.00188255889683348,FALSE
"2069","A69-1602-3034",2069,"Noordzeekanaal","Kadoelen 2","VR2W-131002",52.417517,4.913867,2017-11-01 21:39:36,2017-11-01 21:55:44,2,NA,NA,NA,741.337281,741.337281,FALSE,4162.264949,66,2017-11-22 18:02:14,3420.927668,1801358,0.00189908261877983,FALSE
"2070","A69-1602-3034",2070,"Noordzeekanaal","Kadoelen 2","VR2W-131002",52.417517,4.913867,2017-11-05 05:34:51,2017-11-05 05:34:51,1,NA,NA,NA,741.337281,741.337281,FALSE,4162.264949,66,2017-11-22 18:02:14,3420.927668,1513643,0.00226006242423081,FALSE
"2071","A69-1602-3034",2071,"Noordzeekanaal","Kadoelen 2","VR2W-131002",52.417517,4.913867,2017-11-05 08:53:40,2017-11-05 09:28:01,6,NA,NA,NA,741.337281,741.337281,FALSE,4162.264949,66,2017-11-22 18:02:14,3420.927668,1501714,0.00227801543303186,FALSE
"2072","A69-1602-3034",2072,"Noordzeekanaal","Kadoelen 2","VR2W-131002",52.417517,4.913867,2017-11-05 17:42:51,2017-11-05 17:46:00,6,NA,NA,NA,741.337281,741.337281,FALSE,4162.264949,66,2017-11-22 18:02:14,3420.927668,1469963,0.0023272202552037,FALSE
"2073","A69-1602-3034",2073,"Noordzeekanaal","Kadoelen 2","VR2W-131002",52.417517,4.913867,2017-11-05 23:39:16,2017-11-06 01:37:41,13,NA,NA,NA,741.337281,741.337281,FALSE,4162.264949,66,2017-11-22 18:02:14,3420.927668,1448578,0.00236157643426864,FALSE
"2074","A69-1602-3034",2074,"Noordzeekanaal","Kadoelen 2","VR2W-131002",52.417517,4.913867,2017-11-06 04:32:54,2017-11-06 05:29:10,23,NA,NA,NA,741.337281,741.337281,FALSE,4162.264949,66,2017-11-22 18:02:14,3420.927668,1430960,0.0023906521971264,FALSE
"2075","A69-1602-3034",2075,"Noordzeekanaal","Kadoelen 2","VR2W-131002",52.417517,4.913867,2017-11-06 15:14:14,2017-11-06 21:33:02,140,NA,NA,NA,741.337281,741.337281,FALSE,4162.264949,66,2017-11-22 18:02:14,3420.927668,1392480,0.00245671583649316,FALSE
"2076","A69-1602-3034",2076,"Noordzeekanaal","Kadoelen 2","VR2W-131002",52.417517,4.913867,2017-11-06 22:58:45,2017-11-07 00:04:59,50,NA,NA,NA,741.337281,741.337281,FALSE,4162.264949,66,2017-11-22 18:02:14,3420.927668,1364609,0.00250689220721833,FALSE
"2077","A69-1602-3034",2077,"Noordzeekanaal","Kadoelen 2","VR2W-131002",52.417517,4.913867,2017-11-07 17:19:24,2017-11-07 17:27:27,2,NA,NA,NA,741.337281,741.337281,FALSE,4162.264949,66,2017-11-22 18:02:14,3420.927668,1298570,0.00263438064024273,FALSE
"2078","A69-1602-3034",2078,"Noordzeekanaal","Kadoelen 2","VR2W-131002",52.417517,4.913867,2017-11-07 18:33:37,2017-11-07 19:00:20,9,NA,NA,NA,741.337281,741.337281,FALSE,4162.264949,66,2017-11-22 18:02:14,3420.927668,1294117,0.00264344542881362,FALSE
"2079","A69-1602-3034",2079,"Noordzeekanaal","Kadoelen 2","VR2W-131002",52.417517,4.913867,2017-11-07 21:22:30,2017-11-07 22:11:15,4,NA,NA,NA,741.337281,741.337281,FALSE,4162.264949,66,2017-11-22 18:02:14,3420.927668,1283984,0.00266430708482349,FALSE
"2080","A69-1602-3034",2080,"Noordzeekanaal","Kadoelen 2","VR2W-131002",52.417517,4.913867,2017-11-08 13:37:41,2017-11-08 14:39:20,33,NA,NA,NA,741.337281,741.337281,FALSE,4162.264949,66,2017-11-22 18:02:14,3420.927668,1225473,0.00279151614764258,FALSE
"2081","A69-1602-3034",2081,"Noordzeekanaal","Kadoelen 2","VR2W-131002",52.417517,4.913867,2017-11-08 15:57:47,2017-11-08 16:01:18,3,NA,NA,NA,741.337281,741.337281,FALSE,4162.264949,66,2017-11-22 18:02:14,3420.927668,1217067,0.0028107965033971,FALSE
"2082","A69-1602-3034",2082,"Noordzeekanaal","Kadoelen 2","VR2W-131002",52.417517,4.913867,2017-11-08 21:37:58,2017-11-08 23:29:58,21,NA,NA,NA,741.337281,741.337281,FALSE,4162.264949,66,2017-11-22 18:02:14,3420.927668,1196656,0.00285873941049057,FALSE
"2083","A69-1602-3034",2083,"Noordzeekanaal","Kadoelen 2","VR2W-131002",52.417517,4.913867,2017-11-09 02:36:35,2017-11-09 06:55:46,80,NA,NA,NA,741.337281,741.337281,FALSE,4162.264949,66,2017-11-22 18:02:14,3420.927668,1178739,0.0029021926550322,FALSE
"2084","A69-1602-3034",2084,"Noordzeekanaal","Kadoelen 2","VR2W-131002",52.417517,4.913867,2017-11-09 08:37:56,2017-11-09 08:42:47,7,NA,NA,NA,741.337281,741.337281,FALSE,4162.264949,66,2017-11-22 18:02:14,3420.927668,1157058,0.00295657405938164,FALSE
"2085","A69-1602-3034",2085,"Noordzeekanaal","Kadoelen 2","VR2W-131002",52.417517,4.913867,2017-11-09 10:53:45,2017-11-09 12:23:15,39,NA,NA,NA,741.337281,741.337281,FALSE,4162.264949,66,2017-11-22 18:02:14,3420.927668,1148909,0.00297754449482074,FALSE
"2086","A69-1602-3034",2086,"Noordzeekanaal","Kadoelen 2","VR2W-131002",52.417517,4.913867,2017-11-09 16:21:21,2017-11-09 16:22:38,2,NA,NA,NA,741.337281,741.337281,FALSE,4162.264949,66,2017-11-22 18:02:14,3420.927668,1129253,0.00302937222039702,FALSE
"2087","A69-1602-3034",2087,"Noordzeekanaal","Kadoelen 2","VR2W-131002",52.417517,4.913867,2017-11-09 21:54:03,2017-11-09 23:01:05,6,NA,NA,NA,741.337281,741.337281,FALSE,4162.264949,66,2017-11-22 18:02:14,3420.927668,1109291,0.00308388661586545,FALSE
"2088","A69-1602-3034",2088,"Noordzeekanaal","Kadoelen 2","VR2W-131002",52.417517,4.913867,2017-11-10 00:03:22,2017-11-10 00:10:57,2,NA,NA,NA,741.337281,741.337281,FALSE,4162.264949,66,2017-11-22 18:02:14,3420.927668,1101532,0.00310560897731523,FALSE
"2089","A69-1602-3034",2089,"Noordzeekanaal","Kadoelen 2","VR2W-131002",52.417517,4.913867,2017-11-10 15:12:48,2017-11-10 17:14:19,58,NA,NA,NA,741.337281,741.337281,FALSE,4162.264949,66,2017-11-22 18:02:14,3420.927668,1046966,0.00326746777641299,FALSE
"2090","A69-1602-3034",2090,"Noordzeekanaal","Kadoelen 2","VR2W-131002",52.417517,4.913867,2017-11-10 18:17:44,2017-11-10 18:17:44,1,NA,NA,NA,741.337281,741.337281,FALSE,4162.264949,66,2017-11-22 18:02:14,3420.927668,1035870,0.00330246813596301,FALSE
"2091","A69-1602-3034",2091,"Noordzeekanaal","Kadoelen 2","VR2W-131002",52.417517,4.913867,2017-11-10 19:55:37,2017-11-10 21:56:50,33,NA,NA,NA,741.337281,741.337281,FALSE,4162.264949,66,2017-11-22 18:02:14,3420.927668,1029997,0.0033212986717437,FALSE
"2092","A69-1602-3034",2092,"Noordzeekanaal","Kadoelen 2","VR2W-131002",52.417517,4.913867,2017-11-11 07:17:58,2017-11-11 07:44:59,10,NA,NA,NA,741.337281,741.337281,FALSE,4162.264949,66,2017-11-22 18:02:14,3420.927668,989056,0.00345878056247574,FALSE
"2093","A69-1602-3034",2093,"Noordzeekanaal","Kadoelen 2","VR2W-131002",52.417517,4.913867,2017-11-11 13:16:36,2017-11-11 13:16:36,1,NA,NA,NA,741.337281,741.337281,FALSE,4162.264949,66,2017-11-22 18:02:14,3420.927668,967538,0.00353570368088902,FALSE
"2094","A69-1602-3034",2094,"Noordzeekanaal","Kadoelen 2","VR2W-131002",52.417517,4.913867,2017-11-11 15:25:39,2017-11-11 15:53:13,27,NA,NA,NA,741.337281,741.337281,FALSE,4162.264949,66,2017-11-22 18:02:14,3420.927668,959795,0.00356422743189952,FALSE
"2095","A69-1602-3034",2095,"Noordzeekanaal","Kadoelen 2","VR2W-131002",52.417517,4.913867,2017-11-11 17:06:12,2017-11-11 17:46:49,4,NA,NA,NA,741.337281,741.337281,FALSE,4162.264949,66,2017-11-22 18:02:14,3420.927668,953762,0.00358677287205823,FALSE
"2096","A69-1602-3034",2096,"Noordzeekanaal","Kadoelen 2","VR2W-131002",52.417517,4.913867,2017-11-11 18:57:02,2017-11-11 18:57:02,1,NA,NA,NA,741.337281,741.337281,FALSE,4162.264949,66,2017-11-22 18:02:14,3420.927668,947112,0.00361195684142953,FALSE
"2097","A69-1602-3034",2097,"Noordzeekanaal","Kadoelen 2","VR2W-131002",52.417517,4.913867,2017-11-11 20:26:28,2017-11-11 20:33:23,9,NA,NA,NA,741.337281,741.337281,FALSE,4162.264949,66,2017-11-22 18:02:14,3420.927668,941746,0.00363253750799048,FALSE
"2098","A69-1602-3034",2098,"Noordzeekanaal","Kadoelen 2","VR2W-131002",52.417517,4.913867,2017-11-11 22:45:34,2017-11-12 01:03:57,11,NA,NA,NA,741.337281,741.337281,FALSE,4162.264949,66,2017-11-22 18:02:14,3420.927668,933400,0.00366501785729591,FALSE
"2099","A69-1602-3034",2099,"Noordzeekanaal","Kadoelen 2","VR2W-131002",52.417517,4.913867,2017-11-20 19:34:29,2017-11-20 19:35:48,2,NA,NA,NA,741.337281,741.337281,FALSE,4162.264949,66,2017-11-22 18:02:14,3420.927668,167265,0.0204521428152931,FALSE
"2100","A69-1602-3034",2100,"Noordzeekanaal","Kadoelen 2","VR2W-131002",52.417517,4.913867,2017-11-20 20:37:32,2017-11-20 22:32:06,42,NA,NA,NA,741.337281,741.337281,FALSE,4162.264949,66,2017-11-22 18:02:14,3420.927668,163482,0.0209254087177793,FALSE
"2101","A69-1602-3034",2101,"Noordzeekanaal","Kadoelen 2","VR2W-131002",52.417517,4.913867,2017-11-21 16:41:18,2017-11-21 17:58:28,31,NA,NA,NA,741.337281,741.337281,FALSE,4162.264949,66,2017-11-22 18:02:14,3420.927668,91256,0.0374871533707373,FALSE
"2102","A69-1602-3034",2102,"Noordzeekanaal","Kadoelen 2","VR2W-131002",52.417517,4.913867,2017-11-21 19:13:06,2017-11-21 22:27:25,105,NA,NA,NA,741.337281,741.337281,TRUE,4162.264949,66,2017-11-22 18:02:14,3420.927668,82148,0.0416434687150022,TRUE
"2103","A69-1602-3034",2103,"Noordzeekanaal","Kadoelen 5","VR2W-130998",52.411317,4.9304,2017-11-21 22:47:33,2017-11-21 23:06:57,25,1208,1489.776242,1.233258,2231.113523,1631.181273,TRUE,4162.264949,66,2017-11-22 18:02:14,2531.083676,69281,0.0365335903927484,TRUE
"2104","A69-1602-3034",2104,"Noordzeekanaal","Willem 2 sluis 2","VR2W-130587",52.383677,4.907053,2017-11-22 18:02:14,2017-11-22 18:13:27,3,68117,3720.8948,0.054625,5952.008323,4162.264949,FALSE,NA,NA,NA,NA,NA,NA,TRUE
"2105","A69-1602-3034",2105,"Noordzeekanaal","Willem 2 sluis 2","VR2W-130587",52.383677,4.907053,2017-11-23 20:45:14,2017-11-23 21:17:06,10,NA,NA,NA,5952.008323,4162.264949,NA,NA,NA,NA,NA,NA,NA,TRUE
"2106","A69-1602-3035",2106,"Noordzeekanaal","rel_noordzeekanaal3","none",52.411463,4.911775,2017-10-11 15:45:00,2017-10-11 15:45:00,1,NA,NA,NA,0,0,NA,NA,NA,NA,NA,NA,NA,FALSE
"2107","A69-1602-3035",2107,"Noordzeekanaal","Kadoelen 2","VR2W-130585",52.408992,4.909988,2017-10-12 05:44:12,2017-10-12 05:48:26,2,50352,741.337281,0.014723,741.337281,741.337281,FALSE,NA,NA,NA,NA,NA,NA,FALSE
"2108","A69-1602-3035",2108,"Noordzeekanaal","Kadoelen 2","VR2W-130585",52.408992,4.909988,2017-10-12 09:50:01,2017-10-12 09:50:01,1,NA,NA,NA,741.337281,741.337281,FALSE,NA,NA,NA,NA,NA,NA,FALSE
"2109","A69-1602-3035",2109,"Noordzeekanaal","Kadoelen 2","VR2W-130585",52.408992,4.909988,2017-10-12 19:26:29,2017-10-12 19:26:29,1,NA,NA,NA,741.337281,741.337281,FALSE,NA,NA,NA,NA,NA,NA,FALSE
"2110","A69-1602-3035",2110,"Noordzeekanaal","Kadoelen 2","VR2W-130585",52.408992,4.909988,2017-10-13 07:01:46,2017-10-13 08:05:40,24,NA,NA,NA,741.337281,741.337281,FALSE,NA,NA,NA,NA,NA,NA,FALSE
"2111","A69-1602-3035",2111,"Noordzeekanaal","Kadoelen 2","VR2W-130585",52.408992,4.909988,2017-10-13 09:27:28,2017-10-13 12:09:27,63,NA,NA,NA,741.337281,741.337281,FALSE,NA,NA,NA,NA,NA,NA,FALSE
"2112","A69-1602-3035",2112,"Noordzeekanaal","Kadoelen 2","VR2W-130585",52.408992,4.909988,2017-10-14 02:24:11,2017-10-14 02:32:11,4,NA,NA,NA,741.337281,741.337281,FALSE,NA,NA,NA,NA,NA,NA,FALSE
"2113","A69-1602-3035",2113,"Noordzeekanaal","Kadoelen 2","VR2W-130585",52.408992,4.909988,2017-10-14 07:18:28,2017-10-14 10:51:40,62,NA,NA,NA,741.337281,741.337281,FALSE,NA,NA,NA,NA,NA,NA,FALSE
"2114","A69-1602-3035",2114,"Noordzeekanaal","Kadoelen 2","VR2W-130585",52.408992,4.909988,2017-10-14 14:09:37,2017-10-14 15:54:18,23,NA,NA,NA,741.337281,741.337281,FALSE,NA,NA,NA,NA,NA,NA,FALSE
"2115","A69-1602-3035",2115,"Noordzeekanaal","Kadoelen 2","VR2W-130585",52.408992,4.909988,2017-10-14 17:42:22,2017-10-14 19:37:44,60,NA,NA,NA,741.337281,741.337281,FALSE,NA,NA,NA,NA,NA,NA,FALSE
"2116","A69-1602-3035",2116,"Noordzeekanaal","Kadoelen 2","VR2W-130585",52.408992,4.909988,2017-10-17 19:33:38,2017-10-17 23:20:51,205,NA,NA,NA,741.337281,741.337281,NA,NA,NA,NA,NA,NA,NA,FALSE
"2117","A69-1602-3036",2117,"Noordzeekanaal","rel_noordzeekanaal3","none",52.411463,4.911775,2017-10-11 15:45:00,2017-10-14 09:31:29,3274,NA,NA,NA,0,0,FALSE,1006.98977,2,2017-10-14 09:38:16,1006.98977,237196,0.00424539102683013,FALSE
"2118","A69-1602-3036",2118,"Noordzeekanaal","Kadoelen 4","VR2W-131978",52.415583,4.92355,2017-10-14 09:38:16,2017-10-14 20:52:09,335,407,1006.98977,2.474176,1006.98977,1006.98977,TRUE,4162.264949,3,2017-10-17 14:48:43,3155.275179,277827,0.0113569781878651,TRUE
"2119","A69-1602-3036",2119,"Noordzeekanaal","Willem 2 sluis 2","VR2W-130587",52.383677,4.907053,2017-10-17 14:48:43,2017-10-17 14:50:08,3,237394,4262.254664,0.017954,5269.244434,4162.264949,FALSE,NA,NA,NA,NA,NA,NA,TRUE
"2120","A69-1602-3036",2120,"Noordzeekanaal","Willem 2 sluis 2","VR2W-130587",52.383677,4.907053,2017-10-17 20:40:21,2017-10-17 23:26:30,6,NA,NA,NA,5269.244434,4162.264949,FALSE,NA,NA,NA,NA,NA,NA,TRUE
"2121","A69-1602-3036",2121,"Noordzeekanaal","Willem 2 sluis 2","VR2W-130587",52.383677,4.907053,2017-10-19 02:08:55,2017-10-19 02:11:39,5,NA,NA,NA,5269.244434,4162.264949,FALSE,NA,NA,NA,NA,NA,NA,TRUE
"2122","A69-1602-3036",2122,"Noordzeekanaal","Willem 2 sluis 2","VR2W-130587",52.383677,4.907053,2017-10-19 04:06:05,2017-10-19 04:06:05,1,NA,NA,NA,5269.244434,4162.264949,FALSE,NA,NA,NA,NA,NA,NA,TRUE
"2123","A69-1602-3036",2123,"Noordzeekanaal","Willem 2 sluis 2","VR2W-130587",52.383677,4.907053,2017-10-19 18:24:54,2017-10-19 18:24:54,1,NA,NA,NA,5269.244434,4162.264949,FALSE,NA,NA,NA,NA,NA,NA,TRUE
"2124","A69-1602-3036",2124,"Noordzeekanaal","Willem 2 sluis 2","VR2W-130587",52.383677,4.907053,2017-10-19 20:16:31,2017-10-19 21:11:03,2,NA,NA,NA,5269.244434,4162.264949,FALSE,NA,NA,NA,NA,NA,NA,TRUE
"2125","A69-1602-3036",2125,"Noordzeekanaal","Willem 2 sluis 2","VR2W-130587",52.383677,4.907053,2017-10-19 23:57:42,2017-10-19 23:57:42,1,NA,NA,NA,5269.244434,4162.264949,FALSE,NA,NA,NA,NA,NA,NA,TRUE
"2126","A69-1602-3036",2126,"Noordzeekanaal","Willem 2 sluis 2","VR2W-130587",52.383677,4.907053,2017-10-20 21:51:19,2017-10-20 21:51:19,1,NA,NA,NA,5269.244434,4162.264949,FALSE,NA,NA,NA,NA,NA,NA,TRUE
"2127","A69-1602-3036",2127,"Noordzeekanaal","Willem 2 sluis 2","VR2W-130587",52.383677,4.907053,2017-10-21 01:08:32,2017-10-21 01:08:32,1,NA,NA,NA,5269.244434,4162.264949,FALSE,NA,NA,NA,NA,NA,NA,TRUE
"2128","A69-1602-3036",2128,"Noordzeekanaal","Willem 2 sluis 2","VR2W-130587",52.383677,4.907053,2017-10-22 21:21:16,2017-10-22 21:21:55,2,NA,NA,NA,5269.244434,4162.264949,FALSE,NA,NA,NA,NA,NA,NA,TRUE
"2129","A69-1602-3036",2129,"Noordzeekanaal","Willem 2 sluis 2","VR2W-130587",52.383677,4.907053,2017-10-23 00:16:10,2017-10-23 00:16:51,2,NA,NA,NA,5269.244434,4162.264949,FALSE,NA,NA,NA,NA,NA,NA,TRUE
"2130","A69-1602-3036",2130,"Noordzeekanaal","Willem 2 sluis 2","VR2W-130587",52.383677,4.907053,2017-10-23 01:48:04,2017-10-23 02:57:06,9,NA,NA,NA,5269.244434,4162.264949,FALSE,NA,NA,NA,NA,NA,NA,TRUE
"2131","A69-1602-3036",2131,"Noordzeekanaal","Willem 2 sluis 2","VR2W-130587",52.383677,4.907053,2017-10-23 09:57:02,2017-10-23 09:57:02,1,NA,NA,NA,5269.244434,4162.264949,FALSE,NA,NA,NA,NA,NA,NA,TRUE
"2132","A69-1602-3036",2132,"Noordzeekanaal","Willem 2 sluis 2","VR2W-130587",52.383677,4.907053,2017-10-24 08:35:03,2017-10-24 08:35:03,1,NA,NA,NA,5269.244434,4162.264949,FALSE,NA,NA,NA,NA,NA,NA,TRUE
"2133","A69-1602-3036",2133,"Noordzeekanaal","Willem 2 sluis 2","VR2W-130587",52.383677,4.907053,2017-10-25 12:29:15,2017-10-25 12:29:15,1,NA,NA,NA,5269.244434,4162.264949,FALSE,NA,NA,NA,NA,NA,NA,TRUE
"2134","A69-1602-3036",2134,"Noordzeekanaal","Willem 2 sluis 2","VR2W-130587",52.383677,4.907053,2017-10-25 15:57:21,2017-10-25 15:57:21,1,NA,NA,NA,5269.244434,4162.264949,FALSE,NA,NA,NA,NA,NA,NA,TRUE
"2135","A69-1602-3036",2135,"Noordzeekanaal","Willem 2 sluis 2","VR2W-130587",52.383677,4.907053,2017-10-26 11:08:37,2017-10-26 11:08:37,1,NA,NA,NA,5269.244434,4162.264949,FALSE,NA,NA,NA,NA,NA,NA,TRUE
"2136","A69-1602-3036",2136,"Noordzeekanaal","Willem 2 sluis 2","VR2W-130587",52.383677,4.907053,2017-10-28 09:34:40,2017-10-28 09:34:40,1,NA,NA,NA,5269.244434,4162.264949,FALSE,NA,NA,NA,NA,NA,NA,TRUE
"2137","A69-1602-3036",2137,"Noordzeekanaal","Willem 2 sluis 2","VR2W-130587",52.383677,4.907053,2017-11-03 07:36:29,2017-11-03 07:36:29,1,NA,NA,NA,5269.244434,4162.264949,FALSE,NA,NA,NA,NA,NA,NA,TRUE
"2138","A69-1602-3036",2138,"Noordzeekanaal","Willem 2 sluis 2","VR2W-130587",52.383677,4.907053,2017-11-09 20:32:23,2017-11-09 20:32:23,1,NA,NA,NA,5269.244434,4162.264949,FALSE,NA,NA,NA,NA,NA,NA,TRUE
"2139","A69-1602-3036",2139,"Noordzeekanaal","Willem 2 sluis 2","VR2W-130587",52.383677,4.907053,2017-12-22 03:34:16,2017-12-22 03:57:37,7,NA,NA,NA,5269.244434,4162.264949,FALSE,NA,NA,NA,NA,NA,NA,TRUE
"2140","A69-1602-3036",2140,"Noordzeekanaal","Willem 2 sluis 2","VR2W-130587",52.383677,4.907053,2018-01-02 18:28:01,2018-01-02 19:29:33,4,NA,NA,NA,5269.244434,4162.264949,FALSE,NA,NA,NA,NA,NA,NA,TRUE
"2141","A69-1602-3036",2141,"Noordzeekanaal","Willem 2 sluis 2","VR2W-130587",52.383677,4.907053,2018-01-03 22:59:11,2018-01-03 23:50:32,3,NA,NA,NA,5269.244434,4162.264949,FALSE,NA,NA,NA,NA,NA,NA,TRUE
"2142","A69-1602-3036",2142,"Noordzeekanaal","Willem 2 sluis 2","VR2W-130587",52.383677,4.907053,2018-01-04 03:59:59,2018-01-04 05:50:24,14,NA,NA,NA,5269.244434,4162.264949,FALSE,NA,NA,NA,NA,NA,NA,TRUE
"2143","A69-1602-3036",2143,"Noordzeekanaal","Willem 2 sluis 2","VR2W-130587",52.383677,4.907053,2018-01-11 11:08:32,2018-01-11 11:10:22,2,NA,NA,NA,5269.244434,4162.264949,FALSE,NA,NA,NA,NA,NA,NA,TRUE
"2144","A69-1602-3036",2144,"Noordzeekanaal","Willem 2 sluis 2","VR2W-130587",52.383677,4.907053,2018-01-11 13:32:09,2018-01-11 14:30:41,7,NA,NA,NA,5269.244434,4162.264949,FALSE,NA,NA,NA,NA,NA,NA,TRUE
"2145","A69-1602-3036",2145,"Noordzeekanaal","Willem 2 sluis 2","VR2W-130587",52.383677,4.907053,2018-01-13 14:03:51,2018-01-13 15:02:26,4,NA,NA,NA,5269.244434,4162.264949,FALSE,NA,NA,NA,NA,NA,NA,TRUE
"2146","A69-1602-3036",2146,"Noordzeekanaal","Kadoelen 5","VR2W-130998",52.411317,4.9304,2018-01-18 09:08:31,2018-01-18 21:38:42,476,410765,3720.8948,0.009058,8990.139234,1631.181273,FALSE,NA,NA,NA,NA,NA,NA,TRUE
"2147","A69-1602-3036",2147,"Noordzeekanaal","Kadoelen 5","VR2W-130998",52.411317,4.9304,2018-01-18 22:49:31,2018-01-18 23:26:04,3,NA,NA,NA,8990.139234,1631.181273,FALSE,NA,NA,NA,NA,NA,NA,TRUE
"2148","A69-1602-3036",2148,"Noordzeekanaal","Kadoelen 5","VR2W-130998",52.411317,4.9304,2018-01-19 01:01:15,2018-01-19 01:28:00,12,NA,NA,NA,8990.139234,1631.181273,FALSE,NA,NA,NA,NA,NA,NA,TRUE
"2149","A69-1602-3036",2149,"Noordzeekanaal","Kadoelen 5","VR2W-130998",52.411317,4.9304,2018-01-19 02:38:08,2018-01-19 02:38:52,2,NA,NA,NA,8990.139234,1631.181273,FALSE,NA,NA,NA,NA,NA,NA,TRUE
"2150","A69-1602-3036",2150,"Noordzeekanaal","Kadoelen 5","VR2W-130998",52.411317,4.9304,2018-01-19 04:05:44,2018-01-20 16:33:09,1017,NA,NA,NA,8990.139234,1631.181273,FALSE,NA,NA,NA,NA,NA,NA,TRUE
"2151","A69-1602-3036",2151,"Noordzeekanaal","Kadoelen 5","VR2W-130998",52.411317,4.9304,2018-01-20 23:30:17,2018-01-20 23:30:17,1,NA,NA,NA,8990.139234,1631.181273,FALSE,NA,NA,NA,NA,NA,NA,TRUE
"2152","A69-1602-3036",2152,"Noordzeekanaal","Kadoelen 5","VR2W-130998",52.411317,4.9304,2018-01-21 04:02:52,2018-01-21 05:08:43,12,NA,NA,NA,8990.139234,1631.181273,FALSE,NA,NA,NA,NA,NA,NA,TRUE
"2153","A69-1602-3036",2153,"Noordzeekanaal","Kadoelen 5","VR2W-130998",52.411317,4.9304,2018-01-21 08:21:06,2018-01-21 08:21:06,1,NA,NA,NA,8990.139234,1631.181273,FALSE,NA,NA,NA,NA,NA,NA,TRUE
"2154","A69-1602-3036",2154,"Noordzeekanaal","Kadoelen 5","VR2W-130998",52.411317,4.9304,2018-01-21 13:53:24,2018-01-21 14:35:36,7,NA,NA,NA,8990.139234,1631.181273,FALSE,NA,NA,NA,NA,NA,NA,TRUE
"2155","A69-1602-3036",2155,"Noordzeekanaal","Kadoelen 5","VR2W-130998",52.411317,4.9304,2018-01-21 23:55:25,2018-01-21 23:55:25,1,NA,NA,NA,8990.139234,1631.181273,FALSE,NA,NA,NA,NA,NA,NA,TRUE
"2156","A69-1602-3036",2156,"Noordzeekanaal","Kadoelen 5","VR2W-130998",52.411317,4.9304,2018-01-23 09:04:23,2018-01-23 09:45:37,9,NA,NA,NA,8990.139234,1631.181273,NA,NA,NA,NA,NA,NA,NA,TRUE
"2157","A69-1602-3037",2157,"Noordzeekanaal","rel_noordzeekanaal3","none",52.411463,4.911775,2017-10-11 15:45:00,2017-10-11 15:45:00,1,NA,NA,NA,0,0,FALSE,1631.181273,5,2017-10-18 15:09:21,1631.181273,602661,0.00270663154410191,FALSE
"2158","A69-1602-3037",2158,"Noordzeekanaal","Kadoelen 2","VR2W-130585",52.408992,4.909988,2017-10-11 17:35:56,2017-10-14 12:36:29,3335,6656,741.337281,0.111379,741.337281,741.337281,FALSE,NA,NA,NA,NA,NA,NA,FALSE
"2159","A69-1602-3037",2159,"Noordzeekanaal","Kadoelen 2","VR2W-131002",52.417517,4.913867,2017-10-17 00:03:19,2017-10-18 08:04:17,2211,NA,NA,NA,741.337281,741.337281,FALSE,NA,NA,NA,NA,NA,NA,FALSE
"2160","A69-1602-3037",2160,"Noordzeekanaal","Kadoelen 2","VR2W-131002",52.417517,4.913867,2017-10-18 13:43:28,2017-10-18 14:17:43,14,NA,NA,NA,741.337281,741.337281,NA,NA,NA,NA,NA,NA,NA,FALSE
"2161","A69-1602-3037",2161,"Noordzeekanaal","Kadoelen 5","VR2W-130998",52.411317,4.9304,2017-10-18 15:09:21,2017-10-18 15:32:23,31,3098,1489.776242,0.480883,2231.113523,1631.181273,FALSE,NA,NA,NA,NA,NA,NA,FALSE
"2162","A69-1602-3037",2162,"Noordzeekanaal","Kadoelen 5","VR2W-130998",52.411317,4.9304,2017-10-20 15:59:50,2017-10-20 15:59:50,1,NA,NA,NA,2231.113523,1631.181273,NA,NA,NA,NA,NA,NA,NA,FALSE
"2163","A69-1602-3038",2163,"Noordzeekanaal","rel_noordzeekanaal4","none",52.416521,4.913081,2017-11-08 15:45:00,2017-11-08 16:23:14,15,NA,NA,NA,0,0,TRUE,1406.942589,2,2017-11-08 17:20:22,1406.942589,5722,0.245883011010136,TRUE
"2164","A69-1602-3038",2164,"Noordzeekanaal","Kadoelen 5","VR2W-130998",52.411317,4.9304,2017-11-08 17:20:22,2017-11-08 19:07:36,23,3428,1406.942589,0.410427,1406.942589,1406.942589,FALSE,NA,NA,NA,NA,NA,NA,TRUE
"2165","A69-1602-3038",2165,"Noordzeekanaal","Kadoelen 5","VR2W-130998",52.411317,4.9304,2017-11-08 21:02:49,2017-11-08 22:26:59,37,NA,NA,NA,1406.942589,1406.942589,FALSE,NA,NA,NA,NA,NA,NA,TRUE
"2166","A69-1602-3038",2166,"Noordzeekanaal","Kadoelen 5","VR2W-130998",52.411317,4.9304,2017-11-09 00:04:24,2017-11-09 02:53:38,219,NA,NA,NA,1406.942589,1406.942589,NA,NA,NA,NA,NA,NA,NA,TRUE
"2167","A69-1602-3039",2167,"Noordzeekanaal","rel_noordzeekanaal4","none",52.416521,4.913081,2017-11-08 15:45:00,2017-11-08 17:37:23,6,NA,NA,NA,0,0,NA,NA,NA,NA,NA,NA,NA,FALSE
"2168","A69-1602-3039",2168,"Noordzeekanaal","Kadoelen 2","VR2W-131002",52.417517,4.913867,2017-11-08 19:25:27,2017-11-10 12:23:34,1500,6484,199.977416,0.030842,199.977416,199.977416,FALSE,NA,NA,NA,NA,NA,NA,FALSE
"2169","A69-1602-3039",2169,"Noordzeekanaal","Kadoelen 2","VR2W-130585",52.408992,4.909988,2017-11-10 14:56:03,2017-11-10 22:17:26,145,NA,NA,NA,199.977416,199.977416,FALSE,NA,NA,NA,NA,NA,NA,FALSE
"2170","A69-1602-3039",2170,"Noordzeekanaal","Kadoelen 2","VR2W-130585",52.408992,4.909988,2017-11-10 23:21:21,2017-11-11 04:19:11,106,NA,NA,NA,199.977416,199.977416,FALSE,NA,NA,NA,NA,NA,NA,FALSE
"2171","A69-1602-3039",2171,"Noordzeekanaal","Kadoelen 2","VR2W-130585",52.408992,4.909988,2017-11-11 05:42:37,2017-11-11 06:11:08,6,NA,NA,NA,199.977416,199.977416,FALSE,NA,NA,NA,NA,NA,NA,FALSE
"2172","A69-1602-3039",2172,"Noordzeekanaal","Kadoelen 2","VR2W-131002",52.417517,4.913867,2017-11-11 08:19:57,2018-01-03 08:47:50,102872,NA,NA,NA,199.977416,199.977416,FALSE,NA,NA,NA,NA,NA,NA,FALSE
"2173","A69-1602-3039",2173,"Noordzeekanaal","Kadoelen 2","VR2W-130585",52.408992,4.909988,2018-01-03 10:05:15,2018-01-03 10:08:14,5,NA,NA,NA,199.977416,199.977416,FALSE,NA,NA,NA,NA,NA,NA,FALSE
"2174","A69-1602-3039",2174,"Noordzeekanaal","Kadoelen 2","VR2W-130585",52.408992,4.909988,2018-01-03 11:33:32,2018-03-08 09:42:39,123237,NA,NA,NA,199.977416,199.977416,FALSE,NA,NA,NA,NA,NA,NA,FALSE
"2175","A69-1602-3039",2175,"Noordzeekanaal","Kadoelen 2","VR2W-130585",52.408992,4.909988,2018-03-08 10:54:11,2018-03-13 08:12:40,8980,NA,NA,NA,199.977416,199.977416,FALSE,NA,NA,NA,NA,NA,NA,FALSE
"2176","A69-1602-3039",2176,"Noordzeekanaal","Kadoelen 2","VR2W-130585",52.408992,4.909988,2018-03-13 09:15:18,2018-03-19 11:25:01,11928,NA,NA,NA,199.977416,199.977416,NA,NA,NA,NA,NA,NA,NA,FALSE
"2177","A69-1602-3040",2177,"Noordzeekanaal","rel_noordzeekanaal4","none",52.416521,4.913081,2017-11-08 15:45:00,2017-11-11 10:11:10,4298,NA,NA,NA,0,0,NA,NA,NA,NA,NA,NA,NA,FALSE
"2178","A69-1602-3040",2178,"Noordzeekanaal","Kadoelen 2","VR2W-131002",52.417517,4.913867,2017-11-11 13:40:45,2017-11-11 16:43:28,50,12575,199.977416,0.015903,199.977416,199.977416,FALSE,NA,NA,NA,NA,NA,NA,FALSE
"2179","A69-1602-3040",2179,"Noordzeekanaal","Kadoelen 2","VR2W-131002",52.417517,4.913867,2017-11-11 20:00:59,2017-11-11 20:29:01,15,NA,NA,NA,199.977416,199.977416,FALSE,NA,NA,NA,NA,NA,NA,FALSE
"2180","A69-1602-3040",2180,"Noordzeekanaal","Kadoelen 2","VR2W-131002",52.417517,4.913867,2017-11-11 22:29:35,2017-11-15 13:41:03,6573,NA,NA,NA,199.977416,199.977416,FALSE,NA,NA,NA,NA,NA,NA,FALSE
"2181","A69-1602-3040",2181,"Noordzeekanaal","Kadoelen 2","VR2W-131002",52.417517,4.913867,2017-11-15 16:13:14,2017-11-16 00:29:49,382,NA,NA,NA,199.977416,199.977416,FALSE,NA,NA,NA,NA,NA,NA,FALSE
"2182","A69-1602-3040",2182,"Noordzeekanaal","Kadoelen 2","VR2W-131002",52.417517,4.913867,2017-11-16 01:33:07,2017-11-16 01:42:27,5,NA,NA,NA,199.977416,199.977416,FALSE,NA,NA,NA,NA,NA,NA,FALSE
"2183","A69-1602-3040",2183,"Noordzeekanaal","Kadoelen 2","VR2W-131002",52.417517,4.913867,2017-11-16 11:32:13,2017-11-16 12:35:33,39,NA,NA,NA,199.977416,199.977416,FALSE,NA,NA,NA,NA,NA,NA,FALSE
"2184","A69-1602-3040",2184,"Noordzeekanaal","Kadoelen 2","VR2W-131002",52.417517,4.913867,2017-11-16 13:36:24,2017-11-16 13:36:24,1,NA,NA,NA,199.977416,199.977416,FALSE,NA,NA,NA,NA,NA,NA,FALSE
"2185","A69-1602-3040",2185,"Noordzeekanaal","Kadoelen 2","VR2W-131002",52.417517,4.913867,2017-11-17 02:12:38,2017-11-17 15:36:05,987,NA,NA,NA,199.977416,199.977416,FALSE,NA,NA,NA,NA,NA,NA,FALSE
"2186","A69-1602-3040",2186,"Noordzeekanaal","Kadoelen 2","VR2W-131002",52.417517,4.913867,2017-11-27 13:25:11,2017-11-27 16:14:35,223,NA,NA,NA,199.977416,199.977416,FALSE,NA,NA,NA,NA,NA,NA,FALSE
"2187","A69-1602-3040",2187,"Noordzeekanaal","Kadoelen 2","VR2W-131002",52.417517,4.913867,2017-11-28 03:45:03,2017-11-28 18:27:13,1168,NA,NA,NA,199.977416,199.977416,NA,NA,NA,NA,NA,NA,NA,FALSE
"2188","A69-1602-3040",2188,"Noordzeekanaal","Kadoelen 3","VR2W-131979",52.41495,4.918467,2017-11-29 07:16:56,2017-11-29 08:13:22,69,46183,424.215094,0.009186,624.19251,341.381441,FALSE,NA,NA,NA,NA,NA,NA,FALSE
"2189","A69-1602-3040",2189,"Noordzeekanaal","Kadoelen 3","VR2W-131979",52.41495,4.918467,2017-12-01 11:31:17,2017-12-01 11:49:56,28,NA,NA,NA,624.19251,341.381441,FALSE,NA,NA,NA,NA,NA,NA,FALSE
"2190","A69-1602-3040",2190,"Noordzeekanaal","Kadoelen 3","VR2W-131979",52.41495,4.918467,2017-12-01 20:44:49,2017-12-02 01:07:39,341,NA,NA,NA,624.19251,341.381441,FALSE,NA,NA,NA,NA,NA,NA,FALSE
"2191","A69-1602-3040",2191,"Noordzeekanaal","Kadoelen 3","VR2W-131979",52.41495,4.918467,2017-12-02 07:09:59,2017-12-04 15:52:16,4018,NA,NA,NA,624.19251,341.381441,FALSE,NA,NA,NA,NA,NA,NA,FALSE
"2192","A69-1602-3040",2192,"Noordzeekanaal","Kadoelen 2","VR2W-131002",52.417517,4.913867,2017-12-05 07:39:00,2017-12-05 09:20:07,136,56804,424.215094,0.007468,1048.407604,199.977416,FALSE,NA,NA,NA,NA,NA,NA,FALSE
"2193","A69-1602-3040",2193,"Noordzeekanaal","Kadoelen 2","VR2W-131002",52.417517,4.913867,2017-12-08 07:52:22,2017-12-08 15:00:21,345,NA,NA,NA,1048.407604,199.977416,FALSE,NA,NA,NA,NA,NA,NA,FALSE
"2194","A69-1602-3040",2194,"Noordzeekanaal","Kadoelen 2","VR2W-131002",52.417517,4.913867,2017-12-09 07:50:59,2017-12-09 07:57:31,4,NA,NA,NA,1048.407604,199.977416,FALSE,NA,NA,NA,NA,NA,NA,FALSE
"2195","A69-1602-3040",2195,"Noordzeekanaal","Kadoelen 2","VR2W-131002",52.417517,4.913867,2017-12-10 07:47:44,2017-12-10 07:56:15,11,NA,NA,NA,1048.407604,199.977416,FALSE,NA,NA,NA,NA,NA,NA,FALSE
"2196","A69-1602-3040",2196,"Noordzeekanaal","Kadoelen 2","VR2W-131002",52.417517,4.913867,2017-12-10 09:01:02,2017-12-10 14:59:05,252,NA,NA,NA,1048.407604,199.977416,FALSE,NA,NA,NA,NA,NA,NA,FALSE
"2197","A69-1602-3040",2197,"Noordzeekanaal","Kadoelen 2","VR2W-131002",52.417517,4.913867,2017-12-11 08:01:19,2017-12-11 15:13:18,559,NA,NA,NA,1048.407604,199.977416,FALSE,NA,NA,NA,NA,NA,NA,FALSE
"2198","A69-1602-3040",2198,"Noordzeekanaal","Kadoelen 2","VR2W-131002",52.417517,4.913867,2017-12-18 11:55:14,2017-12-18 11:58:45,6,NA,NA,NA,1048.407604,199.977416,FALSE,NA,NA,NA,NA,NA,NA,FALSE
"2199","A69-1602-3040",2199,"Noordzeekanaal","Kadoelen 2","VR2W-131002",52.417517,4.913867,2017-12-21 08:01:04,2017-12-21 08:04:08,4,NA,NA,NA,1048.407604,199.977416,FALSE,NA,NA,NA,NA,NA,NA,FALSE
"2200","A69-1602-3040",2200,"Noordzeekanaal","Kadoelen 2","VR2W-131002",52.417517,4.913867,2017-12-28 00:20:31,2017-12-28 00:26:14,8,NA,NA,NA,1048.407604,199.977416,FALSE,NA,NA,NA,NA,NA,NA,FALSE
"2201","A69-1602-3040",2201,"Noordzeekanaal","Kadoelen 2","VR2W-131002",52.417517,4.913867,2017-12-28 08:48:08,2017-12-30 09:20:14,3850,NA,NA,NA,1048.407604,199.977416,FALSE,NA,NA,NA,NA,NA,NA,FALSE
"2202","A69-1602-3040",2202,"Noordzeekanaal","Kadoelen 2","VR2W-131002",52.417517,4.913867,2017-12-30 12:08:49,2017-12-30 12:46:19,11,NA,NA,NA,1048.407604,199.977416,FALSE,NA,NA,NA,NA,NA,NA,FALSE
"2203","A69-1602-3040",2203,"Noordzeekanaal","Kadoelen 2","VR2W-131002",52.417517,4.913867,2017-12-30 18:41:49,2017-12-31 02:29:06,360,NA,NA,NA,1048.407604,199.977416,NA,NA,NA,NA,NA,NA,NA,FALSE
"2204","A69-1602-3040",2204,"Noordzeekanaal","Kadoelen 3","VR2W-131979",52.41495,4.918467,2018-01-02 09:02:41,2018-03-19 12:10:44,151060,196415,424.215094,0.00216,1472.622698,341.381441,NA,NA,NA,NA,NA,NA,NA,FALSE
"2205","A69-1602-3041",2205,"Noordzeekanaal","rel_noordzeekanaal4","none",52.416521,4.913081,2017-11-08 15:45:00,2017-11-08 15:45:00,1,NA,NA,NA,0,0,TRUE,1024.147343,3,2017-11-09 01:32:19,1024.147343,35239,0.0290628946054088,TRUE
"2206","A69-1602-3041",2206,"Noordzeekanaal","Kadoelen 2","VR2W-131002",52.417517,4.913867,2017-11-08 22:28:23,2017-11-09 01:25:14,143,24203,199.977416,0.008263,199.977416,199.977416,FALSE,1406.942589,8,2017-11-15 04:09:09,1206.965173,538846,0.00223990745593361,TRUE
"2207","A69-1602-3041",2207,"Noordzeekanaal","Kadoelen 1","VR2W-119049",52.408503,4.908567,2017-11-09 01:32:19,2017-11-09 01:32:19,1,425,1224.124759,2.880294,1424.102175,1024.147343,FALSE,NA,NA,NA,NA,NA,NA,TRUE
"2208","A69-1602-3041",2208,"Noordzeekanaal","Kadoelen 2","VR2W-130585",52.408992,4.909988,2017-11-09 01:35:44,2017-11-12 21:46:50,6068,205,1224.124759,5.97134,2648.226934,199.977416,FALSE,1406.942589,8,2017-11-15 04:09:09,1206.965173,527605,0.00228763027833322,TRUE
"2209","A69-1602-3041",2209,"Noordzeekanaal","Kadoelen 2","VR2W-130585",52.408992,4.909988,2017-11-12 22:54:15,2017-11-14 05:01:20,2029,NA,NA,NA,2648.226934,199.977416,FALSE,1406.942589,8,2017-11-15 04:09:09,1206.965173,191694,0.00629631168946342,TRUE
"2210","A69-1602-3041",2210,"Noordzeekanaal","Kadoelen 2","VR2W-130585",52.408992,4.909988,2017-11-14 08:15:35,2017-11-14 08:31:03,7,NA,NA,NA,2648.226934,199.977416,FALSE,1406.942589,8,2017-11-15 04:09:09,1206.965173,71614,0.016853760060882,TRUE
"2211","A69-1602-3041",2211,"Noordzeekanaal","Kadoelen 2","VR2W-130585",52.408992,4.909988,2017-11-14 11:50:06,2017-11-15 03:41:01,998,NA,NA,NA,2648.226934,199.977416,TRUE,1406.942589,8,2017-11-15 04:09:09,1206.965173,58743,0.020546536148988,TRUE
"2212","A69-1602-3041",2212,"Noordzeekanaal","Kadoelen 5","VR2W-130998",52.411317,4.9304,2017-11-15 04:09:09,2017-11-15 05:58:40,126,1688,1489.776242,0.882569,4138.003176,1406.942589,FALSE,4703.624813,10,2017-11-15 23:26:32,3296.682224,69443,0.0474732114683985,TRUE
"2213","A69-1602-3041",2213,"Noordzeekanaal","Kadoelen 5","VR2W-130998",52.411317,4.9304,2017-11-15 14:25:25,2017-11-15 16:45:12,79,NA,NA,NA,4138.003176,1406.942589,TRUE,4703.624813,10,2017-11-15 23:26:32,3296.682224,32467,0.101539477746635,TRUE
"2214","A69-1602-3041",2214,"Noordzeekanaal","Willem 2 sluis 2","VR2W-130587",52.383677,4.907053,2017-11-15 23:26:32,2017-11-15 23:54:39,5,24080,3720.8948,0.154522,7858.897976,4703.624813,FALSE,NA,NA,NA,NA,NA,NA,TRUE
"2215","A69-1602-3041",2215,"Noordzeekanaal","Willem 2 sluis 2","VR2W-130587",52.383677,4.907053,2017-11-16 01:08:44,2017-11-16 01:22:09,6,NA,NA,NA,7858.897976,4703.624813,FALSE,NA,NA,NA,NA,NA,NA,TRUE
"2216","A69-1602-3041",2216,"Noordzeekanaal","Willem 2 sluis 2","VR2W-130587",52.383677,4.907053,2017-11-16 13:34:42,2017-11-16 14:55:46,6,NA,NA,NA,7858.897976,4703.624813,FALSE,NA,NA,NA,NA,NA,NA,TRUE
"2217","A69-1602-3041",2217,"Noordzeekanaal","Willem 2 sluis 2","VR2W-130587",52.383677,4.907053,2017-11-17 04:58:27,2017-11-17 04:59:04,2,NA,NA,NA,7858.897976,4703.624813,FALSE,NA,NA,NA,NA,NA,NA,TRUE
"2218","A69-1602-3041",2218,"Noordzeekanaal","Willem 2 sluis 2","VR2W-130587",52.383677,4.907053,2017-11-17 21:45:17,2017-11-17 21:45:17,1,NA,NA,NA,7858.897976,4703.624813,FALSE,NA,NA,NA,NA,NA,NA,TRUE
"2219","A69-1602-3041",2219,"Noordzeekanaal","Kadoelen 5","VR2W-130998",52.411317,4.9304,2017-11-18 01:40:37,2017-11-18 03:01:33,49,14120,3720.8948,0.263519,11579.792776,1406.942589,FALSE,NA,NA,NA,NA,NA,NA,TRUE
"2220","A69-1602-3041",2220,"Noordzeekanaal","Kadoelen 2","VR2W-131002",52.417517,4.913867,2017-11-18 03:30:42,2017-11-18 06:02:51,137,1749,1489.776242,0.851787,13069.569018,199.977416,NA,NA,NA,NA,NA,NA,NA,TRUE
"2221","A69-1602-3041",2221,"Noordzeekanaal","Kadoelen 1","VR2W-119049",52.408503,4.908567,2017-11-18 06:06:29,2017-11-18 06:06:29,1,218,1224.124759,5.615251,14293.693777,1024.147343,NA,NA,NA,NA,NA,NA,NA,TRUE
"2222","A69-1602-3042",2222,"Noordzeekanaal","rel_noordzeekanaal4","none",52.416521,4.913081,2017-11-08 15:45:00,2017-11-09 00:54:36,338,NA,NA,NA,0,0,FALSE,1406.942589,3,2017-11-10 19:51:14,1406.942589,187574,0.0075007335185047,FALSE
"2223","A69-1602-3042",2223,"Noordzeekanaal","Kadoelen 3","VR2W-131979",52.41495,4.918467,2017-11-10 03:11:14,2017-11-10 19:13:04,1223,94598,341.381441,0.003609,341.381441,341.381441,TRUE,1406.942589,3,2017-11-10 19:51:14,1065.561148,60000,0.0177593524666667,TRUE
"2224","A69-1602-3042",2224,"Noordzeekanaal","Kadoelen 5","VR2W-130998",52.411317,4.9304,2017-11-10 19:51:14,2017-11-10 20:45:54,71,2290,1065.561148,0.465311,1406.942589,1406.942589,FALSE,4703.624813,4,2017-11-24 00:40:24,3296.682224,1140550,0.00289043200561133,TRUE
"2225","A69-1602-3042",2225,"Noordzeekanaal","Willem 2 sluis 2","VR2W-130587",52.383677,4.907053,2017-11-24 00:40:24,2017-11-24 00:43:35,2,1137270,3720.8948,0.003272,5127.837389,4703.624813,FALSE,NA,NA,NA,NA,NA,NA,TRUE
"2226","A69-1602-3042",2226,"Noordzeekanaal","Willem 2 sluis 2","VR2W-130587",52.383677,4.907053,2017-11-24 01:51:19,2017-11-24 01:52:55,2,NA,NA,NA,5127.837389,4703.624813,FALSE,NA,NA,NA,NA,NA,NA,TRUE
"2227","A69-1602-3042",2227,"Noordzeekanaal","Willem 2 sluis 2","VR2W-130587",52.383677,4.907053,2017-11-24 12:39:55,2017-11-24 13:21:05,3,NA,NA,NA,5127.837389,4703.624813,FALSE,NA,NA,NA,NA,NA,NA,TRUE
"2228","A69-1602-3042",2228,"Noordzeekanaal","Willem 2 sluis 2","VR2W-130587",52.383677,4.907053,2017-11-24 18:56:34,2017-11-24 19:02:52,3,NA,NA,NA,5127.837389,4703.624813,NA,NA,NA,NA,NA,NA,NA,TRUE
"2229","A69-1602-3043",2229,"Noordzeekanaal","rel_noordzeekanaal4","none",52.416521,4.913081,2017-11-08 15:45:00,2017-11-09 03:23:36,343,NA,NA,NA,0,0,FALSE,1406.942589,3,2017-11-11 01:54:50,1406.942589,209390,0.00671924441950427,FALSE
"2230","A69-1602-3043",2230,"Noordzeekanaal","Kadoelen 2","VR2W-131002",52.417517,4.913867,2017-11-10 20:58:56,2017-11-11 01:30:45,152,149720,199.977416,0.001336,199.977416,199.977416,TRUE,1406.942589,3,2017-11-11 01:54:50,1206.965173,17754,0.0679827178663963,TRUE
"2231","A69-1602-3043",2231,"Noordzeekanaal","Kadoelen 5","VR2W-130998",52.411317,4.9304,2017-11-11 01:54:50,2017-11-12 20:26:12,3302,1445,1489.776242,1.030987,1689.753658,1406.942589,FALSE,4703.624813,4,2017-11-19 05:33:50,3296.682224,704340,0.00468052676832212,TRUE
"2232","A69-1602-3043",2232,"Noordzeekanaal","Willem 2 sluis 2","VR2W-130587",52.383677,4.907053,2017-11-19 05:33:50,2017-11-19 11:40:47,102,551258,3720.8948,0.00675,5410.648458,4703.624813,FALSE,NA,NA,NA,NA,NA,NA,TRUE
"2233","A69-1602-3043",2233,"Noordzeekanaal","Willem 2 sluis 2","VR2W-130587",52.383677,4.907053,2017-11-19 14:26:10,2017-11-19 15:09:43,3,NA,NA,NA,5410.648458,4703.624813,FALSE,NA,NA,NA,NA,NA,NA,TRUE
"2234","A69-1602-3043",2234,"Noordzeekanaal","Willem 2 sluis 2","VR2W-130587",52.383677,4.907053,2017-11-19 16:45:05,2017-11-19 19:13:31,11,NA,NA,NA,5410.648458,4703.624813,FALSE,NA,NA,NA,NA,NA,NA,TRUE
"2235","A69-1602-3043",2235,"Noordzeekanaal","Willem 2 sluis 2","VR2W-130587",52.383677,4.907053,2017-11-21 12:58:15,2017-11-21 13:16:08,4,NA,NA,NA,5410.648458,4703.624813,FALSE,NA,NA,NA,NA,NA,NA,TRUE
"2236","A69-1602-3043",2236,"Noordzeekanaal","Willem 2 sluis 2","VR2W-130587",52.383677,4.907053,2017-11-21 16:25:31,2017-11-21 19:14:51,33,NA,NA,NA,5410.648458,4703.624813,FALSE,NA,NA,NA,NA,NA,NA,TRUE
"2237","A69-1602-3043",2237,"Noordzeekanaal","Willem 2 sluis 2","VR2W-130587",52.383677,4.907053,2017-11-21 20:26:23,2017-11-21 20:26:23,1,NA,NA,NA,5410.648458,4703.624813,FALSE,NA,NA,NA,NA,NA,NA,TRUE
"2238","A69-1602-3043",2238,"Noordzeekanaal","Willem 2 sluis 2","VR2W-130587",52.383677,4.907053,2017-11-21 21:55:05,2017-11-21 23:29:31,10,NA,NA,NA,5410.648458,4703.624813,FALSE,NA,NA,NA,NA,NA,NA,TRUE
"2239","A69-1602-3043",2239,"Noordzeekanaal","Willem 2 sluis 2","VR2W-130587",52.383677,4.907053,2017-11-22 01:07:42,2017-11-22 03:04:46,70,NA,NA,NA,5410.648458,4703.624813,FALSE,NA,NA,NA,NA,NA,NA,TRUE
"2240","A69-1602-3043",2240,"Noordzeekanaal","Willem 2 sluis 2","VR2W-130587",52.383677,4.907053,2017-11-22 05:33:22,2017-11-22 06:39:57,28,NA,NA,NA,5410.648458,4703.624813,FALSE,NA,NA,NA,NA,NA,NA,TRUE
"2241","A69-1602-3043",2241,"Noordzeekanaal","Willem 2 sluis 2","VR2W-130587",52.383677,4.907053,2017-11-22 07:42:29,2017-11-22 07:43:17,2,NA,NA,NA,5410.648458,4703.624813,FALSE,NA,NA,NA,NA,NA,NA,TRUE
"2242","A69-1602-3043",2242,"Noordzeekanaal","Willem 2 sluis 2","VR2W-130587",52.383677,4.907053,2017-11-22 09:29:28,2017-11-22 10:21:48,7,NA,NA,NA,5410.648458,4703.624813,FALSE,NA,NA,NA,NA,NA,NA,TRUE
"2243","A69-1602-3043",2243,"Noordzeekanaal","Willem 2 sluis 2","VR2W-130587",52.383677,4.907053,2017-11-22 11:34:14,2017-11-22 13:34:37,9,NA,NA,NA,5410.648458,4703.624813,FALSE,NA,NA,NA,NA,NA,NA,TRUE
"2244","A69-1602-3043",2244,"Noordzeekanaal","Willem 2 sluis 2","VR2W-130587",52.383677,4.907053,2017-11-22 14:34:49,2017-11-22 15:30:21,2,NA,NA,NA,5410.648458,4703.624813,FALSE,NA,NA,NA,NA,NA,NA,TRUE
"2245","A69-1602-3043",2245,"Noordzeekanaal","Willem 2 sluis 2","VR2W-130587",52.383677,4.907053,2017-11-22 17:07:21,2017-11-22 17:49:52,4,NA,NA,NA,5410.648458,4703.624813,FALSE,NA,NA,NA,NA,NA,NA,TRUE
"2246","A69-1602-3043",2246,"Noordzeekanaal","Willem 2 sluis 2","VR2W-130587",52.383677,4.907053,2017-11-22 18:51:09,2017-11-22 21:20:28,7,NA,NA,NA,5410.648458,4703.624813,FALSE,NA,NA,NA,NA,NA,NA,TRUE
"2247","A69-1602-3043",2247,"Noordzeekanaal","Willem 2 sluis 2","VR2W-130587",52.383677,4.907053,2017-11-22 22:39:06,2017-11-23 00:08:57,9,NA,NA,NA,5410.648458,4703.624813,FALSE,NA,NA,NA,NA,NA,NA,TRUE
"2248","A69-1602-3043",2248,"Noordzeekanaal","Willem 2 sluis 2","VR2W-130587",52.383677,4.907053,2017-11-23 02:16:52,2017-11-23 05:35:25,199,NA,NA,NA,5410.648458,4703.624813,FALSE,NA,NA,NA,NA,NA,NA,TRUE
"2249","A69-1602-3043",2249,"Noordzeekanaal","Willem 2 sluis 2","VR2W-130587",52.383677,4.907053,2017-11-23 12:16:03,2017-11-23 15:16:35,18,NA,NA,NA,5410.648458,4703.624813,FALSE,NA,NA,NA,NA,NA,NA,TRUE
"2250","A69-1602-3043",2250,"Noordzeekanaal","Willem 2 sluis 2","VR2W-130587",52.383677,4.907053,2017-11-23 16:31:34,2017-11-23 16:31:34,1,NA,NA,NA,5410.648458,4703.624813,FALSE,NA,NA,NA,NA,NA,NA,TRUE
"2251","A69-1602-3043",2251,"Noordzeekanaal","Willem 2 sluis 2","VR2W-130587",52.383677,4.907053,2017-11-23 20:28:16,2017-11-23 20:47:31,7,NA,NA,NA,5410.648458,4703.624813,FALSE,NA,NA,NA,NA,NA,NA,TRUE
"2252","A69-1602-3043",2252,"Noordzeekanaal","Willem 2 sluis 2","VR2W-130587",52.383677,4.907053,2017-11-23 22:25:52,2017-11-23 23:39:34,15,NA,NA,NA,5410.648458,4703.624813,FALSE,NA,NA,NA,NA,NA,NA,TRUE
"2253","A69-1602-3043",2253,"Noordzeekanaal","Willem 2 sluis 2","VR2W-130587",52.383677,4.907053,2017-11-24 01:52:38,2017-11-24 04:43:38,173,NA,NA,NA,5410.648458,4703.624813,NA,NA,NA,NA,NA,NA,NA,TRUE
"2254","A69-1602-3044",2254,"Noordzeekanaal","rel_noordzeekanaal4","none",52.416521,4.913081,2017-11-08 15:45:00,2017-11-08 15:54:14,2,NA,NA,NA,0,0,FALSE,1406.942589,3,2017-12-06 01:33:43,1406.942589,2368123,0.000594117192814731,FALSE
"2255","A69-1602-3044",2255,"Noordzeekanaal","Kadoelen 2","VR2W-131002",52.417517,4.913867,2017-12-05 23:25:20,2017-12-06 01:03:41,75,2359866,199.977416,8.5e-05,199.977416,199.977416,TRUE,1406.942589,3,2017-12-06 01:33:43,1206.965173,7703,0.156687676619499,TRUE
"2256","A69-1602-3044",2256,"Noordzeekanaal","Kadoelen 5","VR2W-130998",52.411317,4.9304,2017-12-06 01:33:43,2017-12-06 18:23:06,1209,1802,1489.776242,0.826735,1689.753658,1406.942589,FALSE,NA,NA,NA,NA,NA,NA,TRUE
"2257","A69-1602-3044",2257,"Noordzeekanaal","Kadoelen 5","VR2W-130998",52.411317,4.9304,2017-12-06 20:20:02,2017-12-06 20:58:18,5,NA,NA,NA,1689.753658,1406.942589,NA,NA,NA,NA,NA,NA,NA,TRUE
"2258","A69-1602-3045",2258,"Noordzeekanaal","rel_noordzeekanaal4","none",52.416521,4.913081,2017-11-08 15:45:00,2017-11-09 03:35:56,505,NA,NA,NA,0,0,FALSE,1406.942589,4,2017-11-11 03:03:52,1406.942589,213532,0.00658890746585992,FALSE
"2259","A69-1602-3045",2259,"Noordzeekanaal","Kadoelen 2","VR2W-131002",52.417517,4.913867,2017-11-09 05:51:21,2017-11-09 06:32:37,4,8125,199.977416,0.024613,199.977416,199.977416,FALSE,1406.942589,4,2017-11-11 03:03:52,1206.965173,162751,0.00741602308434357,FALSE
"2260","A69-1602-3045",2260,"Noordzeekanaal","Kadoelen 2","VR2W-131002",52.417517,4.913867,2017-11-11 00:11:41,2017-11-11 02:31:35,93,NA,NA,NA,199.977416,199.977416,TRUE,1406.942589,4,2017-11-11 03:03:52,1206.965173,10331,0.116829462104346,TRUE
"2261","A69-1602-3045",2261,"Noordzeekanaal","Kadoelen 5","VR2W-130998",52.411317,4.9304,2017-11-11 03:03:52,2017-11-11 04:34:36,28,1937,1489.776242,0.769115,1689.753658,1406.942589,NA,NA,NA,NA,NA,NA,NA,TRUE
"2262","A69-1602-3046",2262,"Noordzeekanaal","rel_noordzeekanaal4","none",52.416521,4.913081,2017-11-08 15:45:00,2017-11-10 02:55:49,675,NA,NA,NA,0,0,FALSE,1406.942589,9,2017-11-12 01:08:28,1406.942589,293008,0.00480172073458745,FALSE
"2263","A69-1602-3046",2263,"Noordzeekanaal","Kadoelen 2","VR2W-131002",52.417517,4.913867,2017-11-10 04:08:12,2017-11-10 08:17:29,148,4343,199.977416,0.046046,199.977416,199.977416,FALSE,1406.942589,9,2017-11-12 01:08:28,1206.965173,162016,0.00744966653293502,FALSE
"2264","A69-1602-3046",2264,"Noordzeekanaal","Kadoelen 2","VR2W-131002",52.417517,4.913867,2017-11-10 09:25:42,2017-11-10 15:22:03,124,NA,NA,NA,199.977416,199.977416,FALSE,1406.942589,9,2017-11-12 01:08:28,1206.965173,142966,0.00844232316075151,FALSE
"2265","A69-1602-3046",2265,"Noordzeekanaal","Kadoelen 2","VR2W-131002",52.417517,4.913867,2017-11-10 16:28:54,2017-11-10 17:04:36,19,NA,NA,NA,199.977416,199.977416,FALSE,1406.942589,9,2017-11-12 01:08:28,1206.965173,117574,0.0102655788949938,FALSE
"2266","A69-1602-3046",2266,"Noordzeekanaal","Kadoelen 2","VR2W-131002",52.417517,4.913867,2017-11-10 18:22:03,2017-11-10 23:55:18,78,NA,NA,NA,199.977416,199.977416,FALSE,1406.942589,9,2017-11-12 01:08:28,1206.965173,110785,0.0108946623911179,FALSE
"2267","A69-1602-3046",2267,"Noordzeekanaal","Kadoelen 2","VR2W-131002",52.417517,4.913867,2017-11-11 03:34:43,2017-11-11 05:26:08,34,NA,NA,NA,199.977416,199.977416,FALSE,1406.942589,9,2017-11-12 01:08:28,1206.965173,77625,0.0155486656747182,FALSE
"2268","A69-1602-3046",2268,"Noordzeekanaal","Kadoelen 2","VR2W-131002",52.417517,4.913867,2017-11-11 08:10:51,2017-11-11 13:15:05,184,NA,NA,NA,199.977416,199.977416,FALSE,1406.942589,9,2017-11-12 01:08:28,1206.965173,61057,0.0197678427207364,FALSE
"2269","A69-1602-3046",2269,"Noordzeekanaal","Kadoelen 2","VR2W-131002",52.417517,4.913867,2017-11-11 15:10:19,2017-11-12 00:45:24,431,NA,NA,NA,199.977416,199.977416,TRUE,1406.942589,9,2017-11-12 01:08:28,1206.965173,35889,0.033630504416395,TRUE
"2270","A69-1602-3046",2270,"Noordzeekanaal","Kadoelen 5","VR2W-130998",52.411317,4.9304,2017-11-12 01:08:28,2017-11-12 05:43:47,165,1384,1489.776242,1.076428,1689.753658,1406.942589,FALSE,NA,NA,NA,NA,NA,NA,TRUE
"2271","A69-1602-3046",2271,"Noordzeekanaal","Kadoelen 5","VR2W-130998",52.411317,4.9304,2017-11-12 21:47:42,2017-11-12 21:52:58,2,NA,NA,NA,1689.753658,1406.942589,FALSE,NA,NA,NA,NA,NA,NA,TRUE
"2272","A69-1602-3046",2272,"Noordzeekanaal","Kadoelen 5","VR2W-130998",52.411317,4.9304,2017-11-12 23:13:37,2017-11-13 00:27:16,21,NA,NA,NA,1689.753658,1406.942589,FALSE,NA,NA,NA,NA,NA,NA,TRUE
"2273","A69-1602-3046",2273,"Noordzeekanaal","Kadoelen 5","VR2W-130998",52.411317,4.9304,2017-11-13 01:32:49,2017-11-13 05:25:38,56,NA,NA,NA,1689.753658,1406.942589,FALSE,NA,NA,NA,NA,NA,NA,TRUE
"2274","A69-1602-3046",2274,"Noordzeekanaal","Kadoelen 5","VR2W-130998",52.411317,4.9304,2017-11-13 15:49:20,2017-11-14 02:35:40,756,NA,NA,NA,1689.753658,1406.942589,FALSE,NA,NA,NA,NA,NA,NA,TRUE
"2275","A69-1602-3046",2275,"Noordzeekanaal","Kadoelen 3","VR2W-131979",52.41495,4.918467,2017-11-14 02:48:31,2017-11-14 03:47:24,24,771,1065.561148,1.382051,2755.314806,341.381441,TRUE,1406.942589,15,2017-11-14 04:40:25,1065.561148,6714,0.158707350014894,TRUE
"2276","A69-1602-3046",2276,"Noordzeekanaal","Kadoelen 5","VR2W-130998",52.411317,4.9304,2017-11-14 04:40:25,2017-11-14 05:01:47,27,3181,1065.561148,0.334977,3820.875954,1406.942589,FALSE,NA,NA,NA,NA,NA,NA,TRUE
"2277","A69-1602-3046",2277,"Noordzeekanaal","Kadoelen 5","VR2W-130998",52.411317,4.9304,2017-11-19 01:56:32,2017-11-19 02:22:43,35,NA,NA,NA,3820.875954,1406.942589,FALSE,NA,NA,NA,NA,NA,NA,TRUE
"2278","A69-1602-3046",2278,"Noordzeekanaal","Kadoelen 5","VR2W-130998",52.411317,4.9304,2017-11-19 04:16:08,2017-11-19 04:49:07,30,NA,NA,NA,3820.875954,1406.942589,FALSE,NA,NA,NA,NA,NA,NA,TRUE
"2279","A69-1602-3046",2279,"Noordzeekanaal","Kadoelen 5","VR2W-130998",52.411317,4.9304,2017-11-19 05:59:29,2017-11-19 06:36:40,24,NA,NA,NA,3820.875954,1406.942589,FALSE,NA,NA,NA,NA,NA,NA,TRUE
"2280","A69-1602-3046",2280,"Noordzeekanaal","Kadoelen 4","VR2W-131978",52.415583,4.92355,2017-11-19 16:07:17,2017-11-19 18:06:52,124,34237,707.025156,0.020651,4527.90111,699.917433,FALSE,NA,NA,NA,NA,NA,NA,TRUE
"2281","A69-1602-3046",2281,"Noordzeekanaal","Kadoelen 4","VR2W-131978",52.415583,4.92355,2017-11-19 19:42:49,2017-11-19 20:14:59,43,NA,NA,NA,4527.90111,699.917433,NA,NA,NA,NA,NA,NA,NA,TRUE
"2282","A69-1602-3046",2282,"Noordzeekanaal","Kadoelen 5","VR2W-130998",52.411317,4.9304,2017-11-19 21:43:55,2017-11-19 22:05:24,27,5336,707.025156,0.132501,5234.926266,1406.942589,NA,NA,NA,NA,NA,NA,NA,TRUE
"2283","A69-1602-3047",2283,"Noordzeekanaal","rel_noordzeekanaal4","none",52.416521,4.913081,2017-11-08 15:45:00,2017-11-08 16:12:49,16,NA,NA,NA,0,0,NA,NA,NA,NA,NA,NA,NA,FALSE
"2284","A69-1602-3048",2284,"Noordzeekanaal","rel_noordzeekanaal5","none",52.442922,4.789876,2017-10-06 12:00:00,2017-10-06 12:00:00,1,NA,NA,NA,0,0,FALSE,1765.483113,2,2017-10-16 21:51:04,1765.483113,899464,0.0019628168698247,FALSE
"2285","A69-1602-3048",2285,"Noordzeekanaal","Overtoom 3","VR2W-119052",52.4312,4.784414,2017-10-16 21:51:04,2017-10-16 23:26:04,175,899464,1765.483113,0.001963,1765.483113,1765.483113,FALSE,8675.952125,7,2017-10-25 02:56:55,6910.469012,709551,0.00973921397052502,FALSE
"2286","A69-1602-3048",2286,"Noordzeekanaal","Overtoom 3","VR2W-119052",52.4312,4.784414,2017-10-20 21:31:49,2017-10-20 23:39:39,189,NA,NA,NA,1765.483113,1765.483113,FALSE,8675.952125,7,2017-10-25 02:56:55,6910.469012,365106,0.0189272951197734,FALSE
"2287","A69-1602-3048",2287,"Noordzeekanaal","Overtoom 3","VR2W-119052",52.4312,4.784414,2017-10-21 01:13:44,2017-10-21 03:45:17,235,NA,NA,NA,1765.483113,1765.483113,FALSE,8675.952125,7,2017-10-25 02:56:55,6910.469012,351791,0.0196436776722543,FALSE
"2288","A69-1602-3048",2288,"Noordzeekanaal","Overtoom 3","VR2W-119052",52.4312,4.784414,2017-10-21 17:56:12,2017-10-21 18:38:17,66,NA,NA,NA,1765.483113,1765.483113,FALSE,NA,NA,NA,NA,NA,NA,FALSE
"2289","A69-1602-3048",2289,"Noordzeekanaal","Koog ad Zaan","VR2W-130586",52.463171,4.812326,2017-10-24 22:27:51,2017-10-25 02:10:51,246,272974,9900.077388,0.036267,11665.560501,-11548.416737,TRUE,8675.952125,7,2017-10-25 02:56:55,20224.368862,16144,1.25274831900396,TRUE
"2290","A69-1602-3048",2290,"Noordzeekanaal","Zaangemaal 1","VR2W-119070",52.440868,4.824139,2017-10-25 02:56:55,2017-10-25 07:49:35,443,2764,2872.464613,1.039242,14538.025114,8675.952125,FALSE,13803.774912,11,2017-11-04 22:09:38,5127.822787,933163,0.0054950986987268,TRUE
"2291","A69-1602-3048",2291,"Noordzeekanaal","Zaangemaal 1","VR2W-119070",52.440868,4.824139,2017-10-25 12:38:46,2017-10-25 12:51:28,2,NA,NA,NA,14538.025114,8675.952125,FALSE,13803.774912,11,2017-11-04 22:09:38,5127.822787,898252,0.0057086683770256,TRUE
"2292","A69-1602-3048",2292,"Noordzeekanaal","Zaangemaal 1","VR2W-119070",52.440868,4.824139,2017-10-25 16:42:54,2017-10-25 18:08:03,101,NA,NA,NA,14538.025114,8675.952125,FALSE,NA,NA,NA,NA,NA,NA,TRUE
"2293","A69-1602-3048",2293,"Noordzeekanaal","Overtoom 1","VR2W-119065",52.430117,4.784283,2017-11-01 20:41:08,2017-11-01 20:41:58,2,613985,6827.635359,0.01112,21365.660473,1848.316766,TRUE,13803.774912,11,2017-11-04 22:09:38,11955.458146,264510,0.045198511005255,TRUE
"2294","A69-1602-3048",2294,"Noordzeekanaal","Noordzeekanaal","VR2W-114165",52.462798,4.633995,2017-11-04 22:09:38,2017-11-04 23:31:26,14,264460,11955.458146,0.045207,33321.118619,13803.774912,FALSE,16127.765895,14,2017-11-05 17:37:48,2323.990983,70090,0.0331572404479954,TRUE
"2295","A69-1602-3048",2295,"Noordzeekanaal","Noordzeekanaal","VR2W-114165",52.462798,4.633995,2017-11-05 00:52:03,2017-11-05 02:16:34,29,NA,NA,NA,33321.118619,13803.774912,FALSE,16127.765895,14,2017-11-05 17:37:48,2323.990983,60345,0.0385117405418842,TRUE
"2296","A69-1602-3048",2296,"Noordzeekanaal","Noordzeekanaal","VR2W-114165",52.462798,4.633995,2017-11-05 16:42:26,2017-11-05 17:24:19,59,NA,NA,NA,33321.118619,13803.774912,TRUE,16127.765895,14,2017-11-05 17:37:48,2323.990983,3322,0.699575852799518,TRUE
"2297","A69-1602-3048",2297,"Noordzeekanaal","Middensluis NZK","VR2W-132417",52.465373,4.601803,2017-11-05 17:37:48,2017-11-05 21:31:37,113,809,2323.990983,2.872671,35645.109602,16127.765895,FALSE,NA,NA,NA,NA,NA,NA,TRUE
"2298","A69-1602-3048",2298,"Noordzeekanaal","Noordzeekanaal","VR2W-114165",52.462798,4.633995,2017-11-05 21:45:49,2017-11-05 21:45:49,1,852,2323.990983,2.727689,37969.100585,13803.774912,FALSE,15410.693911,19,2017-11-10 18:21:54,1606.918999,419765,0.00382813955189213,TRUE
"2299","A69-1602-3048",2299,"Noordzeekanaal","Noordzeekanaal","VR2W-114165",52.462798,4.633995,2017-11-06 04:48:28,2017-11-06 05:38:48,2,NA,NA,NA,37969.100585,13803.774912,FALSE,15410.693911,19,2017-11-10 18:21:54,1606.918999,394406,0.00407427625086839,TRUE
"2300","A69-1602-3048",2300,"Noordzeekanaal","Noordzeekanaal","VR2W-114165",52.462798,4.633995,2017-11-08 17:16:44,2017-11-08 17:59:50,11,NA,NA,NA,37969.100585,13803.774912,FALSE,15410.693911,19,2017-11-10 18:21:54,1606.918999,176710,0.00909353742855526,TRUE
"2301","A69-1602-3048",2301,"Noordzeekanaal","Noordzeekanaal","VR2W-114165",52.462798,4.633995,2017-11-09 17:00:56,2017-11-09 17:17:28,13,NA,NA,NA,37969.100585,13803.774912,TRUE,15410.693911,19,2017-11-10 18:21:54,1606.918999,91258,0.0176085274606062,TRUE
"2302","A69-1602-3048",2302,"Noordzeekanaal","Grote sluis NZK","VR2W-114178",52.467488,4.613347,2017-11-10 18:21:54,2017-11-10 20:13:11,97,90266,1606.918999,0.017802,39576.019584,15410.693911,NA,NA,NA,NA,NA,NA,NA,TRUE
"2303","A69-1602-3048",2303,"Noordzeekanaal","Grote sluis Noordzee","VR2W-132414",52.466907,4.600546,2017-11-10 21:36:37,2017-11-10 22:07:42,28,5006,941.310669,0.188036,40517.330253,16269.170927,NA,NA,NA,NA,NA,NA,NA,TRUE
"2304","A69-1602-3049",2304,"Noordzeekanaal","rel_noordzeekanaal5","none",52.442922,4.789876,2017-10-06 12:00:00,2017-10-06 12:00:00,1,NA,NA,NA,0,0,FALSE,1765.483113,2,2017-10-20 22:02:46,1765.483113,1245766,0.00141718678547978,FALSE
"2305","A69-1602-3049",2305,"Noordzeekanaal","Overtoom 3","VR2W-119052",52.4312,4.784414,2017-10-20 22:02:46,2017-10-21 00:23:58,192,1245766,1765.483113,0.001417,1765.483113,1765.483113,FALSE,13803.774912,19,2017-11-20 03:49:41,12038.291799,2612815,0.00460740304958445,FALSE
"2306","A69-1602-3049",2306,"Noordzeekanaal","Overtoom 2","VR2W-119062",52.430802,4.783545,2017-10-29 03:32:44,2017-10-29 05:00:39,129,702526,141.405031,0.000201,1906.888144,1906.888144,FALSE,NA,NA,NA,NA,NA,NA,FALSE
"2307","A69-1602-3049",2307,"Noordzeekanaal","Overtoom 3","VR2W-119052",52.4312,4.784414,2017-11-05 01:03:43,2017-11-05 02:35:54,161,590584,141.405031,0.000239,2048.293175,1765.483113,FALSE,13803.774912,19,2017-11-20 03:49:41,12038.291799,1305958,0.00921797775962167,FALSE
"2308","A69-1602-3049",2308,"Noordzeekanaal","Overtoom 3","VR2W-119052",52.4312,4.784414,2017-11-09 22:12:41,2017-11-11 22:17:58,2996,NA,NA,NA,2048.293175,1765.483113,TRUE,13803.774912,19,2017-11-20 03:49:41,12038.291799,884220,0.0136145889020832,TRUE
"2309","A69-1602-3049",2309,"Noordzeekanaal","Overtoom 1","VR2W-119065",52.430117,4.784283,2017-11-12 02:38:36,2017-11-12 02:40:16,2,15638,199.977416,0.012788,2248.270591,1848.316766,FALSE,13803.774912,19,2017-11-20 03:49:41,11955.458146,695465,0.0171905964297269,TRUE
"2310","A69-1602-3049",2310,"Noordzeekanaal","Overtoom 1","VR2W-119065",52.430117,4.784283,2017-11-12 17:52:03,2017-11-12 17:52:03,1,NA,NA,NA,2248.270591,1848.316766,FALSE,13803.774912,19,2017-11-20 03:49:41,11955.458146,640658,0.0186612172890996,TRUE
"2311","A69-1602-3049",2311,"Noordzeekanaal","Overtoom 1","VR2W-119065",52.430117,4.784283,2017-11-13 06:43:46,2017-11-13 06:45:18,3,NA,NA,NA,2248.270591,1848.316766,FALSE,13803.774912,19,2017-11-20 03:49:41,11955.458146,594355,0.0201150123175543,TRUE
"2312","A69-1602-3049",2312,"Noordzeekanaal","Overtoom 1","VR2W-119065",52.430117,4.784283,2017-11-13 16:56:39,2017-11-13 19:31:12,49,NA,NA,NA,2248.270591,1848.316766,FALSE,13803.774912,19,2017-11-20 03:49:41,11955.458146,557582,0.021441614230732,TRUE
"2313","A69-1602-3049",2313,"Noordzeekanaal","Overtoom 1","VR2W-119065",52.430117,4.784283,2017-11-13 21:13:36,2017-11-13 23:42:57,41,NA,NA,NA,2248.270591,1848.316766,FALSE,13803.774912,19,2017-11-20 03:49:41,11955.458146,542165,0.0220513278171774,TRUE
"2314","A69-1602-3049",2314,"Noordzeekanaal","Overtoom 1","VR2W-119065",52.430117,4.784283,2017-11-14 00:46:10,2017-11-14 02:16:28,14,NA,NA,NA,2248.270591,1848.316766,FALSE,13803.774912,19,2017-11-20 03:49:41,11955.458146,529411,0.0225825646728156,TRUE
"2315","A69-1602-3049",2315,"Noordzeekanaal","Overtoom 1","VR2W-119065",52.430117,4.784283,2017-11-14 03:22:44,2017-11-14 03:59:17,16,NA,NA,NA,2248.270591,1848.316766,FALSE,13803.774912,19,2017-11-20 03:49:41,11955.458146,520017,0.0229905140524252,TRUE
"2316","A69-1602-3049",2316,"Noordzeekanaal","Overtoom 1","VR2W-119065",52.430117,4.784283,2017-11-14 06:11:05,2017-11-14 07:34:59,3,NA,NA,NA,2248.270591,1848.316766,FALSE,13803.774912,19,2017-11-20 03:49:41,11955.458146,509916,0.0234459364797339,TRUE
"2317","A69-1602-3049",2317,"Noordzeekanaal","Overtoom 1","VR2W-119065",52.430117,4.784283,2017-11-14 14:27:20,2017-11-14 14:27:20,1,NA,NA,NA,2248.270591,1848.316766,FALSE,13803.774912,19,2017-11-20 03:49:41,11955.458146,480141,0.0248998901281082,TRUE
"2318","A69-1602-3049",2318,"Noordzeekanaal","Overtoom 1","VR2W-119065",52.430117,4.784283,2017-11-14 17:28:18,2017-11-14 21:04:41,53,NA,NA,NA,2248.270591,1848.316766,FALSE,13803.774912,19,2017-11-20 03:49:41,11955.458146,469283,0.0254760094569801,TRUE
"2319","A69-1602-3049",2319,"Noordzeekanaal","Overtoom 1","VR2W-119065",52.430117,4.784283,2017-11-17 19:50:27,2017-11-17 20:12:45,4,NA,NA,NA,2248.270591,1848.316766,FALSE,13803.774912,19,2017-11-20 03:49:41,11955.458146,201554,0.0593164022842514,TRUE
"2320","A69-1602-3049",2320,"Noordzeekanaal","Overtoom 1","VR2W-119065",52.430117,4.784283,2017-11-19 00:39:52,2017-11-19 00:39:52,1,NA,NA,NA,2248.270591,1848.316766,FALSE,13803.774912,19,2017-11-20 03:49:41,11955.458146,97789,0.12225769918907,TRUE
"2321","A69-1602-3049",2321,"Noordzeekanaal","Overtoom 1","VR2W-119065",52.430117,4.784283,2017-11-19 16:24:09,2017-11-19 16:24:09,1,NA,NA,NA,2248.270591,1848.316766,TRUE,13803.774912,19,2017-11-20 03:49:41,11955.458146,41132,0.290660754303219,TRUE
"2322","A69-1602-3049",2322,"Noordzeekanaal","Noordzeekanaal","VR2W-114165",52.462798,4.633995,2017-11-20 03:49:41,2017-11-20 04:19:41,42,41132,11955.458146,0.290661,14203.728737,13803.774912,TRUE,16127.765895,20,2017-11-20 04:35:01,2323.990983,2720,0.854408449632353,TRUE
"2323","A69-1602-3049",2323,"Noordzeekanaal","Middensluis NZK","VR2W-132417",52.465373,4.601803,2017-11-20 04:35:01,2017-11-20 05:38:51,53,920,2323.990983,2.526077,16527.71972,16127.765895,FALSE,201956.865708,24,2018-05-19 02:05:30,185829.099813,15543029,0.0119557841533333,TRUE
"2324","A69-1602-3049",2324,"Noordzeekanaal","Middensluis NZK","VR2W-132417",52.465373,4.601803,2017-11-20 06:50:53,2017-11-20 06:56:25,3,NA,NA,NA,16527.71972,16127.765895,FALSE,201956.865708,24,2018-05-19 02:05:30,185829.099813,15534877,0.0119620580074757,TRUE
"2325","A69-1602-3049",2325,"Noordzeekanaal","Middensluis NZK","VR2W-132417",52.465373,4.601803,2017-11-20 16:14:39,2017-11-20 18:25:51,58,NA,NA,NA,16527.71972,16127.765895,TRUE,201956.865708,24,2018-05-19 02:05:30,185829.099813,15501051,0.0119881613068043,TRUE
"2326","A69-1602-3049",2326,"Noordzeekanaal","Kleine sluis Noordzee","VR2W-132413",52.463762,4.587267,2017-11-20 18:55:45,2017-11-20 19:13:52,37,1794,1082.7157,0.60352,17610.43542,17044.81429,TRUE,201956.865708,24,2018-05-19 02:05:30,184912.051418,15491385,0.0119364441215553,TRUE
"2327","A69-1602-3049",2327,"Noordzeekanaal","bpns-O6","VR2W-131000",51.243106,2.917725,2018-05-19 02:05:30,2018-05-19 02:05:30,1,15490298,184912.051419,0.011937,202522.486839,201956.865708,NA,NA,NA,NA,NA,NA,NA,TRUE
"2328","A69-1602-3050",2328,"Noordzeekanaal","rel_noordzeekanaal5","none",52.442922,4.789876,2017-10-06 12:00:00,2017-10-06 12:00:00,1,NA,NA,NA,0,0,NA,NA,NA,NA,NA,NA,NA,FALSE
"2329","A69-1602-3051",2329,"Noordzeekanaal","rel_noordzeekanaal5","none",52.442922,4.789876,2017-10-06 12:00:00,2017-10-06 12:00:00,1,NA,NA,NA,0,0,NA,NA,NA,NA,NA,NA,NA,FALSE
"2330","A69-1602-3052",2330,"Noordzeekanaal","rel_noordzeekanaal5","none",52.442922,4.789876,2017-10-06 12:00:00,2017-10-06 12:00:00,1,NA,NA,NA,0,0,TRUE,1765.483113,2,2017-10-06 23:50:00,1765.483113,42600,0.0414432655633803,TRUE
"2331","A69-1602-3052",2331,"Noordzeekanaal","Overtoom 3","VR2W-119052",52.4312,4.784414,2017-10-06 23:50:00,2017-10-07 02:42:12,302,42600,1765.483113,0.041443,1765.483113,1765.483113,FALSE,13803.774912,33,2017-11-12 05:09:20,12038.291799,3129560,0.00384664035806951,TRUE
"2332","A69-1602-3052",2332,"Noordzeekanaal","Overtoom 3","VR2W-119052",52.4312,4.784414,2017-10-10 20:18:28,2017-10-11 01:05:36,717,NA,NA,NA,1765.483113,1765.483113,FALSE,13803.774912,33,2017-11-12 05:09:20,12038.291799,2796652,0.00430453692450831,TRUE
"2333","A69-1602-3052",2333,"Noordzeekanaal","Overtoom 3","VR2W-119052",52.4312,4.784414,2017-10-11 19:09:06,2017-10-12 03:04:29,1179,NA,NA,NA,1765.483113,1765.483113,FALSE,13803.774912,33,2017-11-12 05:09:20,12038.291799,2714414,0.00443495052670669,TRUE
"2334","A69-1602-3052",2334,"Noordzeekanaal","Overtoom 3","VR2W-119052",52.4312,4.784414,2017-10-12 19:00:43,2017-10-13 01:56:53,953,NA,NA,NA,1765.483113,1765.483113,FALSE,13803.774912,33,2017-11-12 05:09:20,12038.291799,2628517,0.00457987975691236,TRUE
"2335","A69-1602-3052",2335,"Noordzeekanaal","Overtoom 3","VR2W-119052",52.4312,4.784414,2017-10-13 19:35:57,2017-10-14 02:51:13,786,NA,NA,NA,1765.483113,1765.483113,FALSE,13803.774912,33,2017-11-12 05:09:20,12038.291799,2540003,0.00473947936242595,TRUE
"2336","A69-1602-3052",2336,"Noordzeekanaal","Overtoom 3","VR2W-119052",52.4312,4.784414,2017-10-14 18:41:21,2017-10-15 03:26:52,1000,NA,NA,NA,1765.483113,1765.483113,FALSE,13803.774912,33,2017-11-12 05:09:20,12038.291799,2456879,0.00489983096399945,TRUE
"2337","A69-1602-3052",2337,"Noordzeekanaal","Overtoom 3","VR2W-119052",52.4312,4.784414,2017-10-15 18:00:54,2017-10-16 03:51:58,1101,NA,NA,NA,1765.483113,1765.483113,FALSE,13803.774912,33,2017-11-12 05:09:20,12038.291799,2372906,0.0050732274262023,TRUE
"2338","A69-1602-3052",2338,"Noordzeekanaal","Overtoom 3","VR2W-119052",52.4312,4.784414,2017-10-16 17:33:44,2017-10-17 04:38:20,1428,NA,NA,NA,1765.483113,1765.483113,FALSE,13803.774912,33,2017-11-12 05:09:20,12038.291799,2288136,0.00526117844350161,TRUE
"2339","A69-1602-3052",2339,"Noordzeekanaal","Overtoom 3","VR2W-119052",52.4312,4.784414,2017-10-17 17:32:33,2017-10-18 04:17:44,1468,NA,NA,NA,1765.483113,1765.483113,FALSE,13803.774912,33,2017-11-12 05:09:20,12038.291799,2201807,0.00546746004486315,TRUE
"2340","A69-1602-3052",2340,"Noordzeekanaal","Overtoom 3","VR2W-119052",52.4312,4.784414,2017-10-18 17:16:38,2017-10-19 04:41:23,1640,NA,NA,NA,1765.483113,1765.483113,FALSE,13803.774912,33,2017-11-12 05:09:20,12038.291799,2116362,0.00568820069487167,TRUE
"2341","A69-1602-3052",2341,"Noordzeekanaal","Overtoom 3","VR2W-119052",52.4312,4.784414,2017-10-19 17:23:09,2017-10-20 04:27:06,1542,NA,NA,NA,1765.483113,1765.483113,FALSE,13803.774912,33,2017-11-12 05:09:20,12038.291799,2029571,0.00593144649731396,TRUE
"2342","A69-1602-3052",2342,"Noordzeekanaal","Overtoom 3","VR2W-119052",52.4312,4.784414,2017-10-20 16:46:31,2017-10-21 03:10:51,983,NA,NA,NA,1765.483113,1765.483113,FALSE,13803.774912,33,2017-11-12 05:09:20,12038.291799,1945369,0.00618817910586629,TRUE
"2343","A69-1602-3052",2343,"Noordzeekanaal","Overtoom 3","VR2W-119052",52.4312,4.784414,2017-10-21 17:12:10,2017-10-22 02:44:30,1350,NA,NA,NA,1765.483113,1765.483113,FALSE,13803.774912,33,2017-11-12 05:09:20,12038.291799,1857430,0.00648115503625978,TRUE
"2344","A69-1602-3052",2344,"Noordzeekanaal","Overtoom 3","VR2W-119052",52.4312,4.784414,2017-10-22 17:01:04,2017-10-23 02:33:33,974,NA,NA,NA,1765.483113,1765.483113,FALSE,13803.774912,33,2017-11-12 05:09:20,12038.291799,1771696,0.00679478409332075,TRUE
"2345","A69-1602-3052",2345,"Noordzeekanaal","Overtoom 3","VR2W-119052",52.4312,4.784414,2017-10-23 17:11:02,2017-10-24 04:50:53,1811,NA,NA,NA,1765.483113,1765.483113,FALSE,13803.774912,33,2017-11-12 05:09:20,12038.291799,1684698,0.0071456675315101,TRUE
"2346","A69-1602-3052",2346,"Noordzeekanaal","Overtoom 3","VR2W-119052",52.4312,4.784414,2017-10-24 16:48:42,2017-10-25 05:15:33,1941,NA,NA,NA,1765.483113,1765.483113,FALSE,13803.774912,33,2017-11-12 05:09:20,12038.291799,1599638,0.00752563504930491,TRUE
"2347","A69-1602-3052",2347,"Noordzeekanaal","Overtoom 3","VR2W-119052",52.4312,4.784414,2017-10-25 17:07:52,2017-10-26 05:25:52,1587,NA,NA,NA,1765.483113,1765.483113,FALSE,13803.774912,33,2017-11-12 05:09:20,12038.291799,1512088,0.00796136984024739,TRUE
"2348","A69-1602-3052",2348,"Noordzeekanaal","Overtoom 3","VR2W-119052",52.4312,4.784414,2017-10-26 16:54:52,2017-10-27 05:21:17,1851,NA,NA,NA,1765.483113,1765.483113,FALSE,13803.774912,33,2017-11-12 05:09:20,12038.291799,1426468,0.00843923018181971,TRUE
"2349","A69-1602-3052",2349,"Noordzeekanaal","Overtoom 3","VR2W-119052",52.4312,4.784414,2017-10-27 16:56:54,2017-10-28 04:55:41,1188,NA,NA,NA,1765.483113,1765.483113,FALSE,13803.774912,33,2017-11-12 05:09:20,12038.291799,1339946,0.00898416189831531,TRUE
"2350","A69-1602-3052",2350,"Noordzeekanaal","Overtoom 3","VR2W-119052",52.4312,4.784414,2017-10-28 16:56:26,2017-10-29 04:30:08,1202,NA,NA,NA,1765.483113,1765.483113,FALSE,13803.774912,33,2017-11-12 05:09:20,12038.291799,1253574,0.00960317603827138,TRUE
"2351","A69-1602-3052",2351,"Noordzeekanaal","Overtoom 3","VR2W-119052",52.4312,4.784414,2017-10-29 16:05:56,2017-10-30 04:56:49,1218,NA,NA,NA,1765.483113,1765.483113,FALSE,13803.774912,33,2017-11-12 05:09:20,12038.291799,1170204,0.0102873445988904,TRUE
"2352","A69-1602-3052",2352,"Noordzeekanaal","Overtoom 3","VR2W-119052",52.4312,4.784414,2017-10-30 16:50:25,2017-10-31 05:57:23,1377,NA,NA,NA,1765.483113,1765.483113,FALSE,13803.774912,33,2017-11-12 05:09:20,12038.291799,1081135,0.0111348645627049,TRUE
"2353","A69-1602-3052",2353,"Noordzeekanaal","Overtoom 3","VR2W-119052",52.4312,4.784414,2017-10-31 17:42:11,2017-11-01 04:55:35,1194,NA,NA,NA,1765.483113,1765.483113,FALSE,13803.774912,33,2017-11-12 05:09:20,12038.291799,991629,0.0121399150276969,TRUE
"2354","A69-1602-3052",2354,"Noordzeekanaal","Overtoom 3","VR2W-119052",52.4312,4.784414,2017-11-01 17:52:48,2017-11-02 05:43:26,1878,NA,NA,NA,1765.483113,1765.483113,FALSE,13803.774912,33,2017-11-12 05:09:20,12038.291799,904592,0.0133079795078886,TRUE
"2355","A69-1602-3052",2355,"Noordzeekanaal","Overtoom 3","VR2W-119052",52.4312,4.784414,2017-11-02 17:04:16,2017-11-03 05:15:23,1651,NA,NA,NA,1765.483113,1765.483113,FALSE,13803.774912,33,2017-11-12 05:09:20,12038.291799,821104,0.01466110480402,TRUE
"2356","A69-1602-3052",2356,"Noordzeekanaal","Overtoom 3","VR2W-119052",52.4312,4.784414,2017-11-03 16:48:36,2017-11-04 04:43:31,1520,NA,NA,NA,1765.483113,1765.483113,FALSE,13803.774912,33,2017-11-12 05:09:20,12038.291799,735644,0.0163642900628565,TRUE
"2357","A69-1602-3052",2357,"Noordzeekanaal","Overtoom 3","VR2W-119052",52.4312,4.784414,2017-11-04 16:40:38,2017-11-05 04:14:26,1398,NA,NA,NA,1765.483113,1765.483113,FALSE,13803.774912,33,2017-11-12 05:09:20,12038.291799,649722,0.0185283733643004,TRUE
"2358","A69-1602-3052",2358,"Noordzeekanaal","Overtoom 3","VR2W-119052",52.4312,4.784414,2017-11-05 17:05:44,2017-11-06 04:23:07,1296,NA,NA,NA,1765.483113,1765.483113,FALSE,13803.774912,33,2017-11-12 05:09:20,12038.291799,561816,0.0214274634382075,TRUE
"2359","A69-1602-3052",2359,"Noordzeekanaal","Overtoom 3","VR2W-119052",52.4312,4.784414,2017-11-06 16:52:41,2017-11-07 04:44:54,1638,NA,NA,NA,1765.483113,1765.483113,FALSE,13803.774912,33,2017-11-12 05:09:20,12038.291799,476199,0.0252799602666112,TRUE
"2360","A69-1602-3052",2360,"Noordzeekanaal","Overtoom 3","VR2W-119052",52.4312,4.784414,2017-11-07 16:46:25,2017-11-08 04:49:34,1653,NA,NA,NA,1765.483113,1765.483113,FALSE,13803.774912,33,2017-11-12 05:09:20,12038.291799,390175,0.0308535703184469,TRUE
"2361","A69-1602-3052",2361,"Noordzeekanaal","Overtoom 3","VR2W-119052",52.4312,4.784414,2017-11-11 16:57:41,2017-11-11 20:54:20,212,NA,NA,NA,1765.483113,1765.483113,TRUE,13803.774912,33,2017-11-12 05:09:20,12038.291799,43899,0.274227016537962,TRUE
"2362","A69-1602-3052",2362,"Noordzeekanaal","Noordzeekanaal","VR2W-114165",52.462798,4.633995,2017-11-12 05:09:20,2017-11-12 05:29:56,14,29700,12155.435563,0.409274,13920.918676,13803.774912,TRUE,15410.693911,34,2017-11-12 06:04:12,1606.918999,3292,0.488128493013366,TRUE
"2363","A69-1602-3052",2363,"Noordzeekanaal","Grote sluis NZK","VR2W-114178",52.467488,4.613347,2017-11-12 06:04:12,2017-11-12 06:46:56,18,2056,1606.918999,0.781575,15527.837675,15410.693911,TRUE,16834.791052,48,2017-11-12 19:42:59,1424.097141,49127,0.0289880746025607,TRUE
"2364","A69-1602-3052",2364,"Noordzeekanaal","Spuisluis NZK","VR2W-114167",52.470646,4.607811,2017-11-12 15:40:44,2017-11-12 17:21:13,48,32028,565.620125,0.01766,16093.4578,15976.314036,FALSE,NA,NA,NA,NA,NA,NA,TRUE
"2365","A69-1602-3052",2365,"Noordzeekanaal","Noordzeekanaal","VR2W-114165",52.462798,4.633995,2017-11-12 17:57:11,2017-11-12 18:08:30,7,2158,2172.539123,1.006737,18265.996923,13803.774912,TRUE,15410.693911,37,2017-11-12 18:08:41,1606.918999,690,2.32886811449275,TRUE
"2366","A69-1602-3052",2366,"Noordzeekanaal","Grote sluis NZK","VR2W-114178",52.467488,4.613347,2017-11-12 18:08:41,2017-11-12 18:08:41,1,11,1606.918999,146.083545,19872.915922,15410.693911,FALSE,NA,NA,NA,NA,NA,NA,TRUE
"2367","A69-1602-3052",2367,"Noordzeekanaal","Noordzeekanaal","VR2W-114165",52.462798,4.633995,2017-11-12 18:10:57,2017-11-12 18:10:57,1,136,1606.918999,11.815581,21479.834921,13803.774912,TRUE,15410.693911,39,2017-11-12 18:11:39,1606.918999,42,38.2599761666667,TRUE
"2368","A69-1602-3052",2368,"Noordzeekanaal","Grote sluis NZK","VR2W-114178",52.467488,4.613347,2017-11-12 18:11:39,2017-11-12 18:13:23,2,42,1606.918999,38.259976,23086.75392,15410.693911,FALSE,NA,NA,NA,NA,NA,NA,TRUE
"2369","A69-1602-3052",2369,"Noordzeekanaal","Noordzeekanaal","VR2W-114165",52.462798,4.633995,2017-11-12 18:14:22,2017-11-12 18:14:22,1,59,1606.918999,27.235915,24693.672919,13803.774912,TRUE,15410.693911,41,2017-11-12 18:18:37,1606.918999,255,6.30164313333333,TRUE
"2370","A69-1602-3052",2370,"Noordzeekanaal","Grote sluis NZK","VR2W-114178",52.467488,4.613347,2017-11-12 18:18:37,2017-11-12 18:41:42,13,255,1606.918999,6.301643,26300.591918,15410.693911,FALSE,NA,NA,NA,NA,NA,NA,TRUE
"2371","A69-1602-3052",2371,"Noordzeekanaal","Noordzeekanaal","VR2W-114165",52.462798,4.633995,2017-11-12 18:46:05,2017-11-12 18:50:04,3,263,1606.918999,6.109958,27907.510917,13803.774912,TRUE,15410.693911,43,2017-11-12 18:51:05,1606.918999,300,5.35639666333333,TRUE
"2372","A69-1602-3052",2372,"Noordzeekanaal","Grote sluis NZK","VR2W-114178",52.467488,4.613347,2017-11-12 18:51:05,2017-11-12 18:51:05,1,61,1606.918999,26.342934,29514.429916,15410.693911,FALSE,NA,NA,NA,NA,NA,NA,TRUE
"2373","A69-1602-3052",2373,"Noordzeekanaal","Noordzeekanaal","VR2W-114165",52.462798,4.633995,2017-11-12 18:51:40,2017-11-12 18:51:40,1,35,1606.918999,45.911971,31121.348915,13803.774912,TRUE,15410.693911,45,2017-11-12 18:51:51,1606.918999,11,146.083545363636,TRUE
"2374","A69-1602-3052",2374,"Noordzeekanaal","Grote sluis NZK","VR2W-114178",52.467488,4.613347,2017-11-12 18:51:51,2017-11-12 18:52:30,2,11,1606.918999,146.083545,32728.267914,15410.693911,FALSE,NA,NA,NA,NA,NA,NA,TRUE
"2375","A69-1602-3052",2375,"Noordzeekanaal","Noordzeekanaal","VR2W-114165",52.462798,4.633995,2017-11-12 18:52:33,2017-11-12 18:52:33,1,3,1606.918999,535.639666,34335.186913,13803.774912,TRUE,15410.693911,47,2017-11-12 18:53:13,1606.918999,40,40.172974975,TRUE
"2376","A69-1602-3052",2376,"Noordzeekanaal","Grote sluis NZK","VR2W-114178",52.467488,4.613347,2017-11-12 18:53:13,2017-11-12 18:54:06,2,40,1606.918999,40.172975,35942.105912,15410.693911,TRUE,16834.791052,48,2017-11-12 19:42:59,1424.097141,2986,0.47692469557937,TRUE
"2377","A69-1602-3052",2377,"Noordzeekanaal","Spuisluis Noordzee","VR2W-132408",52.470319,4.594701,2017-11-12 19:42:59,2017-11-12 20:12:25,51,2933,1424.097141,0.485543,37366.203053,16834.791052,NA,NA,NA,NA,NA,NA,NA,TRUE
"2378","A69-1602-3053",2378,"Noordzeekanaal","rel_noordzeekanaal5","none",52.442922,4.789876,2017-10-06 12:00:00,2017-10-06 12:00:00,1,NA,NA,NA,0,0,NA,NA,NA,NA,NA,NA,NA,FALSE
"2379","A69-1602-3054",2379,"Noordzeekanaal","rel_noordzeekanaal5","none",52.442922,4.789876,2017-10-06 12:00:00,2017-10-06 12:00:00,1,NA,NA,NA,0,0,FALSE,1765.483113,2,2017-11-09 17:30:13,1765.483113,2957413,0.000596968740246966,FALSE
"2380","A69-1602-3054",2380,"Noordzeekanaal","Overtoom 3","VR2W-119052",52.4312,4.784414,2017-11-09 17:30:13,2017-11-16 16:32:09,12849,2957413,1765.483113,0.000597,1765.483113,1765.483113,TRUE,13803.774912,3,2017-11-17 17:08:32,12038.291799,689899,0.0174493538894824,TRUE
"2381","A69-1602-3054",2381,"Noordzeekanaal","Noordzeekanaal","VR2W-114165",52.462798,4.633995,2017-11-17 17:08:32,2017-11-17 17:56:26,40,88583,12155.435563,0.137221,13920.918676,13803.774912,TRUE,15410.693911,4,2017-11-17 17:58:31,1606.918999,2999,0.535818272424141,TRUE
"2382","A69-1602-3054",2382,"Noordzeekanaal","Grote sluis NZK","VR2W-114178",52.467488,4.613347,2017-11-17 17:58:31,2017-11-17 22:49:49,302,125,1606.918999,12.855352,15527.837675,15410.693911,TRUE,16686.278297,5,2017-11-17 22:51:56,1275.584386,17605,0.0724558015336552,TRUE
"2383","A69-1602-3054",2383,"Noordzeekanaal","Kleine sluis NZK","VR2W-132415",52.464559,4.592909,2017-11-17 22:51:56,2017-11-18 03:30:39,331,127,1524.085346,12.000672,17051.923021,16686.278297,FALSE,NA,NA,NA,NA,NA,NA,TRUE
"2384","A69-1602-3054",2384,"Noordzeekanaal","Grote sluis NZK","VR2W-114178",52.467488,4.613347,2017-11-18 04:06:20,2017-11-18 04:07:12,2,2141,1524.085346,0.711857,18576.008367,15410.693911,FALSE,NA,NA,NA,NA,NA,NA,TRUE
"2385","A69-1602-3054",2385,"Noordzeekanaal","Noordzeekanaal","VR2W-114165",52.462798,4.633995,2017-11-18 04:41:00,2017-11-18 05:36:23,23,2028,1606.918999,0.792366,20182.927366,13803.774912,TRUE,15410.693911,8,2017-11-18 16:16:58,1606.918999,41758,0.0384817040806552,TRUE
"2386","A69-1602-3054",2386,"Noordzeekanaal","Grote sluis NZK","VR2W-114178",52.467488,4.613347,2017-11-18 16:16:58,2017-11-18 16:16:58,1,38435,1606.918999,0.041809,21789.846365,15410.693911,FALSE,NA,NA,NA,NA,NA,NA,TRUE
"2387","A69-1602-3054",2387,"Noordzeekanaal","Noordzeekanaal","VR2W-114165",52.462798,4.633995,2017-11-18 16:17:50,2017-11-18 16:17:50,1,52,1606.918999,30.902288,23396.765364,13803.774912,TRUE,15410.693911,10,2017-11-18 16:18:11,1606.918999,21,76.5199523333333,TRUE
"2388","A69-1602-3054",2388,"Noordzeekanaal","Grote sluis NZK","VR2W-114178",52.467488,4.613347,2017-11-18 16:18:11,2017-11-18 17:13:40,9,21,1606.918999,76.519952,25003.684363,15410.693911,FALSE,NA,NA,NA,NA,NA,NA,TRUE
"2389","A69-1602-3054",2389,"Noordzeekanaal","Noordzeekanaal","VR2W-114165",52.462798,4.633995,2017-11-18 17:36:12,2017-11-18 17:48:47,4,1352,1606.918999,1.18855,26610.603362,13803.774912,TRUE,15410.693911,12,2017-11-18 17:56:17,1606.918999,1205,1.33354273775934,TRUE
"2390","A69-1602-3054",2390,"Noordzeekanaal","Grote sluis NZK","VR2W-114178",52.467488,4.613347,2017-11-18 17:56:17,2017-11-18 17:56:17,1,450,1606.918999,3.570931,28217.522361,15410.693911,FALSE,NA,NA,NA,NA,NA,NA,TRUE
"2391","A69-1602-3054",2391,"Noordzeekanaal","Noordzeekanaal","VR2W-114165",52.462798,4.633995,2017-11-18 17:56:39,2017-11-18 17:56:39,1,22,1606.918999,73.041773,29824.44136,13803.774912,TRUE,15410.693911,14,2017-11-18 17:56:58,1606.918999,19,84.5746841578947,TRUE
"2392","A69-1602-3054",2392,"Noordzeekanaal","Grote sluis NZK","VR2W-114178",52.467488,4.613347,2017-11-18 17:56:58,2017-11-18 17:56:58,1,19,1606.918999,84.574684,31431.360359,15410.693911,FALSE,NA,NA,NA,NA,NA,NA,TRUE
"2393","A69-1602-3054",2393,"Noordzeekanaal","Noordzeekanaal","VR2W-114165",52.462798,4.633995,2017-11-18 17:57:29,2017-11-18 17:57:29,1,31,1606.918999,51.836097,33038.279358,13803.774912,TRUE,15410.693911,16,2017-11-18 17:58:28,1606.918999,59,27.2359152372881,TRUE
"2394","A69-1602-3054",2394,"Noordzeekanaal","Grote sluis NZK","VR2W-114178",52.467488,4.613347,2017-11-18 17:58:28,2017-11-18 18:00:11,2,59,1606.918999,27.235915,34645.198357,15410.693911,FALSE,NA,NA,NA,NA,NA,NA,TRUE
"2395","A69-1602-3054",2395,"Noordzeekanaal","Noordzeekanaal","VR2W-114165",52.462798,4.633995,2017-11-18 18:02:20,2017-11-18 18:03:43,2,129,1606.918999,12.456736,36252.117356,13803.774912,TRUE,15410.693911,18,2017-11-18 18:05:02,1606.918999,162,9.91925308024691,TRUE
"2396","A69-1602-3054",2396,"Noordzeekanaal","Grote sluis NZK","VR2W-114178",52.467488,4.613347,2017-11-18 18:05:02,2017-11-18 18:05:02,1,79,1606.918999,20.340747,37859.036355,15410.693911,FALSE,NA,NA,NA,NA,NA,NA,TRUE
"2397","A69-1602-3054",2397,"Noordzeekanaal","Noordzeekanaal","VR2W-114165",52.462798,4.633995,2017-11-18 18:06:15,2017-11-18 18:06:15,1,73,1606.918999,22.012589,39465.955354,13803.774912,TRUE,15410.693911,20,2017-11-18 18:06:59,1606.918999,44,36.5208863409091,TRUE
"2398","A69-1602-3054",2398,"Noordzeekanaal","Grote sluis NZK","VR2W-114178",52.467488,4.613347,2017-11-18 18:06:59,2017-11-18 18:15:37,5,44,1606.918999,36.520886,41072.874353,15410.693911,FALSE,NA,NA,NA,NA,NA,NA,TRUE
"2399","A69-1602-3054",2399,"Noordzeekanaal","Noordzeekanaal","VR2W-114165",52.462798,4.633995,2017-11-18 18:24:14,2017-11-18 18:35:09,11,517,1606.918999,3.108161,42679.793352,13803.774912,TRUE,15410.693911,22,2017-11-18 18:35:28,1606.918999,674,2.38415281750742,TRUE
"2400","A69-1602-3054",2400,"Noordzeekanaal","Grote sluis NZK","VR2W-114178",52.467488,4.613347,2017-11-18 18:35:28,2017-11-18 18:35:28,1,19,1606.918999,84.574684,44286.712351,15410.693911,FALSE,NA,NA,NA,NA,NA,NA,TRUE
"2401","A69-1602-3054",2401,"Noordzeekanaal","Noordzeekanaal","VR2W-114165",52.462798,4.633995,2017-11-18 18:35:44,2017-11-18 18:35:44,1,16,1606.918999,100.432437,45893.63135,13803.774912,TRUE,15410.693911,24,2017-11-18 18:42:34,1606.918999,410,3.91931463170732,TRUE
"2402","A69-1602-3054",2402,"Noordzeekanaal","Grote sluis NZK","VR2W-114178",52.467488,4.613347,2017-11-18 18:42:34,2017-11-18 18:42:34,1,410,1606.918999,3.919315,47500.550349,15410.693911,FALSE,NA,NA,NA,NA,NA,NA,TRUE
"2403","A69-1602-3054",2403,"Noordzeekanaal","Noordzeekanaal","VR2W-114165",52.462798,4.633995,2017-11-18 18:43:47,2017-11-18 18:44:25,2,73,1606.918999,22.012589,49107.469348,13803.774912,TRUE,15410.693911,26,2017-11-18 18:46:29,1606.918999,162,9.91925308024691,TRUE
"2404","A69-1602-3054",2404,"Noordzeekanaal","Grote sluis NZK","VR2W-114178",52.467488,4.613347,2017-11-18 18:46:29,2017-11-18 18:52:14,5,124,1606.918999,12.959024,50714.388347,15410.693911,FALSE,NA,NA,NA,NA,NA,NA,TRUE
"2405","A69-1602-3054",2405,"Noordzeekanaal","Noordzeekanaal","VR2W-114165",52.462798,4.633995,2017-11-18 18:54:04,2017-11-18 18:54:39,2,110,1606.918999,14.608355,52321.307346,13803.774912,TRUE,15410.693911,28,2017-11-18 18:54:55,1606.918999,51,31.5082156666667,TRUE
"2406","A69-1602-3054",2406,"Noordzeekanaal","Grote sluis NZK","VR2W-114178",52.467488,4.613347,2017-11-18 18:54:55,2017-11-18 18:54:55,1,16,1606.918999,100.432437,53928.226345,15410.693911,FALSE,NA,NA,NA,NA,NA,NA,TRUE
"2407","A69-1602-3054",2407,"Noordzeekanaal","Noordzeekanaal","VR2W-114165",52.462798,4.633995,2017-11-18 18:55:55,2017-11-18 18:56:40,2,60,1606.918999,26.781983,55535.145344,13803.774912,TRUE,15410.693911,30,2017-11-18 18:57:21,1606.918999,86,18.6851046395349,TRUE
"2408","A69-1602-3054",2408,"Noordzeekanaal","Grote sluis NZK","VR2W-114178",52.467488,4.613347,2017-11-18 18:57:21,2017-11-18 18:57:21,1,41,1606.918999,39.193146,57142.064343,15410.693911,FALSE,NA,NA,NA,NA,NA,NA,TRUE
"2409","A69-1602-3054",2409,"Noordzeekanaal","Noordzeekanaal","VR2W-114165",52.462798,4.633995,2017-11-18 18:58:01,2017-11-19 02:45:07,159,40,1606.918999,40.172975,58748.983342,13803.774912,TRUE,15410.693911,32,2017-11-19 03:10:36,1606.918999,29555,0.0543704618169514,TRUE
"2410","A69-1602-3054",2410,"Noordzeekanaal","Grote sluis NZK","VR2W-114178",52.467488,4.613347,2017-11-19 03:10:36,2017-11-19 03:11:23,2,1529,1606.918999,1.050961,60355.902341,15410.693911,FALSE,NA,NA,NA,NA,NA,NA,TRUE
"2411","A69-1602-3054",2411,"Noordzeekanaal","Noordzeekanaal","VR2W-114165",52.462798,4.633995,2017-11-19 03:35:46,2017-11-19 04:11:15,2,1463,1606.918999,1.098373,61962.82134,13803.774912,TRUE,15410.693911,34,2017-11-19 05:48:38,1606.918999,7972,0.201570371174109,TRUE
"2412","A69-1602-3054",2412,"Noordzeekanaal","Grote sluis NZK","VR2W-114178",52.467488,4.613347,2017-11-19 05:48:38,2017-11-19 05:48:38,1,5843,1606.918999,0.275016,63569.740339,15410.693911,FALSE,16834.791052,41,2017-11-20 20:47:35,1424.097141,140337,0.0101476954830159,TRUE
"2413","A69-1602-3054",2413,"Noordzeekanaal","Grote sluis NZK","VR2W-114178",52.467488,4.613347,2017-11-19 16:16:34,2017-11-19 23:25:15,283,NA,NA,NA,63569.740339,15410.693911,TRUE,16834.791052,41,2017-11-20 20:47:35,1424.097141,102661,0.0138718417023018,TRUE
"2414","A69-1602-3054",2414,"Noordzeekanaal","Spuisluis NZK","VR2W-114167",52.470646,4.607811,2017-11-20 01:36:14,2017-11-20 01:36:14,1,7859,565.620125,0.071971,64135.360464,15976.314036,FALSE,NA,NA,NA,NA,NA,NA,TRUE
"2415","A69-1602-3054",2415,"Noordzeekanaal","Noordzeekanaal","VR2W-114165",52.462798,4.633995,2017-11-20 04:35:11,2017-11-20 04:35:11,1,10737,2172.539123,0.202341,66307.899587,13803.774912,TRUE,15976.314036,38,2017-11-20 05:11:06,2172.539124,2155,1.00813880464037,TRUE
"2416","A69-1602-3054",2416,"Noordzeekanaal","Spuisluis NZK","VR2W-114167",52.470646,4.607811,2017-11-20 05:11:06,2017-11-20 07:55:05,84,2155,2172.539123,1.008139,68480.43871,15976.314036,FALSE,NA,NA,NA,NA,NA,NA,TRUE
"2417","A69-1602-3054",2417,"Noordzeekanaal","Spuisluis NZK","VR2W-114167",52.470646,4.607811,2017-11-20 10:09:00,2017-11-20 13:29:53,262,NA,NA,NA,68480.43871,15976.314036,FALSE,NA,NA,NA,NA,NA,NA,TRUE
"2418","A69-1602-3054",2418,"Noordzeekanaal","Spuisluis NZK","VR2W-114167",52.470646,4.607811,2017-11-20 17:32:46,2017-11-20 19:29:50,5,NA,NA,NA,68480.43871,15976.314036,NA,NA,NA,NA,NA,NA,NA,TRUE
"2419","A69-1602-3054",2419,"Noordzeekanaal","Spuisluis Noordzee","VR2W-132408",52.470319,4.594701,2017-11-20 20:47:35,2017-11-20 21:01:15,34,4665,941.310669,0.201781,69421.749379,16834.791052,NA,NA,NA,NA,NA,NA,NA,TRUE
"2420","A69-1602-3055",2420,"Noordzeekanaal","rel_noordzeekanaal5","none",52.442922,4.789876,2017-10-06 12:00:00,2017-10-06 12:00:00,1,NA,NA,NA,0,0,NA,NA,NA,NA,NA,NA,NA,FALSE
"2421","A69-1602-3056",2421,"Noordzeekanaal","rel_noordzeekanaal5","none",52.442922,4.789876,2017-10-06 12:00:00,2017-10-06 12:00:00,1,NA,NA,NA,0,0,FALSE,1765.483113,2,2017-10-21 00:30:22,1765.483113,1254622,0.00140718328946886,FALSE
"2422","A69-1602-3056",2422,"Noordzeekanaal","Overtoom 3","VR2W-119052",52.4312,4.784414,2017-10-21 00:30:22,2017-10-21 03:07:20,227,1254622,1765.483113,0.001407,1765.483113,1765.483113,NA,NA,NA,NA,NA,NA,NA,FALSE
"2423","A69-1602-3056",2423,"Noordzeekanaal","Overtoom 2","VR2W-119062",52.430802,4.783545,2017-10-21 22:08:50,2017-10-21 23:44:06,171,68490,141.405031,0.002065,1906.888144,1906.888144,FALSE,NA,NA,NA,NA,NA,NA,FALSE
"2424","A69-1602-3056",2424,"Noordzeekanaal","Overtoom 3","VR2W-119052",52.4312,4.784414,2017-10-23 04:20:15,2017-10-23 04:22:05,3,102969,141.405031,0.001373,2048.293175,1765.483113,FALSE,NA,NA,NA,NA,NA,NA,FALSE
"2425","A69-1602-3056",2425,"Noordzeekanaal","Overtoom 3","VR2W-119052",52.4312,4.784414,2017-10-23 20:54:45,2017-10-23 22:21:13,121,NA,NA,NA,2048.293175,1765.483113,FALSE,NA,NA,NA,NA,NA,NA,FALSE
"2426","A69-1602-3056",2426,"Noordzeekanaal","Overtoom 3","VR2W-119052",52.4312,4.784414,2017-10-29 03:05:52,2017-10-29 04:19:21,106,NA,NA,NA,2048.293175,1765.483113,FALSE,NA,NA,NA,NA,NA,NA,FALSE
"2427","A69-1602-3056",2427,"Noordzeekanaal","Overtoom 3","VR2W-119052",52.4312,4.784414,2017-10-30 23:28:06,2017-10-31 00:04:10,75,NA,NA,NA,2048.293175,1765.483113,NA,NA,NA,NA,NA,NA,NA,FALSE
"2428","A69-1602-3057",2428,"Noordzeekanaal","rel_noordzeekanaal5","none",52.442922,4.789876,2017-10-06 12:00:00,2017-10-06 12:00:00,1,NA,NA,NA,0,0,FALSE,1765.483113,2,2017-10-15 20:11:51,1765.483113,807111,0.00218741054576136,FALSE
"2429","A69-1602-3057",2429,"Noordzeekanaal","Overtoom 3","VR2W-119052",52.4312,4.784414,2017-10-15 20:11:51,2017-10-15 21:50:07,97,807111,1765.483113,0.002187,1765.483113,1765.483113,FALSE,13803.774912,14,2017-12-09 19:04:00,12038.291799,4747929,0.00253548269129551,FALSE
"2430","A69-1602-3057",2430,"Noordzeekanaal","Overtoom 3","VR2W-119052",52.4312,4.784414,2017-10-20 20:08:32,2017-10-21 01:20:48,435,NA,NA,NA,1765.483113,1765.483113,FALSE,13803.774912,14,2017-12-09 19:04:00,12038.291799,4316128,0.00278914151735074,FALSE
"2431","A69-1602-3057",2431,"Noordzeekanaal","Overtoom 3","VR2W-119052",52.4312,4.784414,2017-10-22 21:47:57,2017-10-23 02:38:58,465,NA,NA,NA,1765.483113,1765.483113,FALSE,13803.774912,14,2017-12-09 19:04:00,12038.291799,4137363,0.0029096532740782,FALSE
"2432","A69-1602-3057",2432,"Noordzeekanaal","Overtoom 3","VR2W-119052",52.4312,4.784414,2017-11-04 17:52:19,2017-11-04 18:28:24,65,NA,NA,NA,1765.483113,1765.483113,FALSE,13803.774912,14,2017-12-09 19:04:00,12038.291799,3028301,0.00397526263043205,FALSE
"2433","A69-1602-3057",2433,"Noordzeekanaal","Overtoom 3","VR2W-119052",52.4312,4.784414,2017-11-04 20:45:23,2017-11-04 20:49:19,7,NA,NA,NA,1765.483113,1765.483113,FALSE,13803.774912,14,2017-12-09 19:04:00,12038.291799,3017917,0.00398894064979256,FALSE
"2434","A69-1602-3057",2434,"Noordzeekanaal","Overtoom 3","VR2W-119052",52.4312,4.784414,2017-11-07 17:21:43,2017-11-07 17:59:51,78,NA,NA,NA,1765.483113,1765.483113,FALSE,13803.774912,14,2017-12-09 19:04:00,12038.291799,2770937,0.00434448412179707,FALSE
"2435","A69-1602-3057",2435,"Noordzeekanaal","Overtoom 3","VR2W-119052",52.4312,4.784414,2017-11-08 04:06:50,2017-11-08 04:07:30,2,NA,NA,NA,1765.483113,1765.483113,FALSE,13803.774912,14,2017-12-09 19:04:00,12038.291799,2732230,0.00440603162947483,FALSE
"2436","A69-1602-3057",2436,"Noordzeekanaal","Overtoom 3","VR2W-119052",52.4312,4.784414,2017-11-09 20:59:51,2017-11-11 03:09:19,2545,NA,NA,NA,1765.483113,1765.483113,FALSE,13803.774912,14,2017-12-09 19:04:00,12038.291799,2585049,0.0046568911455837,FALSE
"2437","A69-1602-3057",2437,"Noordzeekanaal","Overtoom 3","VR2W-119052",52.4312,4.784414,2017-11-20 19:31:59,2017-11-21 01:48:46,583,NA,NA,NA,1765.483113,1765.483113,FALSE,13803.774912,14,2017-12-09 19:04:00,12038.291799,1639921,0.00734077543918274,FALSE
"2438","A69-1602-3057",2438,"Noordzeekanaal","Overtoom 3","VR2W-119052",52.4312,4.784414,2017-11-21 18:14:08,2017-11-22 03:25:54,853,NA,NA,NA,1765.483113,1765.483113,FALSE,13803.774912,14,2017-12-09 19:04:00,12038.291799,1558192,0.00772580773036956,FALSE
"2439","A69-1602-3057",2439,"Noordzeekanaal","Overtoom 3","VR2W-119052",52.4312,4.784414,2017-11-22 19:05:31,2017-11-23 01:20:34,573,NA,NA,NA,1765.483113,1765.483113,FALSE,13803.774912,14,2017-12-09 19:04:00,12038.291799,1468709,0.00819651258281933,FALSE
"2440","A69-1602-3057",2440,"Noordzeekanaal","Overtoom 3","VR2W-119052",52.4312,4.784414,2017-12-06 18:57:07,2017-12-07 20:44:29,2397,NA,NA,NA,1765.483113,1765.483113,TRUE,13803.774912,14,2017-12-09 19:04:00,12038.291799,259613,0.0463701424774568,TRUE
"2441","A69-1602-3057",2441,"Noordzeekanaal","Noordzeekanaal","VR2W-114165",52.462798,4.633995,2017-12-09 19:04:00,2017-12-09 19:39:56,20,166771,12155.435563,0.072887,13920.918676,13803.774912,TRUE,16834.791052,15,2017-12-09 20:46:57,3031.01614,6177,0.490693887000162,TRUE
"2442","A69-1602-3057",2442,"Noordzeekanaal","Spuisluis Noordzee","VR2W-132409",52.471207,4.595198,2017-12-09 20:46:57,2017-12-09 21:00:12,32,4021,3031.016139,0.753797,16951.934815,16834.791052,NA,NA,NA,NA,NA,NA,NA,TRUE
"2443","A69-1602-3058",2443,"Noordzeekanaal","rel_noordzeekanaal5","none",52.442922,4.789876,2017-10-06 12:00:00,2017-10-06 12:00:00,1,NA,NA,NA,0,0,FALSE,1765.483113,2,2017-10-14 20:01:13,1765.483113,720073,0.00245181129274393,FALSE
"2444","A69-1602-3058",2444,"Noordzeekanaal","Overtoom 3","VR2W-119052",52.4312,4.784414,2017-10-14 20:01:13,2017-10-15 23:22:56,2588,720073,1765.483113,0.002452,1765.483113,1765.483113,FALSE,NA,NA,NA,NA,NA,NA,FALSE
"2445","A69-1602-3058",2445,"Noordzeekanaal","Overtoom 3","VR2W-119052",52.4312,4.784414,2017-10-17 18:40:28,2017-10-17 23:12:28,638,NA,NA,NA,1765.483113,1765.483113,FALSE,NA,NA,NA,NA,NA,NA,FALSE
"2446","A69-1602-3058",2446,"Noordzeekanaal","Overtoom 3","VR2W-119052",52.4312,4.784414,2017-10-18 18:26:43,2017-10-18 21:41:14,475,NA,NA,NA,1765.483113,1765.483113,FALSE,NA,NA,NA,NA,NA,NA,FALSE
"2447","A69-1602-3058",2447,"Noordzeekanaal","Overtoom 3","VR2W-119052",52.4312,4.784414,2017-10-20 16:55:31,2017-10-20 18:13:40,127,NA,NA,NA,1765.483113,1765.483113,FALSE,NA,NA,NA,NA,NA,NA,FALSE
"2448","A69-1602-3058",2448,"Noordzeekanaal","Overtoom 3","VR2W-119052",52.4312,4.784414,2017-11-22 17:39:49,2017-11-22 21:14:27,256,NA,NA,NA,1765.483113,1765.483113,FALSE,NA,NA,NA,NA,NA,NA,FALSE
"2449","A69-1602-3058",2449,"Noordzeekanaal","Overtoom 3","VR2W-119052",52.4312,4.784414,2017-11-23 03:53:20,2017-11-23 04:15:22,19,NA,NA,NA,1765.483113,1765.483113,FALSE,NA,NA,NA,NA,NA,NA,FALSE
"2450","A69-1602-3058",2450,"Noordzeekanaal","Overtoom 3","VR2W-119052",52.4312,4.784414,2017-12-01 19:36:59,2017-12-07 21:41:34,16222,NA,NA,NA,1765.483113,1765.483113,FALSE,NA,NA,NA,NA,NA,NA,FALSE
"2451","A69-1602-3058",2451,"Noordzeekanaal","Overtoom 3","VR2W-119052",52.4312,4.784414,2017-12-20 06:55:50,2017-12-25 19:32:37,13048,NA,NA,NA,1765.483113,1765.483113,FALSE,NA,NA,NA,NA,NA,NA,FALSE
"2452","A69-1602-3058",2452,"Noordzeekanaal","Overtoom 3","VR2W-119052",52.4312,4.784414,2018-01-01 03:22:08,2018-01-01 04:10:59,65,NA,NA,NA,1765.483113,1765.483113,FALSE,NA,NA,NA,NA,NA,NA,FALSE
"2453","A69-1602-3058",2453,"Noordzeekanaal","Overtoom 3","VR2W-119052",52.4312,4.784414,2018-01-01 05:32:54,2018-01-01 06:33:51,101,NA,NA,NA,1765.483113,1765.483113,FALSE,NA,NA,NA,NA,NA,NA,FALSE
"2454","A69-1602-3058",2454,"Noordzeekanaal","Overtoom 3","VR2W-119052",52.4312,4.784414,2018-01-01 16:54:53,2018-01-01 23:47:08,823,NA,NA,NA,1765.483113,1765.483113,FALSE,NA,NA,NA,NA,NA,NA,FALSE
"2455","A69-1602-3058",2455,"Noordzeekanaal","Overtoom 3","VR2W-119052",52.4312,4.784414,2018-01-03 16:48:19,2018-01-03 19:06:41,206,NA,NA,NA,1765.483113,1765.483113,NA,NA,NA,NA,NA,NA,NA,FALSE
"2456","A69-1602-3059",2456,"Noordzeekanaal","rel_noordzeekanaal5","none",52.442922,4.789876,2017-10-06 12:00:00,2017-10-06 12:00:00,1,NA,NA,NA,0,0,FALSE,1765.483113,2,2017-10-25 01:08:38,1765.483113,1602518,0.00110169315602071,FALSE
"2457","A69-1602-3059",2457,"Noordzeekanaal","Overtoom 3","VR2W-119052",52.4312,4.784414,2017-10-25 01:08:38,2017-10-25 01:37:04,33,1602518,1765.483113,0.001102,1765.483113,1765.483113,FALSE,13803.774912,4,2017-11-22 03:35:18,12038.291799,2428000,0.0049581102961285,FALSE
"2458","A69-1602-3059",2458,"Noordzeekanaal","Overtoom 3","VR2W-119052",52.4312,4.784414,2017-11-21 18:12:12,2017-11-21 19:44:32,88,NA,NA,NA,1765.483113,1765.483113,TRUE,13803.774912,4,2017-11-22 03:35:18,12038.291799,33786,0.356310063310247,TRUE
"2459","A69-1602-3059",2459,"Noordzeekanaal","Noordzeekanaal","VR2W-114165",52.462798,4.633995,2017-11-22 03:35:18,2017-11-22 04:02:54,35,28246,12155.435563,0.430342,13920.918676,13803.774912,TRUE,15410.693911,5,2017-11-22 04:39:07,1606.918999,3829,0.419670670932358,TRUE
"2460","A69-1602-3059",2460,"Noordzeekanaal","Grote sluis NZK","VR2W-114178",52.467488,4.613347,2017-11-22 04:39:07,2017-11-22 04:42:42,3,2173,1606.918999,0.739493,15527.837675,15410.693911,FALSE,NA,NA,NA,NA,NA,NA,TRUE
"2461","A69-1602-3059",2461,"Noordzeekanaal","Noordzeekanaal","VR2W-114165",52.462798,4.633995,2017-11-22 05:21:07,2017-11-22 05:49:06,40,2305,1606.918999,0.697145,17134.756674,13803.774912,FALSE,15976.314036,8,2017-11-22 17:56:41,2172.539124,45334,0.0479229523977588,TRUE
"2462","A69-1602-3059",2462,"Noordzeekanaal","Noordzeekanaal","VR2W-114165",52.462798,4.633995,2017-11-22 16:16:03,2017-11-22 16:16:03,1,NA,NA,NA,17134.756674,13803.774912,TRUE,15976.314036,8,2017-11-22 17:56:41,2172.539124,6038,0.359811050679033,TRUE
"2463","A69-1602-3059",2463,"Noordzeekanaal","Spuisluis NZK","VR2W-114167",52.470646,4.607811,2017-11-22 17:56:41,2017-11-22 19:17:52,87,6038,2172.539123,0.359811,19307.295797,15976.314036,FALSE,NA,NA,NA,NA,NA,NA,TRUE
"2464","A69-1602-3059",2464,"Noordzeekanaal","Noordzeekanaal","VR2W-114165",52.462798,4.633995,2017-11-22 19:54:47,2017-11-22 19:54:47,1,2215,2172.539123,0.98083,21479.83492,13803.774912,TRUE,15410.693911,10,2017-11-22 20:00:05,1606.918999,318,5.05320439937107,TRUE
"2465","A69-1602-3059",2465,"Noordzeekanaal","Grote sluis NZK","VR2W-114178",52.467488,4.613347,2017-11-22 20:00:05,2017-11-22 20:40:14,35,318,1606.918999,5.053204,23086.753919,15410.693911,FALSE,NA,NA,NA,NA,NA,NA,TRUE
"2466","A69-1602-3059",2466,"Noordzeekanaal","Noordzeekanaal","VR2W-114165",52.462798,4.633995,2017-11-22 20:48:49,2017-11-22 20:48:49,1,515,1606.918999,3.120231,24693.672918,13803.774912,TRUE,15976.314036,12,2017-11-22 21:23:23,2172.539124,2074,1.0475116316297,TRUE
"2467","A69-1602-3059",2467,"Noordzeekanaal","Spuisluis NZK","VR2W-114167",52.470646,4.607811,2017-11-22 21:23:23,2017-11-23 00:14:32,226,2074,2172.539123,1.047512,26866.212041,15976.314036,TRUE,17044.81429,13,2017-11-23 00:27:40,1068.500254,11057,0.0966356384191009,TRUE
"2468","A69-1602-3059",2468,"Noordzeekanaal","Kleine sluis Noordzee","VR2W-132413",52.463762,4.587267,2017-11-23 00:27:40,2017-11-23 00:48:16,21,788,1731.169478,2.196916,28597.381519,17044.81429,NA,NA,NA,NA,NA,NA,NA,TRUE
"2469","A69-1602-3060",2469,"Noordzeekanaal","rel_noordzeekanaal5","none",52.442922,4.789876,2017-10-06 12:00:00,2017-10-06 12:00:00,1,NA,NA,NA,0,0,FALSE,1765.483113,2,2017-10-15 18:29:37,1765.483113,800977,0.00220416205833626,FALSE
"2470","A69-1602-3060",2470,"Noordzeekanaal","Overtoom 3","VR2W-119052",52.4312,4.784414,2017-10-15 18:29:37,2017-10-15 21:47:15,262,800977,1765.483113,0.002204,1765.483113,1765.483113,FALSE,13803.774912,4,2017-10-22 00:37:23,12038.291799,540466,0.0222739114005321,FALSE
"2471","A69-1602-3060",2471,"Noordzeekanaal","Overtoom 3","VR2W-119052",52.4312,4.784414,2017-10-20 19:26:15,2017-10-20 21:07:18,142,NA,NA,NA,1765.483113,1765.483113,TRUE,13803.774912,4,2017-10-22 00:37:23,12038.291799,105068,0.114576196358549,TRUE
"2472","A69-1602-3060",2472,"Noordzeekanaal","Noordzeekanaal","VR2W-114165",52.462798,4.633995,2017-10-22 00:37:23,2017-10-22 02:09:03,91,99005,12155.435563,0.122776,13920.918676,13803.774912,TRUE,16127.765895,5,2017-10-22 02:13:13,2323.990983,5750,0.404172344869565,TRUE
"2473","A69-1602-3060",2473,"Noordzeekanaal","Middensluis NZK","VR2W-132417",52.465373,4.601803,2017-10-22 02:13:13,2017-10-22 02:13:13,1,250,2323.990983,9.295964,16244.909659,16127.765895,FALSE,NA,NA,NA,NA,NA,NA,TRUE
"2474","A69-1602-3060",2474,"Noordzeekanaal","Noordzeekanaal","VR2W-114165",52.462798,4.633995,2017-10-22 02:13:19,2017-10-22 02:14:55,2,6,2323.990983,387.331831,18568.900642,13803.774912,TRUE,16127.765895,7,2017-10-22 02:34:04,2323.990983,1245,1.86665942409639,TRUE
"2475","A69-1602-3060",2475,"Noordzeekanaal","Middensluis NZK","VR2W-132417",52.465373,4.601803,2017-10-22 02:34:04,2017-10-22 03:01:50,11,1149,2323.990983,2.022621,20892.891625,16127.765895,FALSE,NA,NA,NA,NA,NA,NA,TRUE
"2476","A69-1602-3060",2476,"Noordzeekanaal","Middensluis NZK","VR2W-132417",52.465373,4.601803,2017-10-22 22:52:11,2017-10-22 22:52:11,1,NA,NA,NA,20892.891625,16127.765895,FALSE,NA,NA,NA,NA,NA,NA,TRUE
"2477","A69-1602-3060",2477,"Noordzeekanaal","Middensluis NZK","VR2W-132417",52.465373,4.601803,2017-10-23 04:02:15,2017-10-23 04:28:34,5,NA,NA,NA,20892.891625,16127.765895,FALSE,NA,NA,NA,NA,NA,NA,TRUE
"2478","A69-1602-3060",2478,"Noordzeekanaal","Middensluis NZK","VR2W-132417",52.465373,4.601803,2017-10-23 05:51:49,2017-10-23 05:53:59,4,NA,NA,NA,20892.891625,16127.765895,FALSE,NA,NA,NA,NA,NA,NA,TRUE
"2479","A69-1602-3060",2479,"Noordzeekanaal","Middensluis NZK","VR2W-132417",52.465373,4.601803,2017-10-23 16:44:27,2017-10-24 06:27:45,856,NA,NA,NA,20892.891625,16127.765895,FALSE,NA,NA,NA,NA,NA,NA,TRUE
"2480","A69-1602-3060",2480,"Noordzeekanaal","Middensluis NZK","VR2W-132417",52.465373,4.601803,2017-10-24 16:37:57,2017-10-25 06:19:39,652,NA,NA,NA,20892.891625,16127.765895,FALSE,NA,NA,NA,NA,NA,NA,TRUE
"2481","A69-1602-3060",2481,"Noordzeekanaal","Middensluis NZK","VR2W-132417",52.465373,4.601803,2017-10-25 17:39:15,2017-10-25 20:22:23,80,NA,NA,NA,20892.891625,16127.765895,FALSE,NA,NA,NA,NA,NA,NA,TRUE
"2482","A69-1602-3060",2482,"Noordzeekanaal","Middensluis NZK","VR2W-132417",52.465373,4.601803,2017-10-25 22:08:10,2017-10-25 23:21:39,15,NA,NA,NA,20892.891625,16127.765895,FALSE,NA,NA,NA,NA,NA,NA,TRUE
"2483","A69-1602-3060",2483,"Noordzeekanaal","Middensluis NZK","VR2W-132417",52.465373,4.601803,2017-10-26 01:21:51,2017-10-26 04:05:50,137,NA,NA,NA,20892.891625,16127.765895,FALSE,NA,NA,NA,NA,NA,NA,TRUE
"2484","A69-1602-3060",2484,"Noordzeekanaal","Middensluis NZK","VR2W-132417",52.465373,4.601803,2017-10-26 18:21:23,2017-10-26 18:21:59,2,NA,NA,NA,20892.891625,16127.765895,FALSE,NA,NA,NA,NA,NA,NA,TRUE
"2485","A69-1602-3060",2485,"Noordzeekanaal","Middensluis NZK","VR2W-132417",52.465373,4.601803,2017-10-26 19:41:37,2017-10-27 05:31:58,426,NA,NA,NA,20892.891625,16127.765895,FALSE,NA,NA,NA,NA,NA,NA,TRUE
"2486","A69-1602-3060",2486,"Noordzeekanaal","Middensluis NZK","VR2W-132417",52.465373,4.601803,2017-10-27 16:43:46,2017-10-27 21:01:35,216,NA,NA,NA,20892.891625,16127.765895,FALSE,NA,NA,NA,NA,NA,NA,TRUE
"2487","A69-1602-3060",2487,"Noordzeekanaal","Middensluis NZK","VR2W-132417",52.465373,4.601803,2017-10-27 23:58:00,2017-10-28 01:12:50,25,NA,NA,NA,20892.891625,16127.765895,FALSE,NA,NA,NA,NA,NA,NA,TRUE
"2488","A69-1602-3060",2488,"Noordzeekanaal","Middensluis NZK","VR2W-132417",52.465373,4.601803,2017-10-28 03:09:33,2017-10-28 05:37:55,70,NA,NA,NA,20892.891625,16127.765895,FALSE,NA,NA,NA,NA,NA,NA,TRUE
"2489","A69-1602-3060",2489,"Noordzeekanaal","Middensluis NZK","VR2W-132417",52.465373,4.601803,2017-10-29 03:04:56,2017-10-29 03:05:40,2,NA,NA,NA,20892.891625,16127.765895,FALSE,NA,NA,NA,NA,NA,NA,TRUE
"2490","A69-1602-3060",2490,"Noordzeekanaal","Middensluis NZK","VR2W-132417",52.465373,4.601803,2017-10-29 05:16:29,2017-10-29 06:27:19,8,NA,NA,NA,20892.891625,16127.765895,FALSE,NA,NA,NA,NA,NA,NA,TRUE
"2491","A69-1602-3060",2491,"Noordzeekanaal","Middensluis NZK","VR2W-132417",52.465373,4.601803,2017-10-29 15:46:59,2017-10-30 06:03:05,376,NA,NA,NA,20892.891625,16127.765895,FALSE,NA,NA,NA,NA,NA,NA,TRUE
"2492","A69-1602-3060",2492,"Noordzeekanaal","Middensluis NZK","VR2W-132417",52.465373,4.601803,2017-10-30 17:01:01,2017-10-31 03:59:27,306,NA,NA,NA,20892.891625,16127.765895,FALSE,NA,NA,NA,NA,NA,NA,TRUE
"2493","A69-1602-3060",2493,"Noordzeekanaal","Middensluis NZK","VR2W-132417",52.465373,4.601803,2017-10-31 20:01:24,2017-11-01 06:10:02,611,NA,NA,NA,20892.891625,16127.765895,FALSE,NA,NA,NA,NA,NA,NA,TRUE
"2494","A69-1602-3060",2494,"Noordzeekanaal","Middensluis NZK","VR2W-132417",52.465373,4.601803,2017-11-01 16:45:39,2017-11-02 06:31:30,400,NA,NA,NA,20892.891625,16127.765895,FALSE,NA,NA,NA,NA,NA,NA,TRUE
"2495","A69-1602-3060",2495,"Noordzeekanaal","Middensluis NZK","VR2W-132417",52.465373,4.601803,2017-11-02 16:00:38,2017-11-02 16:00:38,1,NA,NA,NA,20892.891625,16127.765895,FALSE,NA,NA,NA,NA,NA,NA,TRUE
"2496","A69-1602-3060",2496,"Noordzeekanaal","Middensluis NZK","VR2W-132417",52.465373,4.601803,2017-11-02 17:53:23,2017-11-02 21:50:21,55,NA,NA,NA,20892.891625,16127.765895,FALSE,NA,NA,NA,NA,NA,NA,TRUE
"2497","A69-1602-3060",2497,"Noordzeekanaal","Middensluis NZK","VR2W-132417",52.465373,4.601803,2017-11-02 23:08:48,2017-11-03 06:25:37,202,NA,NA,NA,20892.891625,16127.765895,FALSE,NA,NA,NA,NA,NA,NA,TRUE
"2498","A69-1602-3060",2498,"Noordzeekanaal","Middensluis NZK","VR2W-132417",52.465373,4.601803,2017-11-03 07:44:24,2017-11-03 07:44:24,1,NA,NA,NA,20892.891625,16127.765895,FALSE,NA,NA,NA,NA,NA,NA,TRUE
"2499","A69-1602-3060",2499,"Noordzeekanaal","Middensluis NZK","VR2W-132417",52.465373,4.601803,2017-11-03 15:09:59,2017-11-04 06:47:31,499,NA,NA,NA,20892.891625,16127.765895,FALSE,NA,NA,NA,NA,NA,NA,TRUE
"2500","A69-1602-3060",2500,"Noordzeekanaal","Middensluis NZK","VR2W-132417",52.465373,4.601803,2017-11-04 16:16:09,2017-11-05 01:47:20,213,NA,NA,NA,20892.891625,16127.765895,FALSE,NA,NA,NA,NA,NA,NA,TRUE
"2501","A69-1602-3060",2501,"Noordzeekanaal","Middensluis NZK","VR2W-132417",52.465373,4.601803,2017-11-05 03:13:54,2017-11-05 03:14:34,2,NA,NA,NA,20892.891625,16127.765895,FALSE,NA,NA,NA,NA,NA,NA,TRUE
"2502","A69-1602-3060",2502,"Noordzeekanaal","Middensluis NZK","VR2W-132417",52.465373,4.601803,2017-11-05 04:29:05,2017-11-05 07:07:15,114,NA,NA,NA,20892.891625,16127.765895,FALSE,NA,NA,NA,NA,NA,NA,TRUE
"2503","A69-1602-3060",2503,"Noordzeekanaal","Noordzeekanaal","VR2W-114165",52.462798,4.633995,2017-11-05 07:08:57,2017-11-05 07:09:39,2,102,2323.990983,22.784225,23216.882608,13803.774912,TRUE,15410.693911,36,2017-11-05 07:10:25,1606.918999,88,18.2604431704545,TRUE
"2504","A69-1602-3060",2504,"Noordzeekanaal","Grote sluis NZK","VR2W-114178",52.467488,4.613347,2017-11-05 07:10:25,2017-11-05 07:29:16,6,46,1606.918999,34.933022,24823.801607,15410.693911,FALSE,NA,NA,NA,NA,NA,NA,TRUE
"2505","A69-1602-3060",2505,"Noordzeekanaal","Noordzeekanaal","VR2W-114165",52.462798,4.633995,2017-11-05 07:59:32,2017-11-05 09:35:23,45,1816,1606.918999,0.884867,26430.720606,13803.774912,TRUE,16127.765895,38,2017-11-05 09:36:07,2323.990983,5795,0.401033819327006,TRUE
"2506","A69-1602-3060",2506,"Noordzeekanaal","Middensluis NZK","VR2W-132417",52.465373,4.601803,2017-11-05 09:36:07,2017-11-05 09:36:07,1,44,2323.990983,52.817977,28754.711589,16127.765895,FALSE,NA,NA,NA,NA,NA,NA,TRUE
"2507","A69-1602-3060",2507,"Noordzeekanaal","Noordzeekanaal","VR2W-114165",52.462798,4.633995,2017-11-05 09:49:01,2017-11-05 09:49:01,1,774,2323.990983,3.002572,31078.702572,13803.774912,FALSE,15410.693911,41,2017-11-05 16:29:54,1606.918999,24053,0.0668074252276223,TRUE
"2508","A69-1602-3060",2508,"Noordzeekanaal","Noordzeekanaal","VR2W-114165",52.462798,4.633995,2017-11-05 16:25:26,2017-11-05 16:29:17,5,NA,NA,NA,31078.702572,13803.774912,TRUE,15410.693911,41,2017-11-05 16:29:54,1606.918999,268,5.9959664141791,TRUE
"2509","A69-1602-3060",2509,"Noordzeekanaal","Grote sluis NZK","VR2W-114178",52.467488,4.613347,2017-11-05 16:29:54,2017-11-05 16:38:13,2,37,1606.918999,43.430243,32685.621571,15410.693911,FALSE,NA,NA,NA,NA,NA,NA,TRUE
"2510","A69-1602-3060",2510,"Noordzeekanaal","Noordzeekanaal","VR2W-114165",52.462798,4.633995,2017-11-05 16:41:24,2017-11-05 16:41:24,1,191,1606.918999,8.413188,34292.54057,13803.774912,TRUE,15976.314036,43,2017-11-05 18:14:09,2172.539124,5565,0.390393373584906,TRUE
"2511","A69-1602-3060",2511,"Noordzeekanaal","Spuisluis NZK","VR2W-114167",52.470646,4.607811,2017-11-05 18:14:09,2017-11-05 19:37:31,24,5565,2172.539123,0.390393,36465.079693,15976.314036,FALSE,NA,NA,NA,NA,NA,NA,TRUE
"2512","A69-1602-3060",2512,"Noordzeekanaal","Noordzeekanaal","VR2W-114165",52.462798,4.633995,2017-11-05 20:12:28,2017-11-05 20:16:30,4,2097,2172.539123,1.036022,38637.618816,13803.774912,TRUE,15410.693911,45,2017-11-05 20:17:52,1606.918999,324,4.95962654012346,TRUE
"2513","A69-1602-3060",2513,"Noordzeekanaal","Grote sluis NZK","VR2W-114178",52.467488,4.613347,2017-11-05 20:17:52,2017-11-05 20:55:15,29,82,1606.918999,19.596573,40244.537815,15410.693911,FALSE,NA,NA,NA,NA,NA,NA,TRUE
"2514","A69-1602-3060",2514,"Noordzeekanaal","Noordzeekanaal","VR2W-114165",52.462798,4.633995,2017-11-05 21:19:58,2017-11-05 22:20:29,86,1483,1606.918999,1.08356,41851.456814,13803.774912,TRUE,16127.765895,47,2017-11-05 22:21:59,2323.990983,3721,0.624560866165009,TRUE
"2515","A69-1602-3060",2515,"Noordzeekanaal","Middensluis NZK","VR2W-132417",52.465373,4.601803,2017-11-05 22:21:59,2017-11-05 22:21:59,1,90,2323.990983,25.822122,44175.447797,16127.765895,FALSE,NA,NA,NA,NA,NA,NA,TRUE
"2516","A69-1602-3060",2516,"Noordzeekanaal","Noordzeekanaal","VR2W-114165",52.462798,4.633995,2017-11-05 22:22:35,2017-11-05 23:02:57,51,36,2323.990983,64.555305,46499.43878,13803.774912,TRUE,15410.693911,49,2017-11-05 23:04:12,1606.918999,2497,0.6435398474169,TRUE
"2517","A69-1602-3060",2517,"Noordzeekanaal","Grote sluis NZK","VR2W-114178",52.467488,4.613347,2017-11-05 23:04:12,2017-11-05 23:04:12,1,75,1606.918999,21.425587,48106.357779,15410.693911,FALSE,NA,NA,NA,NA,NA,NA,TRUE
"2518","A69-1602-3060",2518,"Noordzeekanaal","Noordzeekanaal","VR2W-114165",52.462798,4.633995,2017-11-05 23:05:25,2017-11-05 23:05:25,1,73,1606.918999,22.012589,49713.276778,13803.774912,TRUE,15410.693911,51,2017-11-05 23:05:57,1606.918999,32,50.21621871875,TRUE
"2519","A69-1602-3060",2519,"Noordzeekanaal","Grote sluis NZK","VR2W-114178",52.467488,4.613347,2017-11-05 23:05:57,2017-11-05 23:11:11,6,32,1606.918999,50.216219,51320.195777,15410.693911,FALSE,NA,NA,NA,NA,NA,NA,TRUE
"2520","A69-1602-3060",2520,"Noordzeekanaal","Noordzeekanaal","VR2W-114165",52.462798,4.633995,2017-11-05 23:12:05,2017-11-05 23:12:05,1,54,1606.918999,29.757759,52927.114776,13803.774912,TRUE,15410.693911,53,2017-11-05 23:12:40,1606.918999,35,45.9119714,TRUE
"2521","A69-1602-3060",2521,"Noordzeekanaal","Grote sluis NZK","VR2W-114178",52.467488,4.613347,2017-11-05 23:12:40,2017-11-05 23:15:06,4,35,1606.918999,45.911971,54534.033775,15410.693911,FALSE,NA,NA,NA,NA,NA,NA,TRUE
"2522","A69-1602-3060",2522,"Noordzeekanaal","Noordzeekanaal","VR2W-114165",52.462798,4.633995,2017-11-06 00:08:51,2017-11-06 00:10:19,3,3225,1606.918999,0.498269,56140.952774,13803.774912,TRUE,15976.314036,55,2017-11-06 00:36:47,2172.539124,1676,1.29626439379475,TRUE
"2523","A69-1602-3060",2523,"Noordzeekanaal","Spuisluis NZK","VR2W-114167",52.470646,4.607811,2017-11-06 00:36:47,2017-11-06 00:36:47,1,1588,2172.539123,1.368098,58313.491897,15976.314036,FALSE,17044.81429,81,2017-11-16 03:24:15,1068.500254,874048,0.00122247319826829,TRUE
"2524","A69-1602-3060",2524,"Noordzeekanaal","Spuisluis NZK","VR2W-114167",52.470646,4.607811,2017-11-06 01:50:39,2017-11-06 03:25:37,83,NA,NA,NA,58313.491897,15976.314036,FALSE,NA,NA,NA,NA,NA,NA,TRUE
"2525","A69-1602-3060",2525,"Noordzeekanaal","Noordzeekanaal","VR2W-114165",52.462798,4.633995,2017-11-06 04:35:53,2017-11-06 04:36:29,2,4216,2172.539123,0.515308,60486.03102,13803.774912,TRUE,15410.693911,58,2017-11-06 04:38:01,1606.918999,128,12.5540546796875,TRUE
"2526","A69-1602-3060",2526,"Noordzeekanaal","Grote sluis NZK","VR2W-114178",52.467488,4.613347,2017-11-06 04:38:01,2017-11-06 06:06:14,51,92,1606.918999,17.466511,62092.950019,15410.693911,FALSE,17044.81429,81,2017-11-16 03:24:15,1634.120379,859574,0.00190108167417814,TRUE
"2527","A69-1602-3060",2527,"Noordzeekanaal","Grote sluis NZK","VR2W-114178",52.467488,4.613347,2017-11-06 17:14:16,2017-11-06 22:25:30,135,NA,NA,NA,62092.950019,15410.693911,FALSE,17044.81429,81,2017-11-16 03:24:15,1634.120379,814199,0.00200702823142745,TRUE
"2528","A69-1602-3060",2528,"Noordzeekanaal","Middensluis NZK","VR2W-132417",52.465373,4.601803,2017-11-07 04:33:16,2017-11-07 04:33:16,1,22066,882.739291,0.040004,62975.68931,16127.765895,FALSE,NA,NA,NA,NA,NA,NA,TRUE
"2529","A69-1602-3060",2529,"Noordzeekanaal","Middensluis NZK","VR2W-132417",52.465373,4.601803,2017-11-07 06:00:05,2017-11-07 06:39:40,4,NA,NA,NA,62975.68931,16127.765895,FALSE,NA,NA,NA,NA,NA,NA,TRUE
"2530","A69-1602-3060",2530,"Noordzeekanaal","Middensluis NZK","VR2W-132417",52.465373,4.601803,2017-11-07 16:34:53,2017-11-07 22:13:20,151,NA,NA,NA,62975.68931,16127.765895,FALSE,NA,NA,NA,NA,NA,NA,TRUE
"2531","A69-1602-3060",2531,"Noordzeekanaal","Middensluis NZK","VR2W-132417",52.465373,4.601803,2017-11-08 00:54:36,2017-11-08 03:39:34,61,NA,NA,NA,62975.68931,16127.765895,FALSE,NA,NA,NA,NA,NA,NA,TRUE
"2532","A69-1602-3060",2532,"Noordzeekanaal","Middensluis NZK","VR2W-132417",52.465373,4.601803,2017-11-08 16:14:57,2017-11-09 05:22:50,618,NA,NA,NA,62975.68931,16127.765895,FALSE,NA,NA,NA,NA,NA,NA,TRUE
"2533","A69-1602-3060",2533,"Noordzeekanaal","Middensluis NZK","VR2W-132417",52.465373,4.601803,2017-11-09 16:29:21,2017-11-09 16:54:05,11,NA,NA,NA,62975.68931,16127.765895,FALSE,NA,NA,NA,NA,NA,NA,TRUE
"2534","A69-1602-3060",2534,"Noordzeekanaal","Middensluis NZK","VR2W-132417",52.465373,4.601803,2017-11-09 20:00:50,2017-11-09 20:45:39,8,NA,NA,NA,62975.68931,16127.765895,FALSE,NA,NA,NA,NA,NA,NA,TRUE
"2535","A69-1602-3060",2535,"Noordzeekanaal","Middensluis NZK","VR2W-132417",52.465373,4.601803,2017-11-10 00:39:43,2017-11-10 00:48:57,3,NA,NA,NA,62975.68931,16127.765895,FALSE,NA,NA,NA,NA,NA,NA,TRUE
"2536","A69-1602-3060",2536,"Noordzeekanaal","Middensluis NZK","VR2W-132417",52.465373,4.601803,2017-11-10 16:27:16,2017-11-11 05:54:23,354,NA,NA,NA,62975.68931,16127.765895,FALSE,NA,NA,NA,NA,NA,NA,TRUE
"2537","A69-1602-3060",2537,"Noordzeekanaal","Middensluis NZK","VR2W-132417",52.465373,4.601803,2017-11-11 16:39:56,2017-11-12 06:31:14,624,NA,NA,NA,62975.68931,16127.765895,FALSE,NA,NA,NA,NA,NA,NA,TRUE
"2538","A69-1602-3060",2538,"Noordzeekanaal","Middensluis NZK","VR2W-132417",52.465373,4.601803,2017-11-12 16:15:10,2017-11-12 20:01:33,140,NA,NA,NA,62975.68931,16127.765895,FALSE,NA,NA,NA,NA,NA,NA,TRUE
"2539","A69-1602-3060",2539,"Noordzeekanaal","Middensluis NZK","VR2W-132417",52.465373,4.601803,2017-11-12 22:14:03,2017-11-13 06:27:41,487,NA,NA,NA,62975.68931,16127.765895,FALSE,NA,NA,NA,NA,NA,NA,TRUE
"2540","A69-1602-3060",2540,"Noordzeekanaal","Middensluis NZK","VR2W-132417",52.465373,4.601803,2017-11-13 16:23:51,2017-11-13 21:34:13,72,NA,NA,NA,62975.68931,16127.765895,FALSE,NA,NA,NA,NA,NA,NA,TRUE
"2541","A69-1602-3060",2541,"Noordzeekanaal","Middensluis NZK","VR2W-132417",52.465373,4.601803,2017-11-13 23:18:24,2017-11-13 23:18:24,1,NA,NA,NA,62975.68931,16127.765895,FALSE,NA,NA,NA,NA,NA,NA,TRUE
"2542","A69-1602-3060",2542,"Noordzeekanaal","Middensluis NZK","VR2W-132417",52.465373,4.601803,2017-11-14 00:28:19,2017-11-14 00:28:19,1,NA,NA,NA,62975.68931,16127.765895,FALSE,NA,NA,NA,NA,NA,NA,TRUE
"2543","A69-1602-3060",2543,"Noordzeekanaal","Middensluis NZK","VR2W-132417",52.465373,4.601803,2017-11-14 02:05:03,2017-11-14 05:40:13,69,NA,NA,NA,62975.68931,16127.765895,FALSE,NA,NA,NA,NA,NA,NA,TRUE
"2544","A69-1602-3060",2544,"Noordzeekanaal","Middensluis NZK","VR2W-132417",52.465373,4.601803,2017-11-14 16:20:03,2017-11-15 05:04:30,939,NA,NA,NA,62975.68931,16127.765895,FALSE,NA,NA,NA,NA,NA,NA,TRUE
"2545","A69-1602-3060",2545,"Noordzeekanaal","Middensluis NZK","VR2W-132417",52.465373,4.601803,2017-11-15 12:30:58,2017-11-15 12:30:58,1,NA,NA,NA,62975.68931,16127.765895,FALSE,NA,NA,NA,NA,NA,NA,TRUE
"2546","A69-1602-3060",2546,"Noordzeekanaal","Middensluis NZK","VR2W-132417",52.465373,4.601803,2017-11-15 15:26:21,2017-11-15 18:45:15,140,NA,NA,NA,62975.68931,16127.765895,FALSE,NA,NA,NA,NA,NA,NA,TRUE
"2547","A69-1602-3060",2547,"Noordzeekanaal","Middensluis NZK","VR2W-132417",52.465373,4.601803,2017-11-15 20:07:54,2017-11-15 22:58:48,118,NA,NA,NA,62975.68931,16127.765895,NA,NA,NA,NA,NA,NA,NA,TRUE
"2548","A69-1602-3060",2548,"Noordzeekanaal","Grote sluis Noordzee","VR2W-132414",52.466907,4.600546,2017-11-16 01:19:06,2017-11-16 03:23:59,111,8418,141.405031,0.016798,63117.094341,16269.170927,NA,NA,NA,NA,NA,NA,NA,TRUE
"2549","A69-1602-3060",2549,"Noordzeekanaal","Kleine sluis Noordzee","VR2W-132416",52.464393,4.587385,2017-11-16 03:24:15,2017-11-16 04:03:46,19,16,1024.144322,64.00902,64141.238663,17044.81429,FALSE,NA,NA,NA,NA,NA,NA,TRUE
"2550","A69-1602-3060",2550,"Noordzeekanaal","Grote sluis Noordzee","VR2W-132414",52.466907,4.600546,2017-11-16 04:19:23,2017-11-16 20:30:56,735,937,1024.144322,1.093004,65165.382985,16269.170927,NA,NA,NA,NA,NA,NA,NA,TRUE
"2551","A69-1602-3061",2551,"Noordzeekanaal","rel_noordzeekanaal5","none",52.442922,4.789876,2017-10-06 12:00:00,2017-10-06 12:00:00,1,NA,NA,NA,0,0,FALSE,1765.483113,2,2017-10-08 20:41:33,1765.483113,204093,0.0086503854272317,FALSE
"2552","A69-1602-3061",2552,"Noordzeekanaal","Overtoom 3","VR2W-119052",52.4312,4.784414,2017-10-08 20:41:33,2017-10-17 22:24:58,19234,204093,1765.483113,0.00865,1765.483113,1765.483113,TRUE,13803.774912,3,2017-10-21 17:59:28,12038.291799,1113475,0.0108114612353219,TRUE
"2553","A69-1602-3061",2553,"Noordzeekanaal","Noordzeekanaal","VR2W-114165",52.462798,4.633995,2017-10-21 17:59:28,2017-10-21 18:59:07,56,329670,12155.435563,0.036872,13920.918676,13803.774912,TRUE,15410.693911,4,2017-10-21 19:07:48,1606.918999,4100,0.391931463170732,TRUE
"2554","A69-1602-3061",2554,"Noordzeekanaal","Grote sluis NZK","VR2W-114178",52.467488,4.613347,2017-10-21 19:07:48,2017-10-21 21:50:48,129,521,1606.918999,3.084298,15527.837675,15410.693911,FALSE,NA,NA,NA,NA,NA,NA,TRUE
"2555","A69-1602-3061",2555,"Noordzeekanaal","Noordzeekanaal","VR2W-114165",52.462798,4.633995,2017-10-21 21:50:50,2017-10-21 21:50:50,1,2,1606.918999,803.459499,17134.756674,13803.774912,TRUE,15410.693911,6,2017-10-21 21:51:29,1606.918999,39,41.2030512564102,TRUE
"2556","A69-1602-3061",2556,"Noordzeekanaal","Grote sluis NZK","VR2W-114178",52.467488,4.613347,2017-10-21 21:51:29,2017-10-22 01:12:44,113,39,1606.918999,41.203051,18741.675673,15410.693911,TRUE,16834.791052,7,2017-10-22 01:29:20,1424.097141,13071,0.108950894422768,TRUE
"2557","A69-1602-3061",2557,"Noordzeekanaal","Spuisluis Noordzee","VR2W-132409",52.471207,4.595198,2017-10-22 01:29:20,2017-10-22 01:29:20,1,996,1424.097141,1.429816,20165.772814,16834.791052,FALSE,NA,NA,NA,NA,NA,NA,TRUE
"2558","A69-1602-3061",2558,"Noordzeekanaal","Spuisluis Noordzee","VR2W-132408",52.470319,4.594701,2017-10-30 01:27:20,2017-10-30 01:27:20,1,NA,NA,NA,20165.772814,16834.791052,FALSE,NA,NA,NA,NA,NA,NA,TRUE
"2559","A69-1602-3061",2559,"Noordzeekanaal","Spuisluis Noordzee","VR2W-132408",52.470319,4.594701,2017-10-30 15:14:12,2017-10-30 15:14:12,1,NA,NA,NA,20165.772814,16834.791052,FALSE,NA,NA,NA,NA,NA,NA,TRUE
"2560","A69-1602-3061",2560,"Noordzeekanaal","Spuisluis Noordzee","VR2W-132408",52.470319,4.594701,2017-11-06 15:55:30,2017-11-06 16:43:51,12,NA,NA,NA,20165.772814,16834.791052,NA,NA,NA,NA,NA,NA,NA,TRUE
"2561","A69-1602-3062",2561,"Noordzeekanaal","rel_noordzeekanaal5","none",52.442922,4.789876,2017-10-06 12:00:00,2017-10-06 12:00:00,1,NA,NA,NA,0,0,FALSE,1765.483113,2,2017-10-11 18:14:43,1765.483113,454483,0.00388459659217176,FALSE
"2562","A69-1602-3062",2562,"Noordzeekanaal","Overtoom 3","VR2W-119052",52.4312,4.784414,2017-10-11 18:14:43,2017-10-11 19:01:49,74,454483,1765.483113,0.003885,1765.483113,1765.483113,FALSE,13803.774912,7,2017-11-12 23:39:11,12038.291799,2784268,0.00432368284913665,FALSE
"2563","A69-1602-3062",2563,"Noordzeekanaal","Overtoom 2","VR2W-119062",52.430802,4.783545,2017-10-20 17:51:53,2017-10-20 20:09:50,205,773404,141.405031,0.000183,1906.888144,1906.888144,FALSE,NA,NA,NA,NA,NA,NA,FALSE
"2564","A69-1602-3062",2564,"Noordzeekanaal","Overtoom 3","VR2W-119052",52.4312,4.784414,2017-10-29 03:11:10,2017-10-29 03:46:06,59,716480,141.405031,0.000197,2048.293175,1765.483113,FALSE,13803.774912,7,2017-11-12 23:39:11,12038.291799,1283281,0.00938086966065889,FALSE
"2565","A69-1602-3062",2565,"Noordzeekanaal","Overtoom 3","VR2W-119052",52.4312,4.784414,2017-11-10 15:15:44,2017-11-11 02:23:20,606,NA,NA,NA,2048.293175,1765.483113,FALSE,13803.774912,7,2017-11-12 23:39:11,12038.291799,203007,0.0592998852207067,FALSE
"2566","A69-1602-3062",2566,"Noordzeekanaal","Overtoom 3","VR2W-119052",52.4312,4.784414,2017-11-11 17:56:46,2017-11-11 19:58:28,106,NA,NA,NA,2048.293175,1765.483113,TRUE,13803.774912,7,2017-11-12 23:39:11,12038.291799,106945,0.112565260638646,TRUE
"2567","A69-1602-3062",2567,"Noordzeekanaal","Noordzeekanaal","VR2W-114165",52.462798,4.633995,2017-11-12 23:39:11,2017-11-13 01:54:15,152,99643,12155.435563,0.12199,14203.728738,13803.774912,TRUE,15410.693911,8,2017-11-13 02:01:17,1606.918999,8526,0.188472788998358,TRUE
"2568","A69-1602-3062",2568,"Noordzeekanaal","Grote sluis NZK","VR2W-114178",52.467488,4.613347,2017-11-13 02:01:17,2017-11-13 02:02:47,2,422,1606.918999,3.807865,15810.647737,15410.693911,FALSE,NA,NA,NA,NA,NA,NA,TRUE
"2569","A69-1602-3062",2569,"Noordzeekanaal","Noordzeekanaal","VR2W-114165",52.462798,4.633995,2017-11-13 02:03:04,2017-11-13 02:03:04,1,17,1606.918999,94.524647,17417.566736,13803.774912,TRUE,15410.693911,10,2017-11-13 02:04:08,1606.918999,64,25.108109359375,TRUE
"2570","A69-1602-3062",2570,"Noordzeekanaal","Grote sluis NZK","VR2W-114178",52.467488,4.613347,2017-11-13 02:04:08,2017-11-13 02:05:30,3,64,1606.918999,25.108109,19024.485735,15410.693911,FALSE,NA,NA,NA,NA,NA,NA,TRUE
"2571","A69-1602-3062",2571,"Noordzeekanaal","Noordzeekanaal","VR2W-114165",52.462798,4.633995,2017-11-13 02:09:40,2017-11-13 02:09:40,1,250,1606.918999,6.427676,20631.404734,13803.774912,TRUE,15410.693911,12,2017-11-13 02:15:08,1606.918999,328,4.89914328963414,TRUE
"2572","A69-1602-3062",2572,"Noordzeekanaal","Grote sluis NZK","VR2W-114178",52.467488,4.613347,2017-11-13 02:15:08,2017-11-13 03:19:28,52,328,1606.918999,4.899143,22238.323733,15410.693911,NA,NA,NA,NA,NA,NA,NA,TRUE
"2573","A69-1602-3063",2573,"Noordzeekanaal","rel_noordzeekanaal5","none",52.442922,4.789876,2017-10-25 12:00:00,2017-10-25 12:00:00,1,NA,NA,NA,0,0,FALSE,1765.483113,2,2017-11-09 18:00:36,1765.483113,1317636,0.00133988682230904,FALSE
"2574","A69-1602-3063",2574,"Noordzeekanaal","Overtoom 3","VR2W-119052",52.4312,4.784414,2017-11-09 18:00:36,2017-11-10 16:57:29,1179,1317636,1765.483113,0.00134,1765.483113,1765.483113,FALSE,NA,NA,NA,NA,NA,NA,FALSE
"2575","A69-1602-3063",2575,"Noordzeekanaal","Overtoom 3","VR2W-119052",52.4312,4.784414,2017-11-10 22:28:02,2017-11-11 18:15:13,1128,NA,NA,NA,1765.483113,1765.483113,FALSE,NA,NA,NA,NA,NA,NA,FALSE
"2576","A69-1602-3063",2576,"Noordzeekanaal","Overtoom 3","VR2W-119052",52.4312,4.784414,2017-11-14 17:49:14,2017-11-15 04:25:56,802,NA,NA,NA,1765.483113,1765.483113,FALSE,NA,NA,NA,NA,NA,NA,FALSE
"2577","A69-1602-3063",2577,"Noordzeekanaal","Overtoom 3","VR2W-119052",52.4312,4.784414,2017-11-16 20:45:04,2017-11-17 01:49:40,611,NA,NA,NA,1765.483113,1765.483113,FALSE,NA,NA,NA,NA,NA,NA,FALSE
"2578","A69-1602-3063",2578,"Noordzeekanaal","Overtoom 3","VR2W-119052",52.4312,4.784414,2017-11-20 21:27:11,2017-11-20 22:05:39,62,NA,NA,NA,1765.483113,1765.483113,FALSE,NA,NA,NA,NA,NA,NA,FALSE
"2579","A69-1602-3063",2579,"Noordzeekanaal","Overtoom 3","VR2W-119052",52.4312,4.784414,2017-11-21 16:56:14,2017-11-22 00:31:27,591,NA,NA,NA,1765.483113,1765.483113,FALSE,NA,NA,NA,NA,NA,NA,FALSE
"2580","A69-1602-3063",2580,"Noordzeekanaal","Overtoom 3","VR2W-119052",52.4312,4.784414,2017-11-22 02:01:59,2017-11-22 02:13:31,16,NA,NA,NA,1765.483113,1765.483113,FALSE,NA,NA,NA,NA,NA,NA,FALSE
"2581","A69-1602-3063",2581,"Noordzeekanaal","Overtoom 3","VR2W-119052",52.4312,4.784414,2017-11-22 16:23:05,2017-11-22 16:57:31,59,NA,NA,NA,1765.483113,1765.483113,FALSE,NA,NA,NA,NA,NA,NA,FALSE
"2582","A69-1602-3063",2582,"Noordzeekanaal","Overtoom 3","VR2W-119052",52.4312,4.784414,2017-11-22 17:58:00,2017-11-22 18:06:49,8,NA,NA,NA,1765.483113,1765.483113,FALSE,NA,NA,NA,NA,NA,NA,FALSE
"2583","A69-1602-3063",2583,"Noordzeekanaal","Overtoom 3","VR2W-119052",52.4312,4.784414,2017-11-22 21:25:56,2017-11-22 21:25:56,1,NA,NA,NA,1765.483113,1765.483113,FALSE,NA,NA,NA,NA,NA,NA,FALSE
"2584","A69-1602-3063",2584,"Noordzeekanaal","Overtoom 3","VR2W-119052",52.4312,4.784414,2017-11-23 16:47:05,2017-11-23 16:53:01,9,NA,NA,NA,1765.483113,1765.483113,FALSE,NA,NA,NA,NA,NA,NA,FALSE
"2585","A69-1602-3063",2585,"Noordzeekanaal","Overtoom 3","VR2W-119052",52.4312,4.784414,2017-11-24 15:54:22,2017-11-27 19:47:31,5647,NA,NA,NA,1765.483113,1765.483113,FALSE,NA,NA,NA,NA,NA,NA,FALSE
"2586","A69-1602-3063",2586,"Noordzeekanaal","Overtoom 3","VR2W-119052",52.4312,4.784414,2017-12-03 16:36:40,2017-12-09 06:51:27,9830,NA,NA,NA,1765.483113,1765.483113,FALSE,NA,NA,NA,NA,NA,NA,FALSE
"2587","A69-1602-3063",2587,"Noordzeekanaal","Overtoom 3","VR2W-119052",52.4312,4.784414,2017-12-13 03:46:26,2018-01-01 06:41:06,32401,NA,NA,NA,1765.483113,1765.483113,FALSE,NA,NA,NA,NA,NA,NA,FALSE
"2588","A69-1602-3063",2588,"Noordzeekanaal","Overtoom 3","VR2W-119052",52.4312,4.784414,2018-01-20 18:51:32,2018-01-21 03:15:30,668,NA,NA,NA,1765.483113,1765.483113,FALSE,NA,NA,NA,NA,NA,NA,FALSE
"2589","A69-1602-3063",2589,"Noordzeekanaal","Overtoom 3","VR2W-119052",52.4312,4.784414,2018-01-25 19:10:58,2018-01-27 01:51:51,3135,NA,NA,NA,1765.483113,1765.483113,FALSE,NA,NA,NA,NA,NA,NA,FALSE
"2590","A69-1602-3063",2590,"Noordzeekanaal","Overtoom 3","VR2W-119052",52.4312,4.784414,2018-01-29 18:09:10,2018-01-29 19:10:20,118,NA,NA,NA,1765.483113,1765.483113,FALSE,NA,NA,NA,NA,NA,NA,FALSE
"2591","A69-1602-3063",2591,"Noordzeekanaal","Overtoom 3","VR2W-119052",52.4312,4.784414,2018-01-31 18:08:22,2018-02-02 00:45:26,2234,NA,NA,NA,1765.483113,1765.483113,FALSE,NA,NA,NA,NA,NA,NA,FALSE
"2592","A69-1602-3063",2592,"Noordzeekanaal","Overtoom 3","VR2W-119052",52.4312,4.784414,2018-03-13 19:12:02,2018-03-19 03:25:25,9322,NA,NA,NA,1765.483113,1765.483113,FALSE,NA,NA,NA,NA,NA,NA,FALSE
"2593","A69-1602-3063",2593,"Noordzeekanaal","Overtoom 3","VR2W-119052",52.4312,4.784414,2018-03-19 04:46:31,2018-03-19 07:44:34,30,NA,NA,NA,1765.483113,1765.483113,NA,NA,NA,NA,NA,NA,NA,FALSE
"2594","A69-1602-3064",2594,"Noordzeekanaal","rel_noordzeekanaal5","none",52.442922,4.789876,2017-10-25 12:00:00,2017-10-25 12:00:00,1,NA,NA,NA,0,0,FALSE,1765.483113,2,2017-11-12 01:31:09,1765.483113,1517469,0.00116343932759088,FALSE
"2595","A69-1602-3064",2595,"Noordzeekanaal","Overtoom 3","VR2W-119052",52.4312,4.784414,2017-11-12 01:31:09,2017-11-12 05:05:47,282,1517469,1765.483113,0.001163,1765.483113,1765.483113,FALSE,13803.774912,10,2017-11-20 18:35:18,12038.291799,752649,0.0159945629357111,FALSE
"2596","A69-1602-3064",2596,"Noordzeekanaal","Overtoom 3","VR2W-119052",52.4312,4.784414,2017-11-12 16:52:42,2017-11-13 06:09:55,1280,NA,NA,NA,1765.483113,1765.483113,FALSE,13803.774912,10,2017-11-20 18:35:18,12038.291799,697356,0.017262763637224,FALSE
"2597","A69-1602-3064",2597,"Noordzeekanaal","Overtoom 3","VR2W-119052",52.4312,4.784414,2017-11-15 16:26:34,2017-11-16 02:59:54,1247,NA,NA,NA,1765.483113,1765.483113,FALSE,13803.774912,10,2017-11-20 18:35:18,12038.291799,439724,0.0273769268882299,FALSE
"2598","A69-1602-3064",2598,"Noordzeekanaal","Overtoom 3","VR2W-119052",52.4312,4.784414,2017-11-16 16:24:34,2017-11-16 18:26:04,191,NA,NA,NA,1765.483113,1765.483113,FALSE,13803.774912,10,2017-11-20 18:35:18,12038.291799,353444,0.0340599693275314,FALSE
"2599","A69-1602-3064",2599,"Noordzeekanaal","Overtoom 3","VR2W-119052",52.4312,4.784414,2017-11-16 20:08:52,2017-11-17 03:10:34,705,NA,NA,NA,1765.483113,1765.483113,FALSE,13803.774912,10,2017-11-20 18:35:18,12038.291799,339986,0.0354081985699411,FALSE
"2600","A69-1602-3064",2600,"Noordzeekanaal","Overtoom 3","VR2W-119052",52.4312,4.784414,2017-11-17 15:57:15,2017-11-17 16:01:11,4,NA,NA,NA,1765.483113,1765.483113,FALSE,13803.774912,10,2017-11-20 18:35:18,12038.291799,268683,0.0448048138475452,FALSE
"2601","A69-1602-3064",2601,"Noordzeekanaal","Overtoom 3","VR2W-119052",52.4312,4.784414,2017-11-17 17:01:26,2017-11-18 03:29:24,1255,NA,NA,NA,1765.483113,1765.483113,FALSE,13803.774912,10,2017-11-20 18:35:18,12038.291799,264832,0.0454563338229519,FALSE
"2602","A69-1602-3064",2602,"Noordzeekanaal","Overtoom 3","VR2W-119052",52.4312,4.784414,2017-11-18 15:40:50,2017-11-19 01:41:27,819,NA,NA,NA,1765.483113,1765.483113,TRUE,13803.774912,10,2017-11-20 18:35:18,12038.291799,183268,0.0656868182061244,TRUE
"2603","A69-1602-3064",2603,"Noordzeekanaal","Noordzeekanaal","VR2W-114165",52.462798,4.633995,2017-11-20 18:35:18,2017-11-20 19:00:57,37,147231,12155.435563,0.08256,13920.918676,13803.774912,TRUE,15410.693911,11,2017-11-20 19:20:41,1606.918999,2723,0.590128167095116,TRUE
"2604","A69-1602-3064",2604,"Noordzeekanaal","Grote sluis NZK","VR2W-114178",52.467488,4.613347,2017-11-20 19:20:41,2017-11-20 19:44:15,18,1184,1606.918999,1.357195,15527.837675,15410.693911,NA,NA,NA,NA,NA,NA,NA,TRUE
"2605","A69-1602-3064",2605,"Noordzeekanaal","Middensluis NZK","VR2W-132417",52.465373,4.601803,2017-11-21 06:34:52,2017-11-21 07:28:28,3,39037,882.739291,0.022613,16410.576966,16127.765895,FALSE,NA,NA,NA,NA,NA,NA,TRUE
"2606","A69-1602-3064",2606,"Noordzeekanaal","Grote sluis NZK","VR2W-114178",52.467488,4.613347,2017-11-21 23:09:06,2017-11-21 23:22:53,5,56438,882.739291,0.015641,17293.316257,15410.693911,FALSE,NA,NA,NA,NA,NA,NA,TRUE
"2607","A69-1602-3064",2607,"Noordzeekanaal","Grote sluis NZK","VR2W-114178",52.467488,4.613347,2017-11-22 02:47:24,2017-11-22 02:47:24,1,NA,NA,NA,17293.316257,15410.693911,FALSE,NA,NA,NA,NA,NA,NA,TRUE
"2608","A69-1602-3064",2608,"Noordzeekanaal","Grote sluis NZK","VR2W-114178",52.467488,4.613347,2017-11-22 12:14:55,2017-11-22 12:14:55,1,NA,NA,NA,17293.316257,15410.693911,FALSE,NA,NA,NA,NA,NA,NA,TRUE
"2609","A69-1602-3064",2609,"Noordzeekanaal","Grote sluis NZK","VR2W-114178",52.467488,4.613347,2017-11-22 14:57:32,2017-11-22 15:48:36,2,NA,NA,NA,17293.316257,15410.693911,FALSE,NA,NA,NA,NA,NA,NA,TRUE
"2610","A69-1602-3064",2610,"Noordzeekanaal","Grote sluis NZK","VR2W-114178",52.467488,4.613347,2017-11-23 01:13:46,2017-11-23 01:13:46,1,NA,NA,NA,17293.316257,15410.693911,FALSE,NA,NA,NA,NA,NA,NA,TRUE
"2611","A69-1602-3064",2611,"Noordzeekanaal","Noordzeekanaal","VR2W-114165",52.462798,4.633995,2017-11-24 00:42:26,2017-11-24 02:24:32,9,84520,1606.918999,0.019012,18900.235256,13803.774912,TRUE,16127.765895,19,2017-11-24 02:26:36,2323.990983,6250,0.37183855728,TRUE
"2612","A69-1602-3064",2612,"Noordzeekanaal","Middensluis NZK","VR2W-132417",52.465373,4.601803,2017-11-24 02:26:36,2017-11-24 02:38:02,6,124,2323.990983,18.741863,21224.226239,16127.765895,FALSE,NA,NA,NA,NA,NA,NA,TRUE
"2613","A69-1602-3064",2613,"Noordzeekanaal","Noordzeekanaal","VR2W-114164",52.465232,4.633992,2017-11-24 05:50:13,2017-11-24 06:26:09,4,11531,2323.990983,0.201543,23548.217222,13803.774912,FALSE,15410.693911,23,2017-11-25 03:16:30,1606.918999,77177,0.0208212161524807,TRUE
"2614","A69-1602-3064",2614,"Noordzeekanaal","Noordzeekanaal","VR2W-114164",52.465232,4.633992,2017-11-24 10:18:14,2017-11-24 12:42:25,15,NA,NA,NA,23548.217222,13803.774912,FALSE,15410.693911,23,2017-11-25 03:16:30,1606.918999,61096,0.0263015418194317,TRUE
"2615","A69-1602-3064",2615,"Noordzeekanaal","Noordzeekanaal","VR2W-114164",52.465232,4.633992,2017-11-24 17:01:02,2017-11-25 03:16:19,508,NA,NA,NA,23548.217222,13803.774912,TRUE,15410.693911,23,2017-11-25 03:16:30,1606.918999,36928,0.04351492090013,TRUE
"2616","A69-1602-3064",2616,"Noordzeekanaal","Grote sluis NZK","VR2W-114178",52.467488,4.613347,2017-11-25 03:16:30,2017-11-25 03:16:30,1,11,1606.918999,146.083545,25155.136221,15410.693911,FALSE,NA,NA,NA,NA,NA,NA,TRUE
"2617","A69-1602-3064",2617,"Noordzeekanaal","Noordzeekanaal","VR2W-114165",52.462798,4.633995,2017-11-25 03:16:52,2017-11-26 13:06:23,3417,22,1606.918999,73.041773,26762.05522,13803.774912,NA,NA,NA,NA,NA,NA,NA,TRUE
"2618","A69-1602-3065",2618,"Noordzeekanaal","rel_noordzeekanaal5","none",52.442922,4.789876,2017-10-25 12:00:00,2017-10-25 12:00:00,1,NA,NA,NA,0,0,FALSE,1765.483113,2,2017-10-29 21:32:05,1765.483113,379925,0.00464692534842403,FALSE
"2619","A69-1602-3065",2619,"Noordzeekanaal","Overtoom 3","VR2W-119052",52.4312,4.784414,2017-10-29 21:32:05,2017-10-31 20:31:26,3710,379925,1765.483113,0.004647,1765.483113,1765.483113,FALSE,13803.774912,5,2017-11-12 19:10:47,12038.291799,1201122,0.0100225387587606,FALSE
"2620","A69-1602-3065",2620,"Noordzeekanaal","Overtoom 3","VR2W-119052",52.4312,4.784414,2017-11-10 21:05:15,2017-11-11 19:57:33,1417,NA,NA,NA,1765.483113,1765.483113,TRUE,13803.774912,5,2017-11-12 19:10:47,12038.291799,165932,0.072549549206904,TRUE
"2621","A69-1602-3065",2621,"Noordzeekanaal","Overtoom 1","VR2W-119065",52.430117,4.784283,2017-11-12 01:21:13,2017-11-12 01:21:13,1,19420,199.977416,0.010297,1965.460529,1848.316766,TRUE,13803.774912,5,2017-11-12 19:10:47,11955.458146,64174,0.186297537102253,TRUE
"2622","A69-1602-3065",2622,"Noordzeekanaal","Noordzeekanaal","VR2W-114164",52.465232,4.633992,2017-11-12 19:10:47,2017-11-12 20:10:35,40,64174,11955.458146,0.186298,13920.918675,13803.774912,TRUE,15410.693911,6,2017-11-12 20:13:51,1606.918999,3784,0.424661469080338,TRUE
"2623","A69-1602-3065",2623,"Noordzeekanaal","Grote sluis NZK","VR2W-114178",52.467488,4.613347,2017-11-12 20:13:51,2017-11-12 20:15:11,3,196,1606.918999,8.198566,15527.837674,15410.693911,TRUE,16834.791052,7,2017-11-13 00:37:59,1424.097141,15848,0.0898597388313983,TRUE
"2624","A69-1602-3065",2624,"Noordzeekanaal","Spuisluis Noordzee","VR2W-132408",52.470319,4.594701,2017-11-13 00:37:59,2017-11-13 05:43:25,317,15768,1424.097141,0.090316,16951.934815,16834.791052,FALSE,NA,NA,NA,NA,NA,NA,TRUE
"2625","A69-1602-3065",2625,"Noordzeekanaal","Spuisluis Noordzee","VR2W-132408",52.470319,4.594701,2017-11-13 08:57:25,2017-11-13 10:19:21,120,NA,NA,NA,16951.934815,16834.791052,FALSE,NA,NA,NA,NA,NA,NA,TRUE
"2626","A69-1602-3065",2626,"Noordzeekanaal","Spuisluis Noordzee","VR2W-132409",52.471207,4.595198,2017-11-13 11:21:49,2017-11-13 11:21:49,1,NA,NA,NA,16951.934815,16834.791052,NA,NA,NA,NA,NA,NA,NA,TRUE
"2627","A69-1602-3066",2627,"Noordzeekanaal","rel_noordzeekanaal5","none",52.442922,4.789876,2017-10-25 12:00:00,2017-10-25 12:00:00,1,NA,NA,NA,0,0,FALSE,1765.483113,2,2017-11-22 22:43:24,1765.483113,2457804,0.000718317291777538,FALSE
"2628","A69-1602-3066",2628,"Noordzeekanaal","Overtoom 3","VR2W-119052",52.4312,4.784414,2017-11-22 22:43:24,2017-11-23 16:42:48,1400,2457804,1765.483113,0.000718,1765.483113,1765.483113,NA,NA,NA,NA,NA,NA,NA,FALSE
"2629","A69-1602-3067",2629,"Noordzeekanaal","rel_noordzeekanaal5","none",52.442922,4.789876,2017-10-25 12:00:00,2017-10-25 12:00:00,1,NA,NA,NA,0,0,FALSE,NA,NA,NA,NA,NA,NA,FALSE
"2630","A69-1602-3067",2630,"Noordzeekanaal","Koog ad Zaan","VR2W-130586",52.463171,4.812326,2017-11-21 01:35:55,2017-11-21 03:08:47,55,2295355,11548.416737,0.005031,11548.416737,-11548.416737,TRUE,8675.952125,3,2017-11-21 04:10:33,20224.368862,9278,2.17981988165553,TRUE
"2631","A69-1602-3067",2631,"Noordzeekanaal","Zaangemaal 1","VR2W-119070",52.440868,4.824139,2017-11-21 04:10:33,2017-11-21 04:48:54,54,3706,2872.464613,0.775085,14420.88135,8675.952125,FALSE,13803.774912,6,2017-11-22 10:59:30,5127.822787,110937,0.0462228362674311,TRUE
"2632","A69-1602-3067",2632,"Noordzeekanaal","Zaangemaal 1","VR2W-119070",52.440868,4.824139,2017-11-21 14:26:12,2017-11-21 18:57:19,116,NA,NA,NA,14420.88135,8675.952125,FALSE,NA,NA,NA,NA,NA,NA,TRUE
"2633","A69-1602-3067",2633,"Noordzeekanaal","Zaangemaal 3","VR2W-119064",52.437818,4.826197,2017-11-21 20:40:10,2017-11-21 20:40:10,1,6171,341.382448,0.05532,14762.263798,8334.569677,TRUE,13803.774912,6,2017-11-22 10:59:30,5469.205235,51560,0.106074577870442,TRUE
"2634","A69-1602-3067",2634,"Noordzeekanaal","Noordzeekanaal","VR2W-114165",52.462798,4.633995,2017-11-22 10:59:30,2017-11-22 11:40:33,36,51560,18076.066335,0.350583,32838.330133,13803.774912,TRUE,15410.693911,7,2017-11-22 12:09:26,1606.918999,4196,0.382964489752145,TRUE
"2635","A69-1602-3067",2635,"Noordzeekanaal","Grote sluis NZK","VR2W-114178",52.467488,4.613347,2017-11-22 12:09:26,2017-11-22 12:21:20,12,1733,1606.918999,0.927247,34445.249132,15410.693911,FALSE,NA,NA,NA,NA,NA,NA,TRUE
"2636","A69-1602-3067",2636,"Noordzeekanaal","Noordzeekanaal","VR2W-114165",52.462798,4.633995,2017-11-22 12:55:52,2017-11-22 12:59:54,3,2072,1606.918999,0.77554,36052.168131,13803.774912,TRUE,15410.693911,9,2017-11-22 13:27:17,1606.918999,1885,0.852476922546419,TRUE
"2637","A69-1602-3067",2637,"Noordzeekanaal","Grote sluis NZK","VR2W-114178",52.467488,4.613347,2017-11-22 13:27:17,2017-11-23 02:38:05,596,1643,1606.918999,0.97804,37659.08713,15410.693911,FALSE,NA,NA,NA,NA,NA,NA,TRUE
"2638","A69-1602-3067",2638,"Noordzeekanaal","Noordzeekanaal","VR2W-114165",52.462798,4.633995,2017-11-23 02:42:58,2017-11-23 02:42:58,1,293,1606.918999,5.484365,39266.006129,13803.774912,TRUE,15976.314036,11,2017-11-23 03:33:04,2172.539124,3006,0.722734239520958,TRUE
"2639","A69-1602-3067",2639,"Noordzeekanaal","Spuisluis NZK","VR2W-114167",52.470646,4.607811,2017-11-23 03:33:04,2017-11-23 05:29:30,122,3006,2172.539123,0.722734,41438.545252,15976.314036,NA,NA,NA,NA,NA,NA,NA,TRUE
"2640","A69-1602-3068",2640,"Noordzeekanaal","rel_noordzeekanaal5","none",52.442922,4.789876,2017-10-25 12:00:00,2017-10-25 12:00:00,1,NA,NA,NA,0,0,NA,NA,NA,NA,NA,NA,NA,FALSE
"2641","A69-1602-3069",2641,"Noordzeekanaal","rel_noordzeekanaal5","none",52.442922,4.789876,2017-10-25 12:00:00,2017-10-25 12:00:00,1,NA,NA,NA,0,0,FALSE,1765.483113,2,2018-01-04 20:35:53,1765.483113,6165353,0.000286355560338556,FALSE
"2642","A69-1602-3069",2642,"Noordzeekanaal","Overtoom 3","VR2W-119052",52.4312,4.784414,2018-01-04 20:35:53,2018-01-04 21:00:24,44,6165353,1765.483113,0.000286,1765.483113,1765.483113,NA,NA,NA,NA,NA,NA,NA,FALSE
"2643","A69-1602-3070",2643,"Noordzeekanaal","rel_noordzeekanaal5","none",52.442922,4.789876,2017-10-25 12:00:00,2017-10-25 12:00:00,1,NA,NA,NA,0,0,FALSE,1765.483113,2,2017-11-05 22:29:38,1765.483113,988178,0.00178660434962122,FALSE
"2644","A69-1602-3070",2644,"Noordzeekanaal","Overtoom 3","VR2W-119052",52.4312,4.784414,2017-11-05 22:29:38,2018-01-03 22:58:19,149560,988178,1765.483113,0.001787,1765.483113,1765.483113,FALSE,NA,NA,NA,NA,NA,NA,FALSE
"2645","A69-1602-3070",2645,"Noordzeekanaal","Overtoom 3","VR2W-119052",52.4312,4.784414,2018-01-04 00:15:17,2018-03-14 23:08:18,231236,NA,NA,NA,1765.483113,1765.483113,FALSE,NA,NA,NA,NA,NA,NA,FALSE
"2646","A69-1602-3070",2646,"Noordzeekanaal","Overtoom 3","VR2W-119052",52.4312,4.784414,2018-03-15 01:20:36,2018-03-19 08:17:28,10300,NA,NA,NA,1765.483113,1765.483113,NA,NA,NA,NA,NA,NA,NA,FALSE
"2647","A69-1602-3071",2647,"Noordzeekanaal","rel_noordzeekanaal5","none",52.442922,4.789876,2017-10-25 12:00:00,2017-10-25 12:00:00,1,NA,NA,NA,0,0,NA,NA,NA,NA,NA,NA,NA,FALSE
"2648","A69-1602-3072",2648,"Noordzeekanaal","rel_noordzeekanaal5","none",52.442922,4.789876,2017-10-25 12:00:00,2017-10-25 12:00:00,1,NA,NA,NA,0,0,NA,NA,NA,NA,NA,NA,NA,FALSE
"2649","A69-1602-3073",2649,"Noordzeekanaal","rel_noordzeekanaal6","none",52.397264,4.677708,2017-10-09 12:00:00,2017-10-09 12:00:00,1,NA,NA,NA,0,0,TRUE,1624.079592,2,2017-10-09 12:14:37,1624.079592,877,1.85185814367161,TRUE
"2650","A69-1602-3073",2650,"Noordzeekanaal","Spaarne gemaal","VR2W-102057",52.410548,4.673446,2017-10-09 12:14:37,2017-10-09 12:14:37,1,877,1624.079592,1.851858,1624.079592,1624.079592,FALSE,NA,NA,NA,NA,NA,NA,TRUE
"2651","A69-1602-3073",2651,"Noordzeekanaal","Spaarne gemaal","VR2W-102057",52.410548,4.673446,2017-10-09 13:55:45,2017-10-09 13:55:45,1,NA,NA,NA,1624.079592,1624.079592,FALSE,NA,NA,NA,NA,NA,NA,TRUE
"2652","A69-1602-3073",2652,"Noordzeekanaal","Spaarne gemaal","VR2W-102057",52.410548,4.673446,2017-10-14 20:45:33,2017-10-15 01:03:16,167,NA,NA,NA,1624.079592,1624.079592,FALSE,NA,NA,NA,NA,NA,NA,TRUE
"2653","A69-1602-3073",2653,"Noordzeekanaal","Spaarne gemaal","VR2W-102057",52.410548,4.673446,2017-10-15 17:56:04,2017-10-27 10:26:17,12070,NA,NA,NA,1624.079592,1624.079592,FALSE,NA,NA,NA,NA,NA,NA,TRUE
"2654","A69-1602-3073",2654,"Noordzeekanaal","Spaarne gemaal","VR2W-102057",52.410548,4.673446,2017-10-29 19:39:05,2017-10-29 19:41:30,4,NA,NA,NA,1624.079592,1624.079592,FALSE,NA,NA,NA,NA,NA,NA,TRUE
"2655","A69-1602-3073",2655,"Noordzeekanaal","Spaarne gemaal","VR2W-102057",52.410548,4.673446,2017-10-30 02:06:40,2017-10-30 02:06:40,1,NA,NA,NA,1624.079592,1624.079592,FALSE,NA,NA,NA,NA,NA,NA,TRUE
"2656","A69-1602-3073",2656,"Noordzeekanaal","Spaarne gemaal","VR2W-102057",52.410548,4.673446,2017-11-01 19:17:52,2017-11-01 19:17:52,1,NA,NA,NA,1624.079592,1624.079592,FALSE,NA,NA,NA,NA,NA,NA,TRUE
"2657","A69-1602-3073",2657,"Noordzeekanaal","Spaarne gemaal","VR2W-102057",52.410548,4.673446,2017-11-06 00:04:52,2017-11-06 01:22:04,45,NA,NA,NA,1624.079592,1624.079592,FALSE,NA,NA,NA,NA,NA,NA,TRUE
"2658","A69-1602-3073",2658,"Noordzeekanaal","Spaarne gemaal","VR2W-102057",52.410548,4.673446,2017-11-06 02:43:28,2017-11-06 06:50:45,46,NA,NA,NA,1624.079592,1624.079592,FALSE,NA,NA,NA,NA,NA,NA,TRUE
"2659","A69-1602-3073",2659,"Noordzeekanaal","Spaarne gemaal","VR2W-102057",52.410548,4.673446,2017-11-06 18:51:48,2017-11-06 20:59:00,21,NA,NA,NA,1624.079592,1624.079592,FALSE,NA,NA,NA,NA,NA,NA,TRUE
"2660","A69-1602-3073",2660,"Noordzeekanaal","Spaarne gemaal","VR2W-102057",52.410548,4.673446,2017-11-09 23:44:32,2017-11-10 00:20:08,10,NA,NA,NA,1624.079592,1624.079592,FALSE,NA,NA,NA,NA,NA,NA,TRUE
"2661","A69-1602-3073",2661,"Noordzeekanaal","Spaarne gemaal","VR2W-102057",52.410548,4.673446,2017-11-11 16:18:09,2017-11-11 16:33:11,3,NA,NA,NA,1624.079592,1624.079592,FALSE,NA,NA,NA,NA,NA,NA,TRUE
"2662","A69-1602-3073",2662,"Noordzeekanaal","Spaarne gemaal","VR2W-102057",52.410548,4.673446,2017-11-12 02:58:43,2017-11-12 03:58:00,3,NA,NA,NA,1624.079592,1624.079592,FALSE,NA,NA,NA,NA,NA,NA,TRUE
"2663","A69-1602-3073",2663,"Noordzeekanaal","Spaarne gemaal","VR2W-102057",52.410548,4.673446,2017-11-13 17:10:36,2017-11-13 17:49:50,5,NA,NA,NA,1624.079592,1624.079592,FALSE,NA,NA,NA,NA,NA,NA,TRUE
"2664","A69-1602-3073",2664,"Noordzeekanaal","Spaarne gemaal","VR2W-102057",52.410548,4.673446,2017-11-15 22:18:02,2017-11-15 22:47:39,14,NA,NA,NA,1624.079592,1624.079592,FALSE,NA,NA,NA,NA,NA,NA,TRUE
"2665","A69-1602-3073",2665,"Noordzeekanaal","Spaarne gemaal","VR2W-102057",52.410548,4.673446,2017-11-17 18:29:19,2017-11-17 18:30:05,2,NA,NA,NA,1624.079592,1624.079592,FALSE,NA,NA,NA,NA,NA,NA,TRUE
"2666","A69-1602-3073",2666,"Noordzeekanaal","Spaarne gemaal","VR2W-102057",52.410548,4.673446,2017-11-17 19:58:19,2017-11-17 19:58:19,1,NA,NA,NA,1624.079592,1624.079592,FALSE,NA,NA,NA,NA,NA,NA,TRUE
"2667","A69-1602-3073",2667,"Noordzeekanaal","Spaarne gemaal","VR2W-102057",52.410548,4.673446,2017-11-17 21:00:52,2017-11-17 21:44:10,18,NA,NA,NA,1624.079592,1624.079592,FALSE,NA,NA,NA,NA,NA,NA,TRUE
"2668","A69-1602-3073",2668,"Noordzeekanaal","Spaarne gemaal","VR2W-102057",52.410548,4.673446,2017-11-18 16:55:37,2017-11-18 17:39:27,22,NA,NA,NA,1624.079592,1624.079592,FALSE,NA,NA,NA,NA,NA,NA,TRUE
"2669","A69-1602-3073",2669,"Noordzeekanaal","Spaarne gemaal","VR2W-102057",52.410548,4.673446,2017-11-19 15:55:33,2017-11-19 15:55:33,1,NA,NA,NA,1624.079592,1624.079592,FALSE,NA,NA,NA,NA,NA,NA,TRUE
"2670","A69-1602-3073",2670,"Noordzeekanaal","Spaarne gemaal","VR2W-102057",52.410548,4.673446,2017-11-19 18:14:04,2017-11-19 18:58:02,6,NA,NA,NA,1624.079592,1624.079592,FALSE,NA,NA,NA,NA,NA,NA,TRUE
"2671","A69-1602-3073",2671,"Noordzeekanaal","Spaarne gemaal","VR2W-102057",52.410548,4.673446,2017-11-20 17:10:30,2017-11-20 17:10:30,1,NA,NA,NA,1624.079592,1624.079592,FALSE,NA,NA,NA,NA,NA,NA,TRUE
"2672","A69-1602-3073",2672,"Noordzeekanaal","Spaarne gemaal","VR2W-102057",52.410548,4.673446,2017-11-20 19:11:53,2017-11-20 23:06:47,163,NA,NA,NA,1624.079592,1624.079592,FALSE,NA,NA,NA,NA,NA,NA,TRUE
"2673","A69-1602-3073",2673,"Noordzeekanaal","Spaarne gemaal","VR2W-102057",52.410548,4.673446,2017-11-23 01:35:59,2017-11-23 02:15:59,2,NA,NA,NA,1624.079592,1624.079592,FALSE,NA,NA,NA,NA,NA,NA,TRUE
"2674","A69-1602-3073",2674,"Noordzeekanaal","Spaarne gemaal","VR2W-102057",52.410548,4.673446,2017-11-23 10:39:38,2017-11-23 10:39:38,1,NA,NA,NA,1624.079592,1624.079592,NA,NA,NA,NA,NA,NA,NA,TRUE
"2675","A69-1602-3073",2675,"Noordzeekanaal","Spaarne sluis","VR2W-102063",52.412068,4.680792,2017-11-23 12:09:22,2017-11-23 13:51:07,74,5384,582.774677,0.108242,2206.854269,1782.640686,FALSE,NA,NA,NA,NA,NA,NA,TRUE
"2676","A69-1602-3073",2676,"Noordzeekanaal","Spaarne gemaal","VR2W-102057",52.410548,4.673446,2017-11-23 23:30:38,2017-11-24 00:06:54,4,34771,582.774677,0.01676,2789.628946,1624.079592,FALSE,NA,NA,NA,NA,NA,NA,TRUE
"2677","A69-1602-3073",2677,"Noordzeekanaal","Spaarne gemaal","VR2W-102057",52.410548,4.673446,2017-11-24 14:12:30,2017-11-24 15:07:45,14,NA,NA,NA,2789.628946,1624.079592,FALSE,NA,NA,NA,NA,NA,NA,TRUE
"2678","A69-1602-3073",2678,"Noordzeekanaal","Spaarne gemaal","VR2W-102057",52.410548,4.673446,2017-11-25 05:58:52,2017-11-25 05:58:52,1,NA,NA,NA,2789.628946,1624.079592,NA,NA,NA,NA,NA,NA,NA,TRUE
"2679","A69-1602-3074",2679,"Noordzeekanaal","rel_noordzeekanaal6","none",52.397264,4.677708,2017-10-09 12:00:00,2017-10-09 12:00:00,1,NA,NA,NA,0,0,FALSE,1624.079592,2,2017-10-14 23:58:02,1624.079592,475082,0.00341852478519498,FALSE
"2680","A69-1602-3074",2680,"Noordzeekanaal","Spaarne gemaal","VR2W-102057",52.410548,4.673446,2017-10-14 23:58:02,2017-10-15 00:04:21,2,475082,1624.079592,0.003419,1624.079592,1624.079592,FALSE,NA,NA,NA,NA,NA,NA,FALSE
"2681","A69-1602-3074",2681,"Noordzeekanaal","Spaarne gemaal","VR2W-102057",52.410548,4.673446,2017-10-17 14:54:57,2017-10-17 14:54:57,1,NA,NA,NA,1624.079592,1624.079592,FALSE,NA,NA,NA,NA,NA,NA,FALSE
"2682","A69-1602-3074",2682,"Noordzeekanaal","Spaarne gemaal","VR2W-102057",52.410548,4.673446,2017-10-17 17:56:11,2017-10-17 20:08:24,16,NA,NA,NA,1624.079592,1624.079592,FALSE,NA,NA,NA,NA,NA,NA,FALSE
"2683","A69-1602-3074",2683,"Noordzeekanaal","Spaarne gemaal","VR2W-102057",52.410548,4.673446,2017-10-18 00:03:01,2017-10-18 02:24:02,23,NA,NA,NA,1624.079592,1624.079592,FALSE,NA,NA,NA,NA,NA,NA,FALSE
"2684","A69-1602-3074",2684,"Noordzeekanaal","Spaarne gemaal","VR2W-102057",52.410548,4.673446,2017-10-19 17:23:23,2017-10-19 23:27:45,112,NA,NA,NA,1624.079592,1624.079592,FALSE,NA,NA,NA,NA,NA,NA,FALSE
"2685","A69-1602-3074",2685,"Noordzeekanaal","Cruquius","VR2W-103671",52.338227,4.63522,2017-10-25 05:28:20,2017-10-25 06:02:50,43,453635,9424.407702,0.020775,11048.487294,-9131.540741,FALSE,NA,NA,NA,NA,NA,NA,FALSE
"2686","A69-1602-3074",2686,"Noordzeekanaal","Cruquius","VR2W-103671",52.338227,4.63522,2017-10-26 21:17:29,2017-10-26 22:56:45,95,NA,NA,NA,11048.487294,-9131.540741,NA,NA,NA,NA,NA,NA,NA,FALSE
"2687","A69-1602-3075",2687,"Noordzeekanaal","rel_noordzeekanaal6","none",52.397264,4.677708,2017-10-09 12:00:00,2017-10-09 12:00:00,1,NA,NA,NA,0,0,TRUE,1624.079592,2,2017-10-09 19:51:21,1624.079592,28281,0.057426526360454,TRUE
"2688","A69-1602-3075",2688,"Noordzeekanaal","Spaarne gemaal","VR2W-102057",52.410548,4.673446,2017-10-09 19:51:21,2017-10-09 19:51:21,1,28281,1624.079592,0.057427,1624.079592,1624.079592,FALSE,NA,NA,NA,NA,NA,NA,TRUE
"2689","A69-1602-3075",2689,"Noordzeekanaal","Spaarne gemaal","VR2W-102057",52.410548,4.673446,2017-10-10 03:45:00,2017-10-10 03:46:48,3,NA,NA,NA,1624.079592,1624.079592,FALSE,NA,NA,NA,NA,NA,NA,TRUE
"2690","A69-1602-3075",2690,"Noordzeekanaal","Spaarne gemaal","VR2W-102057",52.410548,4.673446,2017-10-10 05:30:14,2017-10-10 05:53:25,3,NA,NA,NA,1624.079592,1624.079592,FALSE,NA,NA,NA,NA,NA,NA,TRUE
"2691","A69-1602-3075",2691,"Noordzeekanaal","Spaarne gemaal","VR2W-102057",52.410548,4.673446,2017-10-17 18:09:26,2017-10-17 18:09:26,1,NA,NA,NA,1624.079592,1624.079592,FALSE,NA,NA,NA,NA,NA,NA,TRUE
"2692","A69-1602-3075",2692,"Noordzeekanaal","Spaarne gemaal","VR2W-102057",52.410548,4.673446,2017-10-20 20:56:10,2017-10-21 01:16:45,135,NA,NA,NA,1624.079592,1624.079592,FALSE,NA,NA,NA,NA,NA,NA,TRUE
"2693","A69-1602-3075",2693,"Noordzeekanaal","Spaarne gemaal","VR2W-102057",52.410548,4.673446,2017-10-21 03:47:45,2017-10-21 07:11:37,172,NA,NA,NA,1624.079592,1624.079592,FALSE,NA,NA,NA,NA,NA,NA,TRUE
"2694","A69-1602-3075",2694,"Noordzeekanaal","Spaarne gemaal","VR2W-102057",52.410548,4.673446,2017-10-21 17:05:30,2017-10-21 20:46:21,199,NA,NA,NA,1624.079592,1624.079592,FALSE,NA,NA,NA,NA,NA,NA,TRUE
"2695","A69-1602-3075",2695,"Noordzeekanaal","Spaarne gemaal","VR2W-102057",52.410548,4.673446,2017-10-29 05:07:46,2017-10-29 06:40:08,94,NA,NA,NA,1624.079592,1624.079592,FALSE,NA,NA,NA,NA,NA,NA,TRUE
"2696","A69-1602-3075",2696,"Noordzeekanaal","Spaarne gemaal","VR2W-102057",52.410548,4.673446,2017-10-29 14:31:27,2017-10-29 14:31:27,1,NA,NA,NA,1624.079592,1624.079592,FALSE,NA,NA,NA,NA,NA,NA,TRUE
"2697","A69-1602-3075",2697,"Noordzeekanaal","Spaarne gemaal","VR2W-102057",52.410548,4.673446,2017-10-29 16:13:18,2017-10-29 23:27:55,301,NA,NA,NA,1624.079592,1624.079592,FALSE,NA,NA,NA,NA,NA,NA,TRUE
"2698","A69-1602-3075",2698,"Noordzeekanaal","Spaarne gemaal","VR2W-102057",52.410548,4.673446,2017-11-05 17:15:50,2017-11-06 01:11:31,228,NA,NA,NA,1624.079592,1624.079592,NA,NA,NA,NA,NA,NA,NA,TRUE
"2699","A69-1602-3075",2699,"Noordzeekanaal","Spaarne sluis","VR2W-102063",52.412068,4.680792,2017-11-10 22:01:56,2017-11-11 08:58:07,313,420625,582.774677,0.001385,2206.854269,1782.640686,FALSE,NA,NA,NA,NA,NA,NA,TRUE
"2700","A69-1602-3075",2700,"Noordzeekanaal","Spaarne gemaal","VR2W-102057",52.410548,4.673446,2017-11-11 10:04:10,2017-11-11 20:51:22,226,3963,582.774677,0.147054,2789.628946,1624.079592,FALSE,NA,NA,NA,NA,NA,NA,TRUE
"2701","A69-1602-3075",2701,"Noordzeekanaal","Spaarne gemaal","VR2W-102057",52.410548,4.673446,2017-11-12 06:14:18,2017-11-12 08:38:49,21,NA,NA,NA,2789.628946,1624.079592,FALSE,NA,NA,NA,NA,NA,NA,TRUE
"2702","A69-1602-3075",2702,"Noordzeekanaal","Spaarne gemaal","VR2W-102057",52.410548,4.673446,2017-11-12 10:02:29,2017-11-12 16:17:00,84,NA,NA,NA,2789.628946,1624.079592,FALSE,NA,NA,NA,NA,NA,NA,TRUE
"2703","A69-1602-3075",2703,"Noordzeekanaal","Spaarne gemaal","VR2W-102057",52.410548,4.673446,2017-11-12 17:31:51,2017-11-12 21:25:15,122,NA,NA,NA,2789.628946,1624.079592,FALSE,NA,NA,NA,NA,NA,NA,TRUE
"2704","A69-1602-3075",2704,"Noordzeekanaal","Spaarne gemaal","VR2W-102057",52.410548,4.673446,2017-11-18 17:30:30,2017-11-18 22:20:47,195,NA,NA,NA,2789.628946,1624.079592,NA,NA,NA,NA,NA,NA,NA,TRUE
"2705","A69-1602-3076",2705,"Noordzeekanaal","rel_noordzeekanaal6","none",52.397264,4.677708,2017-10-09 12:00:00,2017-10-09 12:00:00,1,NA,NA,NA,0,0,FALSE,1624.079592,2,2017-10-25 19:48:02,1624.079592,1410482,0.00115143588645584,FALSE
"2706","A69-1602-3076",2706,"Noordzeekanaal","Spaarne gemaal","VR2W-102057",52.410548,4.673446,2017-10-25 19:48:02,2017-10-25 19:48:02,1,1410482,1624.079592,0.001151,1624.079592,1624.079592,FALSE,NA,NA,NA,NA,NA,NA,FALSE
"2707","A69-1602-3076",2707,"Noordzeekanaal","Spaarne gemaal","VR2W-102057",52.410548,4.673446,2017-10-29 21:35:51,2017-10-30 01:22:46,26,NA,NA,NA,1624.079592,1624.079592,FALSE,NA,NA,NA,NA,NA,NA,FALSE
"2708","A69-1602-3076",2708,"Noordzeekanaal","Spaarne gemaal","VR2W-102057",52.410548,4.673446,2017-10-30 17:11:36,2017-10-30 18:46:43,5,NA,NA,NA,1624.079592,1624.079592,FALSE,NA,NA,NA,NA,NA,NA,FALSE
"2709","A69-1602-3076",2709,"Noordzeekanaal","Spaarne gemaal","VR2W-102057",52.410548,4.673446,2017-11-04 21:02:27,2017-11-04 21:02:27,1,NA,NA,NA,1624.079592,1624.079592,FALSE,NA,NA,NA,NA,NA,NA,FALSE
"2710","A69-1602-3076",2710,"Noordzeekanaal","Spaarne gemaal","VR2W-102057",52.410548,4.673446,2017-11-06 18:07:41,2017-11-06 19:10:01,3,NA,NA,NA,1624.079592,1624.079592,FALSE,NA,NA,NA,NA,NA,NA,FALSE
"2711","A69-1602-3076",2711,"Noordzeekanaal","Spaarne gemaal","VR2W-102057",52.410548,4.673446,2017-11-06 20:32:11,2017-11-06 20:32:11,1,NA,NA,NA,1624.079592,1624.079592,FALSE,NA,NA,NA,NA,NA,NA,FALSE
"2712","A69-1602-3076",2712,"Noordzeekanaal","Spaarne gemaal","VR2W-102057",52.410548,4.673446,2017-11-07 02:01:12,2017-11-07 02:41:39,2,NA,NA,NA,1624.079592,1624.079592,FALSE,NA,NA,NA,NA,NA,NA,FALSE
"2713","A69-1602-3076",2713,"Noordzeekanaal","Spaarne gemaal","VR2W-102057",52.410548,4.673446,2017-11-07 03:50:20,2017-11-07 07:51:37,17,NA,NA,NA,1624.079592,1624.079592,FALSE,NA,NA,NA,NA,NA,NA,FALSE
"2714","A69-1602-3076",2714,"Noordzeekanaal","Spaarne gemaal","VR2W-102057",52.410548,4.673446,2017-11-09 04:08:35,2017-11-09 04:11:33,2,NA,NA,NA,1624.079592,1624.079592,FALSE,NA,NA,NA,NA,NA,NA,FALSE
"2715","A69-1602-3076",2715,"Noordzeekanaal","Spaarne gemaal","VR2W-102057",52.410548,4.673446,2017-11-09 16:44:44,2017-11-09 21:04:51,19,NA,NA,NA,1624.079592,1624.079592,FALSE,NA,NA,NA,NA,NA,NA,FALSE
"2716","A69-1602-3076",2716,"Noordzeekanaal","Spaarne gemaal","VR2W-102057",52.410548,4.673446,2017-11-13 01:41:08,2017-11-13 02:12:53,7,NA,NA,NA,1624.079592,1624.079592,FALSE,NA,NA,NA,NA,NA,NA,FALSE
"2717","A69-1602-3076",2717,"Noordzeekanaal","Spaarne gemaal","VR2W-102057",52.410548,4.673446,2017-11-13 22:05:41,2017-11-13 22:05:41,1,NA,NA,NA,1624.079592,1624.079592,FALSE,NA,NA,NA,NA,NA,NA,FALSE
"2718","A69-1602-3076",2718,"Noordzeekanaal","Spaarne gemaal","VR2W-102057",52.410548,4.673446,2017-11-19 17:35:08,2017-11-19 17:35:08,1,NA,NA,NA,1624.079592,1624.079592,FALSE,NA,NA,NA,NA,NA,NA,FALSE
"2719","A69-1602-3076",2719,"Noordzeekanaal","Spaarne gemaal","VR2W-102057",52.410548,4.673446,2017-12-26 03:16:47,2017-12-26 06:51:05,113,NA,NA,NA,1624.079592,1624.079592,FALSE,NA,NA,NA,NA,NA,NA,FALSE
"2720","A69-1602-3076",2720,"Noordzeekanaal","Spaarne gemaal","VR2W-102057",52.410548,4.673446,2017-12-26 17:34:25,2017-12-26 17:34:25,1,NA,NA,NA,1624.079592,1624.079592,FALSE,NA,NA,NA,NA,NA,NA,FALSE
"2721","A69-1602-3076",2721,"Noordzeekanaal","Spaarne gemaal","VR2W-102057",52.410548,4.673446,2017-12-27 01:30:39,2017-12-27 08:49:15,395,NA,NA,NA,1624.079592,1624.079592,NA,NA,NA,NA,NA,NA,NA,FALSE
"2722","A69-1602-3076",2722,"Noordzeekanaal","Spaarne sluis","VR2W-102063",52.412068,4.680792,2017-12-27 10:38:00,2017-12-29 08:02:47,1776,6525,582.774677,0.089314,2206.854269,1782.640686,NA,NA,NA,NA,NA,NA,NA,FALSE
"2723","A69-1602-3077",2723,"Noordzeekanaal","rel_noordzeekanaal6","none",52.397264,4.677708,2017-10-09 12:00:00,2017-10-09 12:00:00,1,NA,NA,NA,0,0,TRUE,1624.079592,2,2017-10-09 14:15:58,1624.079592,8158,0.199078155430253,TRUE
"2724","A69-1602-3077",2724,"Noordzeekanaal","Spaarne gemaal","VR2W-102057",52.410548,4.673446,2017-10-09 14:15:58,2017-10-09 14:15:58,1,8158,1624.079592,0.199078,1624.079592,1624.079592,FALSE,8841.612885,21,2018-01-25 08:30:25,7217.533293,9310467,0.000775206366447569,TRUE
"2725","A69-1602-3077",2725,"Noordzeekanaal","Spaarne gemaal","VR2W-102057",52.410548,4.673446,2017-10-15 06:25:01,2017-10-15 06:26:48,3,NA,NA,NA,1624.079592,1624.079592,FALSE,8841.612885,21,2018-01-25 08:30:25,7217.533293,8820324,0.000818284372886982,TRUE
"2726","A69-1602-3077",2726,"Noordzeekanaal","Spaarne gemaal","VR2W-102057",52.410548,4.673446,2017-10-15 19:48:10,2017-10-15 22:18:04,90,NA,NA,NA,1624.079592,1624.079592,FALSE,8841.612885,21,2018-01-25 08:30:25,7217.533293,8772135,0.000822779550588312,TRUE
"2727","A69-1602-3077",2727,"Noordzeekanaal","Spaarne gemaal","VR2W-102057",52.410548,4.673446,2017-10-16 18:17:21,2017-10-16 20:22:17,89,NA,NA,NA,1624.079592,1624.079592,FALSE,8841.612885,21,2018-01-25 08:30:25,7217.533293,8691184,0.000830443043548497,TRUE
"2728","A69-1602-3077",2728,"Noordzeekanaal","Spaarne gemaal","VR2W-102057",52.410548,4.673446,2017-10-19 00:25:44,2017-10-19 00:26:36,2,NA,NA,NA,1624.079592,1624.079592,FALSE,8841.612885,21,2018-01-25 08:30:25,7217.533293,8496281,0.000849493242160894,TRUE
"2729","A69-1602-3077",2729,"Noordzeekanaal","Spaarne gemaal","VR2W-102057",52.410548,4.673446,2017-11-03 20:09:45,2017-11-03 20:17:45,2,NA,NA,NA,1624.079592,1624.079592,FALSE,8841.612885,21,2018-01-25 08:30:25,7217.533293,7129240,0.00101238467115709,TRUE
"2730","A69-1602-3077",2730,"Noordzeekanaal","Spaarne gemaal","VR2W-102057",52.410548,4.673446,2017-11-07 03:02:50,2017-11-07 03:53:36,5,NA,NA,NA,1624.079592,1624.079592,FALSE,8841.612885,21,2018-01-25 08:30:25,7217.533293,6845255,0.0010543848684965,TRUE
"2731","A69-1602-3077",2731,"Noordzeekanaal","Spaarne gemaal","VR2W-102057",52.410548,4.673446,2017-11-09 19:56:35,2017-11-09 21:47:19,10,NA,NA,NA,1624.079592,1624.079592,FALSE,8841.612885,21,2018-01-25 08:30:25,7217.533293,6611630,0.00109164204485127,TRUE
"2732","A69-1602-3077",2732,"Noordzeekanaal","Spaarne gemaal","VR2W-102057",52.410548,4.673446,2017-11-09 23:47:59,2017-11-10 00:43:50,48,NA,NA,NA,1624.079592,1624.079592,FALSE,8841.612885,21,2018-01-25 08:30:25,7217.533293,6597746,0.00109393924728233,TRUE
"2733","A69-1602-3077",2733,"Noordzeekanaal","Spaarne gemaal","VR2W-102057",52.410548,4.673446,2017-11-16 17:35:28,2017-11-16 17:49:13,2,NA,NA,NA,1624.079592,1624.079592,FALSE,8841.612885,21,2018-01-25 08:30:25,7217.533293,6015297,0.00119986316436246,TRUE
"2734","A69-1602-3077",2734,"Noordzeekanaal","Spaarne sluis","VR2W-102063",52.412068,4.680792,2017-12-08 23:05:42,2017-12-09 06:44:32,446,1919789,582.774677,0.000304,2206.854269,1782.640686,FALSE,NA,NA,NA,NA,NA,NA,TRUE
"2735","A69-1602-3077",2735,"Noordzeekanaal","Spaarne gemaal","VR2W-102057",52.410548,4.673446,2017-12-18 17:24:58,2017-12-18 17:49:04,2,816026,582.774677,0.000714,2789.628946,1624.079592,FALSE,8841.612885,21,2018-01-25 08:30:25,7217.533293,3251127,0.00222000964373277,TRUE
"2736","A69-1602-3077",2736,"Noordzeekanaal","Spaarne gemaal","VR2W-102057",52.410548,4.673446,2017-12-18 18:54:24,2017-12-18 18:55:42,2,NA,NA,NA,2789.628946,1624.079592,FALSE,8841.612885,21,2018-01-25 08:30:25,7217.533293,3245761,0.00222367983748649,TRUE
"2737","A69-1602-3077",2737,"Noordzeekanaal","Spaarne gemaal","VR2W-102057",52.410548,4.673446,2017-12-18 20:20:41,2017-12-19 01:50:08,361,NA,NA,NA,2789.628946,1624.079592,FALSE,8841.612885,21,2018-01-25 08:30:25,7217.533293,3240584,0.00222723228066299,TRUE
"2738","A69-1602-3077",2738,"Noordzeekanaal","Spaarne gemaal","VR2W-102057",52.410548,4.673446,2017-12-19 03:37:32,2017-12-19 03:53:54,7,NA,NA,NA,2789.628946,1624.079592,FALSE,8841.612885,21,2018-01-25 08:30:25,7217.533293,3214373,0.00224539382734984,TRUE
"2739","A69-1602-3077",2739,"Noordzeekanaal","Spaarne gemaal","VR2W-102057",52.410548,4.673446,2017-12-19 04:55:13,2017-12-19 04:55:13,1,NA,NA,NA,2789.628946,1624.079592,FALSE,8841.612885,21,2018-01-25 08:30:25,7217.533293,3209712,0.00224865448769235,TRUE
"2740","A69-1602-3077",2740,"Noordzeekanaal","Spaarne gemaal","VR2W-102057",52.410548,4.673446,2017-12-19 18:08:01,2017-12-19 18:25:57,3,NA,NA,NA,2789.628946,1624.079592,FALSE,NA,NA,NA,NA,NA,NA,TRUE
"2741","A69-1602-3077",2741,"Noordzeekanaal","Cruquius","VR2W-103671",52.338227,4.63522,2018-01-05 01:01:25,2018-01-05 01:25:35,25,1406128,9424.407702,0.006702,12214.036648,-9131.540741,FALSE,8841.612885,21,2018-01-25 08:30:25,17973.153626,1754940,0.0102414633127058,TRUE
"2742","A69-1602-3077",2742,"Noordzeekanaal","Cruquius","VR2W-103671",52.338227,4.63522,2018-01-25 02:40:24,2018-01-25 03:09:08,29,NA,NA,NA,12214.036648,-9131.540741,TRUE,8841.612885,21,2018-01-25 08:30:25,17973.153626,21001,0.855823704871197,TRUE
"2743","A69-1602-3077",2743,"Noordzeekanaal","Halfweg boezemzijde","VR2W-119056",52.391732,4.770434,2018-01-25 08:30:25,2018-01-25 09:13:33,43,19277,13462.39901,0.698366,25676.435658,8841.612885,TRUE,10258.619926,22,2018-01-25 20:47:58,1417.007041,44253,0.0320205871014394,TRUE
"2744","A69-1602-3077",2744,"Noordzeekanaal","Noordzeekanaal","VR2W-114165",52.462798,4.633995,2018-01-25 20:47:58,2018-01-25 21:21:17,19,41665,14769.356919,0.354479,40445.792577,10258.619926,TRUE,11865.538924,23,2018-01-25 21:29:11,1606.918998,2473,0.649785280226446,TRUE
"2745","A69-1602-3077",2745,"Noordzeekanaal","Grote sluis NZK","VR2W-114178",52.467488,4.613347,2018-01-25 21:29:11,2018-01-25 21:39:25,4,474,1606.918999,3.390124,42052.711576,11865.538924,FALSE,NA,NA,NA,NA,NA,NA,TRUE
"2746","A69-1602-3077",2746,"Noordzeekanaal","Noordzeekanaal","VR2W-114165",52.462798,4.633995,2018-01-25 21:43:21,2018-01-25 21:43:21,1,236,1606.918999,6.808979,43659.630575,10258.619926,TRUE,11865.538924,25,2018-01-25 21:44:06,1606.918998,45,35.7093110666667,TRUE
"2747","A69-1602-3077",2747,"Noordzeekanaal","Grote sluis NZK","VR2W-114178",52.467488,4.613347,2018-01-25 21:44:06,2018-01-25 21:44:53,2,45,1606.918999,35.709311,45266.549574,11865.538924,FALSE,NA,NA,NA,NA,NA,NA,TRUE
"2748","A69-1602-3077",2748,"Noordzeekanaal","Noordzeekanaal","VR2W-114165",52.462798,4.633995,2018-01-25 21:45:29,2018-01-25 21:45:29,1,36,1606.918999,44.636639,46873.468573,10258.619926,TRUE,11865.538924,27,2018-01-25 21:49:01,1606.918998,212,7.57980659433963,TRUE
"2749","A69-1602-3077",2749,"Noordzeekanaal","Grote sluis NZK","VR2W-114178",52.467488,4.613347,2018-01-25 21:49:01,2018-01-25 22:39:24,34,212,1606.918999,7.579807,48480.387572,11865.538924,FALSE,NA,NA,NA,NA,NA,NA,TRUE
"2750","A69-1602-3077",2750,"Noordzeekanaal","Noordzeekanaal","VR2W-114165",52.462798,4.633995,2018-01-25 22:50:57,2018-01-25 23:20:11,16,693,1606.918999,2.318786,50087.306571,10258.619926,TRUE,11865.538924,29,2018-01-25 23:21:33,1606.918998,1836,0.875228212418301,TRUE
"2751","A69-1602-3077",2751,"Noordzeekanaal","Grote sluis NZK","VR2W-114178",52.467488,4.613347,2018-01-25 23:21:33,2018-01-25 23:21:33,1,82,1606.918999,19.596573,51694.22557,11865.538924,FALSE,NA,NA,NA,NA,NA,NA,TRUE
"2752","A69-1602-3077",2752,"Noordzeekanaal","Noordzeekanaal","VR2W-114165",52.462798,4.633995,2018-01-25 23:21:36,2018-01-25 23:25:38,4,3,1606.918999,535.639666,53301.144569,10258.619926,TRUE,11865.538924,31,2018-01-25 23:25:52,1606.918998,256,6.2770273359375,TRUE
"2753","A69-1602-3077",2753,"Noordzeekanaal","Grote sluis NZK","VR2W-114178",52.467488,4.613347,2018-01-25 23:25:52,2018-01-25 23:25:52,1,14,1606.918999,114.779928,54908.063568,11865.538924,FALSE,NA,NA,NA,NA,NA,NA,TRUE
"2754","A69-1602-3077",2754,"Noordzeekanaal","Noordzeekanaal","VR2W-114165",52.462798,4.633995,2018-01-25 23:26:22,2018-01-25 23:26:22,1,30,1606.918999,53.563967,56514.982567,10258.619926,TRUE,11865.538924,33,2018-01-25 23:28:03,1606.918998,101,15.9100890891089,TRUE
"2755","A69-1602-3077",2755,"Noordzeekanaal","Grote sluis NZK","VR2W-114178",52.467488,4.613347,2018-01-25 23:28:03,2018-01-25 23:29:18,3,101,1606.918999,15.910089,58121.901566,11865.538924,FALSE,NA,NA,NA,NA,NA,NA,TRUE
"2756","A69-1602-3077",2756,"Noordzeekanaal","Noordzeekanaal","VR2W-114165",52.462798,4.633995,2018-01-25 23:31:05,2018-01-25 23:33:27,3,107,1606.918999,15.017935,59728.820565,10258.619926,TRUE,11865.538924,35,2018-01-25 23:33:56,1606.918998,171,9.39718712280702,TRUE
"2757","A69-1602-3077",2757,"Noordzeekanaal","Grote sluis NZK","VR2W-114178",52.467488,4.613347,2018-01-25 23:33:56,2018-01-25 23:33:56,1,29,1606.918999,55.411,61335.739564,11865.538924,FALSE,NA,NA,NA,NA,NA,NA,TRUE
"2758","A69-1602-3077",2758,"Noordzeekanaal","Noordzeekanaal","VR2W-114165",52.462798,4.633995,2018-01-25 23:34:10,2018-01-25 23:34:10,1,14,1606.918999,114.779928,62942.658563,10258.619926,TRUE,11865.538924,37,2018-01-25 23:39:08,1606.918998,298,5.39234563087249,TRUE
"2759","A69-1602-3077",2759,"Noordzeekanaal","Grote sluis NZK","VR2W-114178",52.467488,4.613347,2018-01-25 23:39:08,2018-01-26 00:15:55,39,298,1606.918999,5.392346,64549.577562,11865.538924,FALSE,NA,NA,NA,NA,NA,NA,TRUE
"2760","A69-1602-3077",2760,"Noordzeekanaal","Noordzeekanaal","VR2W-114165",52.462798,4.633995,2018-01-26 00:16:15,2018-01-26 00:16:15,1,20,1606.918999,80.34595,66156.496561,10258.619926,TRUE,11865.538924,39,2018-01-26 00:16:41,1606.918998,26,61.8045768461539,TRUE
"2761","A69-1602-3077",2761,"Noordzeekanaal","Grote sluis NZK","VR2W-114178",52.467488,4.613347,2018-01-26 00:16:41,2018-01-26 00:35:22,23,26,1606.918999,61.804577,67763.41556,11865.538924,FALSE,NA,NA,NA,NA,NA,NA,TRUE
"2762","A69-1602-3077",2762,"Noordzeekanaal","Noordzeekanaal","VR2W-114164",52.465232,4.633992,2018-01-26 00:35:45,2018-01-26 00:35:45,1,23,1606.918999,69.866043,69370.334559,10258.619926,TRUE,11865.538924,41,2018-01-26 00:36:07,1606.918998,22,73.0417726363637,TRUE
"2763","A69-1602-3077",2763,"Noordzeekanaal","Grote sluis NZK","VR2W-114178",52.467488,4.613347,2018-01-26 00:36:07,2018-01-26 00:56:37,18,22,1606.918999,73.041773,70977.253558,11865.538924,FALSE,NA,NA,NA,NA,NA,NA,TRUE
"2764","A69-1602-3077",2764,"Noordzeekanaal","Noordzeekanaal","VR2W-114165",52.462798,4.633995,2018-01-26 00:57:08,2018-01-26 00:57:08,1,31,1606.918999,51.836097,72584.172557,10258.619926,TRUE,11865.538924,43,2018-01-26 00:57:21,1606.918998,13,123.609153692308,TRUE
"2765","A69-1602-3077",2765,"Noordzeekanaal","Grote sluis NZK","VR2W-114178",52.467488,4.613347,2018-01-26 00:57:21,2018-01-26 01:02:49,7,13,1606.918999,123.609154,74191.091556,11865.538924,FALSE,NA,NA,NA,NA,NA,NA,TRUE
"2766","A69-1602-3077",2766,"Noordzeekanaal","Noordzeekanaal","VR2W-114165",52.462798,4.633995,2018-01-26 01:40:58,2018-01-26 02:05:37,5,2289,1606.918999,0.702018,75798.010555,10258.619926,TRUE,11865.538924,45,2018-01-26 02:05:49,1606.918998,1491,1.07774580684105,TRUE
"2767","A69-1602-3077",2767,"Noordzeekanaal","Grote sluis NZK","VR2W-114178",52.467488,4.613347,2018-01-26 02:05:49,2018-01-26 02:11:58,6,12,1606.918999,133.909917,77404.929554,11865.538924,FALSE,NA,NA,NA,NA,NA,NA,TRUE
"2768","A69-1602-3077",2768,"Noordzeekanaal","Noordzeekanaal","VR2W-114165",52.462798,4.633995,2018-01-26 02:12:18,2018-01-26 02:13:07,2,20,1606.918999,80.34595,79011.848553,10258.619926,TRUE,11865.538924,47,2018-01-26 02:13:35,1606.918998,77,20.8690778961039,TRUE
"2769","A69-1602-3077",2769,"Noordzeekanaal","Grote sluis NZK","VR2W-114178",52.467488,4.613347,2018-01-26 02:13:35,2018-01-26 02:14:29,2,28,1606.918999,57.389964,80618.767552,11865.538924,FALSE,NA,NA,NA,NA,NA,NA,TRUE
"2770","A69-1602-3077",2770,"Noordzeekanaal","Noordzeekanaal","VR2W-114165",52.462798,4.633995,2018-01-26 02:14:32,2018-01-26 02:14:32,1,3,1606.918999,535.639666,82225.686551,10258.619926,TRUE,11865.538924,49,2018-01-26 02:15:22,1606.918998,50,32.13837996,TRUE
"2771","A69-1602-3077",2771,"Noordzeekanaal","Grote sluis NZK","VR2W-114178",52.467488,4.613347,2018-01-26 02:15:22,2018-01-26 02:17:08,3,50,1606.918999,32.13838,83832.60555,11865.538924,FALSE,NA,NA,NA,NA,NA,NA,TRUE
"2772","A69-1602-3077",2772,"Noordzeekanaal","Noordzeekanaal","VR2W-114164",52.465232,4.633992,2018-01-26 02:24:41,2018-01-26 03:21:54,31,453,1606.918999,3.547283,85439.524549,10258.619926,TRUE,12582.610909,51,2018-01-26 03:28:36,2323.990983,3835,0.605995041199479,TRUE
"2773","A69-1602-3077",2773,"Noordzeekanaal","Middensluis NZK","VR2W-132417",52.465373,4.601803,2018-01-26 03:28:36,2018-01-26 03:28:36,1,402,2323.990983,5.781072,87763.515532,12582.610909,FALSE,NA,NA,NA,NA,NA,NA,TRUE
"2774","A69-1602-3077",2774,"Noordzeekanaal","Noordzeekanaal","VR2W-114164",52.465232,4.633992,2018-01-26 03:38:35,2018-01-26 03:40:51,4,599,2323.990983,3.879785,90087.506515,10258.619926,TRUE,11865.538924,53,2018-01-26 03:43:46,1606.918998,311,5.16694211575563,TRUE
"2775","A69-1602-3077",2775,"Noordzeekanaal","Grote sluis NZK","VR2W-114178",52.467488,4.613347,2018-01-26 03:43:46,2018-01-26 03:47:15,4,175,1606.918999,9.182394,91694.425514,11865.538924,FALSE,NA,NA,NA,NA,NA,NA,TRUE
"2776","A69-1602-3077",2776,"Noordzeekanaal","Noordzeekanaal","VR2W-114165",52.462798,4.633995,2018-01-26 03:57:46,2018-01-26 03:58:28,2,631,1606.918999,2.546623,93301.344513,10258.619926,TRUE,11865.538924,55,2018-01-26 03:59:25,1606.918998,99,16.231505030303,TRUE
"2777","A69-1602-3077",2777,"Noordzeekanaal","Grote sluis NZK","VR2W-114178",52.467488,4.613347,2018-01-26 03:59:25,2018-01-26 05:42:30,70,57,1606.918999,28.191561,94908.263512,11865.538924,NA,NA,NA,NA,NA,NA,NA,TRUE
"2778","A69-1602-3077",2778,"Noordzeekanaal","Middensluis NZK","VR2W-132417",52.465373,4.601803,2018-01-26 06:54:52,2018-01-26 07:55:33,26,4342,882.739291,0.203302,95791.002803,12582.610909,FALSE,NA,NA,NA,NA,NA,NA,TRUE
"2779","A69-1602-3077",2779,"Noordzeekanaal","Noordzeekanaal","VR2W-114164",52.465232,4.633992,2018-01-26 07:57:54,2018-01-26 07:57:54,1,141,2323.990983,16.482206,98114.993786,10258.619926,TRUE,11865.538924,58,2018-01-26 08:02:19,1606.918998,265,6.0638452754717,TRUE
"2780","A69-1602-3077",2780,"Noordzeekanaal","Grote sluis NZK","VR2W-114178",52.467488,4.613347,2018-01-26 08:02:19,2018-01-26 09:10:08,11,265,1606.918999,6.063845,99721.912785,11865.538924,FALSE,NA,NA,NA,NA,NA,NA,TRUE
"2781","A69-1602-3077",2781,"Noordzeekanaal","Noordzeekanaal","VR2W-114165",52.462798,4.633995,2018-01-26 09:12:56,2018-01-26 09:13:49,2,168,1606.918999,9.564994,101328.831784,10258.619926,TRUE,11865.538924,60,2018-01-26 09:14:06,1606.918998,70,22.9559856857143,TRUE
"2782","A69-1602-3077",2782,"Noordzeekanaal","Grote sluis NZK","VR2W-114178",52.467488,4.613347,2018-01-26 09:14:06,2018-01-26 09:14:06,1,17,1606.918999,94.524647,102935.750783,11865.538924,FALSE,NA,NA,NA,NA,NA,NA,TRUE
"2783","A69-1602-3077",2783,"Noordzeekanaal","Noordzeekanaal","VR2W-114165",52.462798,4.633995,2018-01-26 09:15:30,2018-01-26 09:15:30,1,84,1606.918999,19.129988,104542.669782,10258.619926,TRUE,11865.538924,62,2018-01-26 09:15:56,1606.918998,26,61.8045768461539,TRUE
"2784","A69-1602-3077",2784,"Noordzeekanaal","Grote sluis NZK","VR2W-114178",52.467488,4.613347,2018-01-26 09:15:56,2018-01-26 13:52:14,180,26,1606.918999,61.804577,106149.588781,11865.538924,FALSE,NA,NA,NA,NA,NA,NA,TRUE
"2785","A69-1602-3077",2785,"Noordzeekanaal","Noordzeekanaal","VR2W-114165",52.462798,4.633995,2018-01-26 13:52:39,2018-01-26 13:52:39,1,25,1606.918999,64.27676,107756.50778,10258.619926,TRUE,11865.538924,64,2018-01-26 13:52:57,1606.918998,18,89.2732776666667,TRUE
"2786","A69-1602-3077",2786,"Noordzeekanaal","Grote sluis NZK","VR2W-114178",52.467488,4.613347,2018-01-26 13:52:57,2018-01-26 14:25:29,13,18,1606.918999,89.273278,109363.426779,11865.538924,FALSE,NA,NA,NA,NA,NA,NA,TRUE
"2787","A69-1602-3077",2787,"Noordzeekanaal","Noordzeekanaal","VR2W-114165",52.462798,4.633995,2018-01-26 14:25:40,2018-01-26 14:25:40,1,11,1606.918999,146.083545,110970.345778,10258.619926,TRUE,11865.538924,66,2018-01-26 14:26:22,1606.918998,42,38.2599761428572,TRUE
"2788","A69-1602-3077",2788,"Noordzeekanaal","Grote sluis NZK","VR2W-114178",52.467488,4.613347,2018-01-26 14:26:22,2018-01-26 18:22:16,192,42,1606.918999,38.259976,112577.264777,11865.538924,NA,NA,NA,NA,NA,NA,NA,TRUE
"2789","A69-1602-3077",2789,"Noordzeekanaal","Grote sluis Noordzee","VR2W-132414",52.466907,4.600546,2018-01-26 20:03:46,2018-01-26 21:05:54,60,6090,941.310669,0.154567,113518.575446,12724.01594,NA,NA,NA,NA,NA,NA,NA,TRUE
"2790","A69-1602-3078",2790,"Noordzeekanaal","rel_noordzeekanaal6","none",52.397264,4.677708,2017-10-09 12:00:00,2017-10-09 12:00:00,1,NA,NA,NA,0,0,FALSE,1624.079592,2,2017-10-12 21:48:46,1624.079592,294526,0.00551421467714226,FALSE
"2791","A69-1602-3078",2791,"Noordzeekanaal","Spaarne gemaal","VR2W-102057",52.410548,4.673446,2017-10-12 21:48:46,2017-10-13 05:42:54,388,294526,1624.079592,0.005514,1624.079592,1624.079592,FALSE,10124.308519,16,2017-11-11 22:32:16,8500.228927,2594610,0.00327611044704214,FALSE
"2792","A69-1602-3078",2792,"Noordzeekanaal","Spaarne gemaal","VR2W-102057",52.410548,4.673446,2017-10-13 22:02:43,2017-10-13 22:02:43,1,NA,NA,NA,1624.079592,1624.079592,FALSE,10124.308519,16,2017-11-11 22:32:16,8500.228927,2507373,0.00339009350702907,FALSE
"2793","A69-1602-3078",2793,"Noordzeekanaal","Spaarne gemaal","VR2W-102057",52.410548,4.673446,2017-10-13 23:17:04,2017-10-13 23:17:04,1,NA,NA,NA,1624.079592,1624.079592,FALSE,10124.308519,16,2017-11-11 22:32:16,8500.228927,2502912,0.00339613575187621,FALSE
"2794","A69-1602-3078",2794,"Noordzeekanaal","Spaarne gemaal","VR2W-102057",52.410548,4.673446,2017-10-14 05:28:41,2017-10-14 05:44:44,3,NA,NA,NA,1624.079592,1624.079592,FALSE,10124.308519,16,2017-11-11 22:32:16,8500.228927,2480615,0.00342666190722865,FALSE
"2795","A69-1602-3078",2795,"Noordzeekanaal","Spaarne gemaal","VR2W-102057",52.410548,4.673446,2017-10-14 16:49:36,2017-10-14 19:05:26,67,NA,NA,NA,1624.079592,1624.079592,FALSE,10124.308519,16,2017-11-11 22:32:16,8500.228927,2439760,0.00348404307267928,FALSE
"2796","A69-1602-3078",2796,"Noordzeekanaal","Spaarne gemaal","VR2W-102057",52.410548,4.673446,2017-10-14 20:14:28,2017-10-14 20:16:13,2,NA,NA,NA,1624.079592,1624.079592,FALSE,10124.308519,16,2017-11-11 22:32:16,8500.228927,2427468,0.00350168526505808,FALSE
"2797","A69-1602-3078",2797,"Noordzeekanaal","Spaarne gemaal","VR2W-102057",52.410548,4.673446,2017-10-14 21:53:32,2017-10-15 06:31:31,248,NA,NA,NA,1624.079592,1624.079592,FALSE,10124.308519,16,2017-11-11 22:32:16,8500.228927,2421524,0.00351028068563434,FALSE
"2798","A69-1602-3078",2798,"Noordzeekanaal","Spaarne gemaal","VR2W-102057",52.410548,4.673446,2017-10-15 07:36:50,2017-10-15 12:14:07,56,NA,NA,NA,1624.079592,1624.079592,FALSE,10124.308519,16,2017-11-11 22:32:16,8500.228927,2386526,0.00356175835796467,FALSE
"2799","A69-1602-3078",2799,"Noordzeekanaal","Spaarne gemaal","VR2W-102057",52.410548,4.673446,2017-10-15 15:45:33,2017-10-15 20:36:01,147,NA,NA,NA,1624.079592,1624.079592,FALSE,10124.308519,16,2017-11-11 22:32:16,8500.228927,2357203,0.00360606571729291,FALSE
"2800","A69-1602-3078",2800,"Noordzeekanaal","Spaarne gemaal","VR2W-102057",52.410548,4.673446,2017-10-15 22:32:15,2017-10-16 02:39:08,112,NA,NA,NA,1624.079592,1624.079592,FALSE,10124.308519,16,2017-11-11 22:32:16,8500.228927,2332801,0.0036437865583048,FALSE
"2801","A69-1602-3078",2801,"Noordzeekanaal","Spaarne gemaal","VR2W-102057",52.410548,4.673446,2017-10-20 03:40:11,2017-10-20 06:38:21,64,NA,NA,NA,1624.079592,1624.079592,FALSE,10124.308519,16,2017-11-11 22:32:16,8500.228927,1968725,0.00431763142490698,FALSE
"2802","A69-1602-3078",2802,"Noordzeekanaal","Spaarne sluis","VR2W-102063",52.412068,4.680792,2017-10-20 11:41:26,2017-10-20 11:41:26,1,18185,582.774677,0.032047,2206.854269,1782.640686,FALSE,10124.308519,16,2017-11-11 22:32:16,8341.667833,1939850,0.00430016126659278,FALSE
"2803","A69-1602-3078",2803,"Noordzeekanaal","Spaarne sluis","VR2W-102063",52.412068,4.680792,2017-10-20 18:51:01,2017-10-21 04:39:47,71,NA,NA,NA,2206.854269,1782.640686,FALSE,10124.308519,16,2017-11-11 22:32:16,8341.667833,1914075,0.00435806738659666,FALSE
"2804","A69-1602-3078",2804,"Noordzeekanaal","Spaarne sluis","VR2W-102063",52.412068,4.680792,2017-10-21 06:08:27,2017-10-21 08:52:01,96,NA,NA,NA,2206.854269,1782.640686,FALSE,10124.308519,16,2017-11-11 22:32:16,8341.667833,1873429,0.00445262021298912,FALSE
"2805","A69-1602-3078",2805,"Noordzeekanaal","Overtoom 1","VR2W-119065",52.430117,4.784283,2017-11-11 22:32:16,2017-11-11 22:34:16,4,1863615,8341.667834,0.004476,10548.522103,10124.308519,FALSE,NA,NA,NA,NA,NA,NA,FALSE
"2806","A69-1602-3078",2806,"Noordzeekanaal","Overtoom 1","VR2W-119065",52.430117,4.784283,2017-11-13 02:54:42,2017-11-13 03:39:33,6,NA,NA,NA,10548.522103,10124.308519,NA,NA,NA,NA,NA,NA,NA,FALSE
"2807","A69-1602-3079",2807,"Noordzeekanaal","rel_noordzeekanaal6","none",52.397264,4.677708,2017-10-09 12:00:00,2017-10-09 12:00:00,1,NA,NA,NA,0,0,TRUE,1624.079592,2,2017-10-10 05:58:13,1624.079592,64693,0.02510440993616,TRUE
"2808","A69-1602-3079",2808,"Noordzeekanaal","Spaarne gemaal","VR2W-102057",52.410548,4.673446,2017-10-10 05:58:13,2017-10-10 05:58:13,1,64693,1624.079592,0.025104,1624.079592,1624.079592,FALSE,8841.612885,5,2017-10-14 17:21:46,7217.533293,386613,0.0186686254549123,TRUE
"2809","A69-1602-3079",2809,"Noordzeekanaal","Spaarne gemaal","VR2W-102057",52.410548,4.673446,2017-10-13 02:57:14,2017-10-13 04:22:39,4,NA,NA,NA,1624.079592,1624.079592,FALSE,8841.612885,5,2017-10-14 17:21:46,7217.533293,138272,0.0521980827137815,TRUE
"2810","A69-1602-3079",2810,"Noordzeekanaal","Spaarne gemaal","VR2W-102057",52.410548,4.673446,2017-10-14 00:54:50,2017-10-14 00:54:50,1,NA,NA,NA,1624.079592,1624.079592,TRUE,8841.612885,5,2017-10-14 17:21:46,7217.533293,59216,0.121884850260065,TRUE
"2811","A69-1602-3079",2811,"Noordzeekanaal","Halfweg boezemzijde","VR2W-119056",52.391732,4.770434,2017-10-14 17:21:46,2017-10-14 22:48:00,232,59216,10382.859832,0.175339,12006.939424,8841.612885,TRUE,10124.308519,6,2017-10-15 17:08:36,1282.695634,85610,0.0149830117276019,TRUE
"2812","A69-1602-3079",2812,"Noordzeekanaal","Overtoom 1","VR2W-119065",52.430117,4.784283,2017-10-15 17:08:36,2017-10-15 17:08:36,1,66036,4896.498534,0.074149,16903.437958,10124.308519,FALSE,11865.538924,8,2017-11-17 03:14:06,1741.230405,2801130,0.00062161713487057,TRUE
"2813","A69-1602-3079",2813,"Noordzeekanaal","Noordzeekanaal","VR2W-114165",52.462798,4.633995,2017-11-17 02:01:13,2017-11-17 03:13:36,52,2796757,11955.458146,0.004275,28858.896104,10258.619926,TRUE,11865.538924,8,2017-11-17 03:14:06,1606.918998,4373,0.367463754402013,TRUE
"2814","A69-1602-3079",2814,"Noordzeekanaal","Grote sluis NZK","VR2W-114178",52.467488,4.613347,2017-11-17 03:14:06,2017-11-17 03:14:06,1,30,1606.918999,53.563967,30465.815103,11865.538924,FALSE,NA,NA,NA,NA,NA,NA,TRUE
"2815","A69-1602-3079",2815,"Noordzeekanaal","Noordzeekanaal","VR2W-114165",52.462798,4.633995,2017-11-17 03:15:19,2017-11-17 03:16:44,2,73,1606.918999,22.012589,32072.734102,10258.619926,TRUE,11865.538924,10,2017-11-17 03:17:06,1606.918998,107,15.0179345607477,TRUE
"2816","A69-1602-3079",2816,"Noordzeekanaal","Grote sluis NZK","VR2W-114178",52.467488,4.613347,2017-11-17 03:17:06,2017-11-17 03:17:06,1,22,1606.918999,73.041773,33679.653101,11865.538924,FALSE,NA,NA,NA,NA,NA,NA,TRUE
"2817","A69-1602-3079",2817,"Noordzeekanaal","Noordzeekanaal","VR2W-114165",52.462798,4.633995,2017-11-17 03:17:28,2017-11-17 03:18:37,2,22,1606.918999,73.041773,35286.5721,10258.619926,TRUE,11865.538924,12,2017-11-17 03:18:43,1606.918998,75,21.42558664,TRUE
"2818","A69-1602-3079",2818,"Noordzeekanaal","Grote sluis NZK","VR2W-114178",52.467488,4.613347,2017-11-17 03:18:43,2017-11-17 03:18:43,1,6,1606.918999,267.819833,36893.491099,11865.538924,FALSE,NA,NA,NA,NA,NA,NA,TRUE
"2819","A69-1602-3079",2819,"Noordzeekanaal","Noordzeekanaal","VR2W-114165",52.462798,4.633995,2017-11-17 03:19:11,2017-11-17 03:19:11,1,28,1606.918999,57.389964,38500.410098,10258.619926,TRUE,11865.538924,14,2017-11-17 03:19:22,1606.918998,11,146.083545272727,TRUE
"2820","A69-1602-3079",2820,"Noordzeekanaal","Grote sluis NZK","VR2W-114178",52.467488,4.613347,2017-11-17 03:19:22,2017-11-17 03:19:22,1,11,1606.918999,146.083545,40107.329097,11865.538924,FALSE,NA,NA,NA,NA,NA,NA,TRUE
"2821","A69-1602-3079",2821,"Noordzeekanaal","Noordzeekanaal","VR2W-114165",52.462798,4.633995,2017-11-17 03:19:46,2017-11-17 03:20:22,2,24,1606.918999,66.954958,41714.248096,10258.619926,TRUE,11865.538924,16,2017-11-17 03:20:40,1606.918998,54,29.7577592222222,TRUE
"2822","A69-1602-3079",2822,"Noordzeekanaal","Grote sluis NZK","VR2W-114178",52.467488,4.613347,2017-11-17 03:20:40,2017-11-17 03:25:05,5,18,1606.918999,89.273278,43321.167095,11865.538924,FALSE,NA,NA,NA,NA,NA,NA,TRUE
"2823","A69-1602-3079",2823,"Noordzeekanaal","Noordzeekanaal","VR2W-114165",52.462798,4.633995,2017-11-17 03:26:58,2017-11-17 03:26:58,1,113,1606.918999,14.220522,44928.086094,10258.619926,TRUE,11865.538924,18,2017-11-17 03:28:07,1606.918998,69,23.2886811304348,TRUE
"2824","A69-1602-3079",2824,"Noordzeekanaal","Grote sluis NZK","VR2W-114178",52.467488,4.613347,2017-11-17 03:28:07,2017-11-17 03:28:07,1,69,1606.918999,23.288681,46535.005093,11865.538924,FALSE,NA,NA,NA,NA,NA,NA,TRUE
"2825","A69-1602-3079",2825,"Noordzeekanaal","Noordzeekanaal","VR2W-114164",52.465232,4.633992,2017-11-17 03:30:02,2017-11-17 03:30:02,1,115,1606.918999,13.973209,48141.924092,10258.619926,TRUE,11865.538924,20,2017-11-17 03:31:03,1606.918998,61,26.3429343934426,TRUE
"2826","A69-1602-3079",2826,"Noordzeekanaal","Grote sluis NZK","VR2W-114178",52.467488,4.613347,2017-11-17 03:31:03,2017-11-17 04:04:03,28,61,1606.918999,26.342934,49748.843091,11865.538924,FALSE,NA,NA,NA,NA,NA,NA,TRUE
"2827","A69-1602-3079",2827,"Noordzeekanaal","Noordzeekanaal","VR2W-114165",52.462798,4.633995,2017-11-17 04:16:34,2017-11-17 04:59:50,37,751,1606.918999,2.139706,51355.76209,10258.619926,FALSE,11865.538924,23,2017-11-17 23:33:37,1606.918998,69423,0.0231467812972646,TRUE
"2828","A69-1602-3079",2828,"Noordzeekanaal","Noordzeekanaal","VR2W-114165",52.462798,4.633995,2017-11-17 22:38:59,2017-11-17 23:15:04,36,NA,NA,NA,51355.76209,10258.619926,TRUE,11865.538924,23,2017-11-17 23:33:37,1606.918998,3278,0.490213239170226,TRUE
"2829","A69-1602-3079",2829,"Noordzeekanaal","Grote sluis NZK","VR2W-114178",52.467488,4.613347,2017-11-17 23:33:37,2017-11-18 00:34:16,51,1113,1606.918999,1.443773,52962.681089,11865.538924,FALSE,NA,NA,NA,NA,NA,NA,TRUE
"2830","A69-1602-3079",2830,"Noordzeekanaal","Noordzeekanaal","VR2W-114165",52.462798,4.633995,2017-11-18 00:54:01,2017-11-18 01:27:58,38,1185,1606.918999,1.35605,54569.600088,10258.619926,FALSE,NA,NA,NA,NA,NA,NA,TRUE
"2831","A69-1602-3079",2831,"Noordzeekanaal","Overtoom 1","VR2W-119065",52.430117,4.784283,2017-11-20 00:44:06,2017-11-20 00:44:06,1,170168,11955.458146,0.070257,66525.058234,10124.308519,FALSE,11865.538924,27,2017-12-02 02:44:32,1741.230405,1044026,0.00166780368017655,TRUE
"2832","A69-1602-3079",2832,"Noordzeekanaal","Noordzeekanaal","VR2W-114165",52.462798,4.633995,2017-12-02 01:34:36,2017-12-02 02:43:53,62,1039830,11955.458146,0.011498,78480.51638,10258.619926,TRUE,11865.538924,27,2017-12-02 02:44:32,1606.918998,4196,0.382964489513823,TRUE
"2833","A69-1602-3079",2833,"Noordzeekanaal","Grote sluis NZK","VR2W-114178",52.467488,4.613347,2017-12-02 02:44:32,2017-12-02 02:44:32,1,39,1606.918999,41.203051,80087.435379,11865.538924,FALSE,NA,NA,NA,NA,NA,NA,TRUE
"2834","A69-1602-3079",2834,"Noordzeekanaal","Noordzeekanaal","VR2W-114164",52.465232,4.633992,2017-12-02 02:44:44,2017-12-02 03:02:02,22,12,1606.918999,133.909917,81694.354378,10258.619926,TRUE,11865.538924,29,2017-12-02 03:11:58,1606.918998,1634,0.983426559363526,TRUE
"2835","A69-1602-3079",2835,"Noordzeekanaal","Grote sluis NZK","VR2W-114178",52.467488,4.613347,2017-12-02 03:11:58,2017-12-02 03:11:58,1,596,1606.918999,2.696173,83301.273377,11865.538924,FALSE,NA,NA,NA,NA,NA,NA,TRUE
"2836","A69-1602-3079",2836,"Noordzeekanaal","Noordzeekanaal","VR2W-114164",52.465232,4.633992,2017-12-02 03:15:34,2017-12-02 03:15:34,1,216,1606.918999,7.43944,84908.192376,10258.619926,TRUE,12582.610909,31,2017-12-02 03:15:54,2323.990983,20,116.19954915,TRUE
"2837","A69-1602-3079",2837,"Noordzeekanaal","Middensluis NZK","VR2W-132417",52.465373,4.601803,2017-12-02 03:15:54,2017-12-02 03:18:36,5,20,2323.990983,116.199549,87232.183359,12582.610909,FALSE,NA,NA,NA,NA,NA,NA,TRUE
"2838","A69-1602-3079",2838,"Noordzeekanaal","Noordzeekanaal","VR2W-114164",52.465232,4.633992,2017-12-02 03:19:09,2017-12-02 03:19:09,1,33,2323.990983,70.423969,89556.174342,10258.619926,TRUE,11865.538924,33,2017-12-02 03:19:14,1606.918998,5,321.3837996,TRUE
"2839","A69-1602-3079",2839,"Noordzeekanaal","Grote sluis NZK","VR2W-114178",52.467488,4.613347,2017-12-02 03:19:14,2017-12-02 03:21:49,4,5,1606.918999,321.3838,91163.093341,11865.538924,FALSE,NA,NA,NA,NA,NA,NA,TRUE
"2840","A69-1602-3079",2840,"Noordzeekanaal","Noordzeekanaal","VR2W-114164",52.465232,4.633992,2017-12-02 03:24:50,2017-12-02 03:24:50,1,181,1606.918999,8.878006,92770.01234,10258.619926,TRUE,12582.610909,35,2017-12-02 03:25:06,2323.990983,16,145.2494364375,TRUE
"2841","A69-1602-3079",2841,"Noordzeekanaal","Middensluis NZK","VR2W-132417",52.465373,4.601803,2017-12-02 03:25:06,2017-12-02 03:25:06,1,16,2323.990983,145.249436,95094.003323,12582.610909,FALSE,NA,NA,NA,NA,NA,NA,TRUE
"2842","A69-1602-3079",2842,"Noordzeekanaal","Noordzeekanaal","VR2W-114164",52.465232,4.633992,2017-12-02 03:26:15,2017-12-02 03:26:58,2,69,2323.990983,33.681029,97417.994306,10258.619926,TRUE,12582.610909,37,2017-12-02 03:28:54,2323.990983,159,14.616295490566,TRUE
"2843","A69-1602-3079",2843,"Noordzeekanaal","Middensluis NZK","VR2W-132417",52.465373,4.601803,2017-12-02 03:28:54,2017-12-02 03:32:12,3,116,2323.990983,20.034405,99741.985289,12582.610909,FALSE,NA,NA,NA,NA,NA,NA,TRUE
"2844","A69-1602-3079",2844,"Noordzeekanaal","Noordzeekanaal","VR2W-114164",52.465232,4.633992,2017-12-02 03:36:27,2017-12-02 03:36:27,1,255,2323.990983,9.11369,102065.976272,10258.619926,TRUE,11865.538924,39,2017-12-02 03:38:46,1606.918998,139,11.5605683309353,TRUE
"2845","A69-1602-3079",2845,"Noordzeekanaal","Grote sluis NZK","VR2W-114178",52.467488,4.613347,2017-12-02 03:38:46,2017-12-02 06:29:17,111,139,1606.918999,11.560568,103672.895271,11865.538924,FALSE,NA,NA,NA,NA,NA,NA,TRUE
"2846","A69-1602-3079",2846,"Noordzeekanaal","Noordzeekanaal","VR2W-114164",52.465232,4.633992,2017-12-02 06:30:14,2017-12-02 06:30:14,1,57,1606.918999,28.191561,105279.81427,10258.619926,TRUE,11865.538924,41,2017-12-02 06:30:53,1606.918998,39,41.2030512307693,TRUE
"2847","A69-1602-3079",2847,"Noordzeekanaal","Grote sluis NZK","VR2W-114178",52.467488,4.613347,2017-12-02 06:30:53,2017-12-02 06:36:35,12,39,1606.918999,41.203051,106886.733269,11865.538924,FALSE,NA,NA,NA,NA,NA,NA,TRUE
"2848","A69-1602-3079",2848,"Noordzeekanaal","Noordzeekanaal","VR2W-114164",52.465232,4.633992,2017-12-02 06:36:58,2017-12-02 06:36:58,1,23,1606.918999,69.866043,108493.652268,10258.619926,TRUE,11865.538924,43,2017-12-02 06:37:10,1606.918998,12,133.9099165,TRUE
"2849","A69-1602-3079",2849,"Noordzeekanaal","Grote sluis NZK","VR2W-114178",52.467488,4.613347,2017-12-02 06:37:10,2017-12-02 06:45:06,20,12,1606.918999,133.909917,110100.571267,11865.538924,FALSE,NA,NA,NA,NA,NA,NA,TRUE
"2850","A69-1602-3079",2850,"Noordzeekanaal","Noordzeekanaal","VR2W-114164",52.465232,4.633992,2017-12-02 06:45:42,2017-12-02 06:45:42,1,36,1606.918999,44.636639,111707.490266,10258.619926,TRUE,11865.538924,45,2017-12-02 06:45:44,1606.918998,2,803.459499000001,TRUE
"2851","A69-1602-3079",2851,"Noordzeekanaal","Grote sluis NZK","VR2W-114178",52.467488,4.613347,2017-12-02 06:45:44,2017-12-02 06:46:27,2,2,1606.918999,803.459499,113314.409265,11865.538924,FALSE,NA,NA,NA,NA,NA,NA,TRUE
"2852","A69-1602-3079",2852,"Noordzeekanaal","Noordzeekanaal","VR2W-114164",52.465232,4.633992,2017-12-02 06:47:09,2017-12-02 06:47:09,1,42,1606.918999,38.259976,114921.328264,10258.619926,TRUE,11865.538924,47,2017-12-02 06:47:17,1606.918998,8,200.86487475,TRUE
"2853","A69-1602-3079",2853,"Noordzeekanaal","Grote sluis NZK","VR2W-114178",52.467488,4.613347,2017-12-02 06:47:17,2017-12-02 06:47:17,1,8,1606.918999,200.864875,116528.247263,11865.538924,FALSE,NA,NA,NA,NA,NA,NA,TRUE
"2854","A69-1602-3079",2854,"Noordzeekanaal","Noordzeekanaal","VR2W-114164",52.465232,4.633992,2017-12-02 06:47:56,2017-12-02 06:47:56,1,39,1606.918999,41.203051,118135.166262,10258.619926,TRUE,11865.538924,49,2017-12-02 06:48:45,1606.918998,49,32.7942652653061,TRUE
"2855","A69-1602-3079",2855,"Noordzeekanaal","Grote sluis NZK","VR2W-114178",52.467488,4.613347,2017-12-02 06:48:45,2017-12-02 06:48:45,1,49,1606.918999,32.794265,119742.085261,11865.538924,FALSE,NA,NA,NA,NA,NA,NA,TRUE
"2856","A69-1602-3079",2856,"Noordzeekanaal","Noordzeekanaal","VR2W-114164",52.465232,4.633992,2017-12-02 06:49:18,2017-12-02 06:49:18,1,33,1606.918999,48.694515,121349.00426,10258.619926,TRUE,11865.538924,51,2017-12-02 06:49:32,1606.918998,14,114.779928428571,TRUE
"2857","A69-1602-3079",2857,"Noordzeekanaal","Grote sluis NZK","VR2W-114178",52.467488,4.613347,2017-12-02 06:49:32,2017-12-02 06:49:32,1,14,1606.918999,114.779928,122955.923259,11865.538924,FALSE,NA,NA,NA,NA,NA,NA,TRUE
"2858","A69-1602-3079",2858,"Noordzeekanaal","Noordzeekanaal","VR2W-114164",52.465232,4.633992,2017-12-02 06:50:10,2017-12-02 06:50:10,1,38,1606.918999,42.287342,124562.842258,10258.619926,TRUE,11865.538924,53,2017-12-02 06:50:12,1606.918998,2,803.459499000001,TRUE
"2859","A69-1602-3079",2859,"Noordzeekanaal","Grote sluis NZK","VR2W-114178",52.467488,4.613347,2017-12-02 06:50:12,2017-12-02 06:50:12,1,2,1606.918999,803.459499,126169.761257,11865.538924,FALSE,NA,NA,NA,NA,NA,NA,TRUE
"2860","A69-1602-3079",2860,"Noordzeekanaal","Noordzeekanaal","VR2W-114165",52.462798,4.633995,2017-12-02 06:50:48,2017-12-02 06:51:02,2,36,1606.918999,44.636639,127776.680256,10258.619926,TRUE,11865.538924,55,2017-12-02 06:51:38,1606.918998,50,32.13837996,TRUE
"2861","A69-1602-3079",2861,"Noordzeekanaal","Grote sluis NZK","VR2W-114178",52.467488,4.613347,2017-12-02 06:51:38,2017-12-02 06:51:38,1,36,1606.918999,44.636639,129383.599255,11865.538924,FALSE,NA,NA,NA,NA,NA,NA,TRUE
"2862","A69-1602-3079",2862,"Noordzeekanaal","Noordzeekanaal","VR2W-114164",52.465232,4.633992,2017-12-02 06:52:36,2017-12-02 06:52:36,1,58,1606.918999,27.7055,130990.518254,10258.619926,TRUE,11865.538924,57,2017-12-02 06:54:05,1606.918998,89,18.0552696404494,TRUE
"2863","A69-1602-3079",2863,"Noordzeekanaal","Grote sluis NZK","VR2W-114178",52.467488,4.613347,2017-12-02 06:54:05,2017-12-02 06:54:55,2,89,1606.918999,18.05527,132597.437253,11865.538924,FALSE,NA,NA,NA,NA,NA,NA,TRUE
"2864","A69-1602-3079",2864,"Noordzeekanaal","Noordzeekanaal","VR2W-114164",52.465232,4.633992,2017-12-02 06:55:07,2017-12-02 06:55:07,1,12,1606.918999,133.909917,134204.356252,10258.619926,TRUE,11865.538924,59,2017-12-02 06:59:50,1606.918998,283,5.67815900353357,TRUE
"2865","A69-1602-3079",2865,"Noordzeekanaal","Grote sluis NZK","VR2W-114178",52.467488,4.613347,2017-12-02 06:59:50,2017-12-02 06:59:50,1,283,1606.918999,5.678159,135811.275251,11865.538924,FALSE,NA,NA,NA,NA,NA,NA,TRUE
"2866","A69-1602-3079",2866,"Noordzeekanaal","Noordzeekanaal","VR2W-114164",52.465232,4.633992,2017-12-02 07:04:10,2017-12-02 07:04:36,2,260,1606.918999,6.180458,137418.19425,10258.619926,TRUE,11865.538924,61,2017-12-02 07:04:44,1606.918998,34,47.2623234705883,TRUE
"2867","A69-1602-3079",2867,"Noordzeekanaal","Grote sluis NZK","VR2W-114178",52.467488,4.613347,2017-12-02 07:04:44,2017-12-02 07:04:44,1,8,1606.918999,200.864875,139025.113249,11865.538924,FALSE,NA,NA,NA,NA,NA,NA,TRUE
"2868","A69-1602-3079",2868,"Noordzeekanaal","Noordzeekanaal","VR2W-114164",52.465232,4.633992,2017-12-02 07:04:50,2017-12-02 07:05:36,3,6,1606.918999,267.819833,140632.032248,10258.619926,TRUE,12582.610909,63,2017-12-02 07:05:57,2323.990983,67,34.6864325820896,TRUE
"2869","A69-1602-3079",2869,"Noordzeekanaal","Middensluis NZK","VR2W-132417",52.465373,4.601803,2017-12-02 07:05:57,2017-12-02 07:05:57,1,21,2323.990983,110.666237,142956.023231,12582.610909,FALSE,NA,NA,NA,NA,NA,NA,TRUE
"2870","A69-1602-3079",2870,"Noordzeekanaal","Noordzeekanaal","VR2W-114164",52.465232,4.633992,2017-12-02 07:06:13,2017-12-02 07:06:39,2,16,2323.990983,145.249436,145280.014214,10258.619926,TRUE,12582.610909,65,2017-12-02 07:06:43,2323.990983,30,77.4663661,TRUE
"2871","A69-1602-3079",2871,"Noordzeekanaal","Middensluis NZK","VR2W-132417",52.465373,4.601803,2017-12-02 07:06:43,2017-12-02 07:06:43,1,4,2323.990983,580.997746,147604.005197,12582.610909,FALSE,NA,NA,NA,NA,NA,NA,TRUE
"2872","A69-1602-3079",2872,"Noordzeekanaal","Noordzeekanaal","VR2W-114164",52.465232,4.633992,2017-12-02 07:06:54,2017-12-02 07:11:50,11,11,2323.990983,211.271908,149927.99618,10258.619926,TRUE,11865.538924,67,2017-12-02 07:12:12,1606.918998,318,5.05320439622642,TRUE
"2873","A69-1602-3079",2873,"Noordzeekanaal","Grote sluis NZK","VR2W-114178",52.467488,4.613347,2017-12-02 07:12:12,2017-12-02 07:12:12,1,22,1606.918999,73.041773,151534.915179,11865.538924,FALSE,NA,NA,NA,NA,NA,NA,TRUE
"2874","A69-1602-3079",2874,"Noordzeekanaal","Noordzeekanaal","VR2W-114165",52.462798,4.633995,2017-12-02 07:12:21,2017-12-02 07:19:59,22,9,1606.918999,178.546555,153141.834178,10258.619926,TRUE,12582.610909,69,2017-12-02 07:20:26,2323.990983,485,4.79173398556701,TRUE
"2875","A69-1602-3079",2875,"Noordzeekanaal","Middensluis NZK","VR2W-132417",52.465373,4.601803,2017-12-02 07:20:26,2017-12-02 07:20:26,1,27,2323.990983,86.07374,155465.825161,12582.610909,FALSE,NA,NA,NA,NA,NA,NA,TRUE
"2876","A69-1602-3079",2876,"Noordzeekanaal","Noordzeekanaal","VR2W-114165",52.462798,4.633995,2017-12-02 07:20:30,2017-12-02 07:25:38,8,4,2323.990983,580.997746,157789.816144,10258.619926,TRUE,12582.610909,71,2017-12-02 07:26:02,2323.990983,332,6.99997284036145,TRUE
"2877","A69-1602-3079",2877,"Noordzeekanaal","Middensluis NZK","VR2W-132417",52.465373,4.601803,2017-12-02 07:26:02,2017-12-02 07:26:02,1,24,2323.990983,96.832958,160113.807127,12582.610909,FALSE,NA,NA,NA,NA,NA,NA,TRUE
"2878","A69-1602-3079",2878,"Noordzeekanaal","Noordzeekanaal","VR2W-114165",52.462798,4.633995,2017-12-02 07:26:17,2017-12-02 10:29:03,30,15,2323.990983,154.932732,162437.79811,10258.619926,FALSE,11865.538924,74,2017-12-02 16:32:49,1606.918998,32792,0.0490033849109539,TRUE
"2879","A69-1602-3079",2879,"Noordzeekanaal","Noordzeekanaal","VR2W-114165",52.462798,4.633995,2017-12-02 15:43:56,2017-12-02 16:25:14,35,NA,NA,NA,162437.79811,10258.619926,TRUE,11865.538924,74,2017-12-02 16:32:49,1606.918998,2933,0.547875553358336,TRUE
"2880","A69-1602-3079",2880,"Noordzeekanaal","Grote sluis NZK","VR2W-114178",52.467488,4.613347,2017-12-02 16:32:49,2017-12-02 16:33:57,2,455,1606.918999,3.53169,164044.717109,11865.538924,FALSE,NA,NA,NA,NA,NA,NA,TRUE
"2881","A69-1602-3079",2881,"Noordzeekanaal","Noordzeekanaal","VR2W-114165",52.462798,4.633995,2017-12-02 16:34:25,2017-12-02 16:34:25,1,28,1606.918999,57.389964,165651.636108,10258.619926,TRUE,11865.538924,76,2017-12-02 16:34:32,1606.918998,7,229.559856857143,TRUE
"2882","A69-1602-3079",2882,"Noordzeekanaal","Grote sluis NZK","VR2W-114178",52.467488,4.613347,2017-12-02 16:34:32,2017-12-02 16:35:06,2,7,1606.918999,229.559857,167258.555107,11865.538924,FALSE,NA,NA,NA,NA,NA,NA,TRUE
"2883","A69-1602-3079",2883,"Noordzeekanaal","Noordzeekanaal","VR2W-114165",52.462798,4.633995,2017-12-02 16:37:01,2017-12-02 16:37:38,2,115,1606.918999,13.973209,168865.474106,10258.619926,TRUE,11865.538924,78,2017-12-02 16:39:45,1606.918998,164,9.79828657317074,TRUE
"2884","A69-1602-3079",2884,"Noordzeekanaal","Grote sluis NZK","VR2W-114178",52.467488,4.613347,2017-12-02 16:39:45,2017-12-03 00:47:45,574,127,1606.918999,12.652906,170472.393105,11865.538924,TRUE,13289.636065,79,2017-12-03 01:01:00,1424.097141,30075,0.0473515258852868,TRUE
"2885","A69-1602-3079",2885,"Noordzeekanaal","Spuisluis Noordzee","VR2W-132408",52.470319,4.594701,2017-12-03 01:01:00,2017-12-03 01:01:00,1,795,1424.097141,1.791317,171896.490246,13289.636065,FALSE,NA,NA,NA,NA,NA,NA,TRUE
"2886","A69-1602-3079",2886,"Noordzeekanaal","Spuisluis Noordzee","VR2W-132408",52.470319,4.594701,2017-12-03 03:38:47,2017-12-03 05:45:22,104,NA,NA,NA,171896.490246,13289.636065,NA,NA,NA,NA,NA,NA,NA,TRUE
"2887","A69-1602-3080",2887,"Noordzeekanaal","rel_noordzeekanaal6","none",52.397264,4.677708,2017-10-09 12:00:00,2017-10-09 12:00:00,1,NA,NA,NA,0,0,TRUE,1624.079592,2,2017-10-10 04:10:22,1624.079592,58222,0.0278946032771117,TRUE
"2888","A69-1602-3080",2888,"Noordzeekanaal","Spaarne gemaal","VR2W-102057",52.410548,4.673446,2017-10-10 04:10:22,2017-10-10 04:14:17,5,58222,1624.079592,0.027895,1624.079592,1624.079592,FALSE,8841.612885,15,2017-10-22 04:49:34,7217.533293,1039152,0.00694559919338076,TRUE
"2889","A69-1602-3080",2889,"Noordzeekanaal","Spaarne gemaal","VR2W-102057",52.410548,4.673446,2017-10-13 20:50:31,2017-10-13 21:55:28,72,NA,NA,NA,1624.079592,1624.079592,FALSE,8841.612885,15,2017-10-22 04:49:34,7217.533293,719943,0.0100251454531817,TRUE
"2890","A69-1602-3080",2890,"Noordzeekanaal","Spaarne gemaal","VR2W-102057",52.410548,4.673446,2017-10-14 00:08:07,2017-10-14 00:08:07,1,NA,NA,NA,1624.079592,1624.079592,FALSE,8841.612885,15,2017-10-22 04:49:34,7217.533293,708087,0.0101930035334641,TRUE
"2891","A69-1602-3080",2891,"Noordzeekanaal","Spaarne gemaal","VR2W-102057",52.410548,4.673446,2017-10-14 18:41:31,2017-10-15 05:25:43,411,NA,NA,NA,1624.079592,1624.079592,FALSE,8841.612885,15,2017-10-22 04:49:34,7217.533293,641283,0.011254833346588,TRUE
"2892","A69-1602-3080",2892,"Noordzeekanaal","Spaarne gemaal","VR2W-102057",52.410548,4.673446,2017-10-15 18:48:49,2017-10-15 20:23:32,74,NA,NA,NA,1624.079592,1624.079592,FALSE,8841.612885,15,2017-10-22 04:49:34,7217.533293,554445,0.0130175820739659,TRUE
"2893","A69-1602-3080",2893,"Noordzeekanaal","Spaarne gemaal","VR2W-102057",52.410548,4.673446,2017-10-16 00:29:00,2017-10-16 00:30:43,2,NA,NA,NA,1624.079592,1624.079592,FALSE,8841.612885,15,2017-10-22 04:49:34,7217.533293,534034,0.0135151194362157,TRUE
"2894","A69-1602-3080",2894,"Noordzeekanaal","Spaarne gemaal","VR2W-102057",52.410548,4.673446,2017-10-16 04:24:07,2017-10-16 04:32:39,3,NA,NA,NA,1624.079592,1624.079592,FALSE,8841.612885,15,2017-10-22 04:49:34,7217.533293,519927,0.013881820511341,TRUE
"2895","A69-1602-3080",2895,"Noordzeekanaal","Spaarne gemaal","VR2W-102057",52.410548,4.673446,2017-10-17 17:53:21,2017-10-17 20:43:26,106,NA,NA,NA,1624.079592,1624.079592,FALSE,8841.612885,15,2017-10-22 04:49:34,7217.533293,384973,0.0187481545277201,TRUE
"2896","A69-1602-3080",2896,"Noordzeekanaal","Spaarne gemaal","VR2W-102057",52.410548,4.673446,2017-10-18 17:21:35,2017-10-18 17:29:40,3,NA,NA,NA,1624.079592,1624.079592,FALSE,8841.612885,15,2017-10-22 04:49:34,7217.533293,300479,0.024020092229407,TRUE
"2897","A69-1602-3080",2897,"Noordzeekanaal","Spaarne gemaal","VR2W-102057",52.410548,4.673446,2017-10-18 18:35:20,2017-10-18 18:35:20,1,NA,NA,NA,1624.079592,1624.079592,FALSE,8841.612885,15,2017-10-22 04:49:34,7217.533293,296054,0.0243791108817986,TRUE
"2898","A69-1602-3080",2898,"Noordzeekanaal","Spaarne gemaal","VR2W-102057",52.410548,4.673446,2017-10-19 03:06:10,2017-10-19 03:21:20,7,NA,NA,NA,1624.079592,1624.079592,FALSE,8841.612885,15,2017-10-22 04:49:34,7217.533293,265404,0.0271945158814487,TRUE
"2899","A69-1602-3080",2899,"Noordzeekanaal","Spaarne gemaal","VR2W-102057",52.410548,4.673446,2017-10-19 18:07:01,2017-10-19 19:43:10,61,NA,NA,NA,1624.079592,1624.079592,FALSE,8841.612885,15,2017-10-22 04:49:34,7217.533293,211353,0.0341491878184838,TRUE
"2900","A69-1602-3080",2900,"Noordzeekanaal","Spaarne gemaal","VR2W-102057",52.410548,4.673446,2017-10-19 21:44:24,2017-10-20 02:05:29,189,NA,NA,NA,1624.079592,1624.079592,TRUE,8841.612885,15,2017-10-22 04:49:34,7217.533293,198310,0.0363952059553225,TRUE
"2901","A69-1602-3080",2901,"Noordzeekanaal","Halfweg boezemzijde","VR2W-119056",52.391732,4.770434,2017-10-22 04:49:34,2017-10-22 05:46:14,46,182645,10382.859832,0.056847,12006.939424,8841.612885,FALSE,NA,NA,NA,NA,NA,NA,TRUE
"2902","A69-1602-3080",2902,"Noordzeekanaal","Halfweg boezemzijde","VR2W-119056",52.391732,4.770434,2017-10-22 17:12:30,2017-10-22 20:34:31,152,NA,NA,NA,12006.939424,8841.612885,FALSE,NA,NA,NA,NA,NA,NA,TRUE
"2903","A69-1602-3080",2903,"Noordzeekanaal","Halfweg boezemzijde","VR2W-119056",52.391732,4.770434,2017-10-26 00:00:31,2017-10-26 01:23:40,47,NA,NA,NA,12006.939424,8841.612885,FALSE,NA,NA,NA,NA,NA,NA,TRUE
"2904","A69-1602-3080",2904,"Noordzeekanaal","Halfweg boezemzijde","VR2W-119056",52.391732,4.770434,2017-10-26 16:31:21,2017-10-27 02:49:26,401,NA,NA,NA,12006.939424,8841.612885,FALSE,NA,NA,NA,NA,NA,NA,TRUE
"2905","A69-1602-3080",2905,"Noordzeekanaal","Halfweg boezemzijde","VR2W-119056",52.391732,4.770434,2017-10-27 03:53:52,2017-10-27 05:06:16,6,NA,NA,NA,12006.939424,8841.612885,FALSE,NA,NA,NA,NA,NA,NA,TRUE
"2906","A69-1602-3080",2906,"Noordzeekanaal","Halfweg boezemzijde","VR2W-119056",52.391732,4.770434,2017-10-28 18:11:14,2017-10-28 20:02:37,12,NA,NA,NA,12006.939424,8841.612885,FALSE,NA,NA,NA,NA,NA,NA,TRUE
"2907","A69-1602-3080",2907,"Noordzeekanaal","Halfweg boezemzijde","VR2W-119056",52.391732,4.770434,2017-10-28 23:15:22,2017-10-29 04:10:11,81,NA,NA,NA,12006.939424,8841.612885,FALSE,NA,NA,NA,NA,NA,NA,TRUE
"2908","A69-1602-3080",2908,"Noordzeekanaal","Halfweg boezemzijde","VR2W-119056",52.391732,4.770434,2017-11-04 17:55:22,2017-11-05 01:21:21,280,NA,NA,NA,12006.939424,8841.612885,FALSE,NA,NA,NA,NA,NA,NA,TRUE
"2909","A69-1602-3080",2909,"Noordzeekanaal","Halfweg boezemzijde","VR2W-119056",52.391732,4.770434,2017-11-05 02:49:38,2017-11-05 03:52:46,42,NA,NA,NA,12006.939424,8841.612885,FALSE,NA,NA,NA,NA,NA,NA,TRUE
"2910","A69-1602-3080",2910,"Noordzeekanaal","Halfweg boezemzijde","VR2W-119056",52.391732,4.770434,2017-11-05 17:17:08,2017-11-05 20:03:21,97,NA,NA,NA,12006.939424,8841.612885,FALSE,NA,NA,NA,NA,NA,NA,TRUE
"2911","A69-1602-3080",2911,"Noordzeekanaal","Halfweg boezemzijde","VR2W-119056",52.391732,4.770434,2017-11-07 18:39:11,2017-11-07 19:31:37,37,NA,NA,NA,12006.939424,8841.612885,FALSE,NA,NA,NA,NA,NA,NA,TRUE
"2912","A69-1602-3080",2912,"Noordzeekanaal","Halfweg boezemzijde","VR2W-119056",52.391732,4.770434,2017-11-08 18:43:37,2017-11-09 02:04:46,200,NA,NA,NA,12006.939424,8841.612885,FALSE,NA,NA,NA,NA,NA,NA,TRUE
"2913","A69-1602-3080",2913,"Noordzeekanaal","Halfweg boezemzijde","VR2W-119056",52.391732,4.770434,2017-11-09 16:45:43,2017-11-09 19:55:06,109,NA,NA,NA,12006.939424,8841.612885,FALSE,NA,NA,NA,NA,NA,NA,TRUE
"2914","A69-1602-3080",2914,"Noordzeekanaal","Halfweg boezemzijde","VR2W-119056",52.391732,4.770434,2017-11-09 21:05:52,2017-11-09 21:28:37,10,NA,NA,NA,12006.939424,8841.612885,FALSE,NA,NA,NA,NA,NA,NA,TRUE
"2915","A69-1602-3080",2915,"Noordzeekanaal","Halfweg boezemzijde","VR2W-119056",52.391732,4.770434,2017-11-09 22:31:40,2017-11-09 22:39:15,6,NA,NA,NA,12006.939424,8841.612885,FALSE,NA,NA,NA,NA,NA,NA,TRUE
"2916","A69-1602-3080",2916,"Noordzeekanaal","Halfweg boezemzijde","VR2W-119056",52.391732,4.770434,2017-11-10 01:50:56,2017-11-10 02:52:11,25,NA,NA,NA,12006.939424,8841.612885,FALSE,NA,NA,NA,NA,NA,NA,TRUE
"2917","A69-1602-3080",2917,"Noordzeekanaal","Halfweg boezemzijde","VR2W-119056",52.391732,4.770434,2017-11-10 04:22:47,2017-11-10 04:22:47,1,NA,NA,NA,12006.939424,8841.612885,FALSE,NA,NA,NA,NA,NA,NA,TRUE
"2918","A69-1602-3080",2918,"Noordzeekanaal","Halfweg boezemzijde","VR2W-119056",52.391732,4.770434,2017-11-10 16:11:14,2017-11-10 17:39:28,67,NA,NA,NA,12006.939424,8841.612885,NA,NA,NA,NA,NA,NA,NA,TRUE
"2919","A69-1602-3081",2919,"Noordzeekanaal","rel_noordzeekanaal6","none",52.397264,4.677708,2017-10-09 12:00:00,2017-10-09 12:00:00,1,NA,NA,NA,0,0,FALSE,1624.079592,2,2017-10-14 20:11:41,1624.079592,461501,0.00351912475162567,FALSE
"2920","A69-1602-3081",2920,"Noordzeekanaal","Spaarne gemaal","VR2W-102057",52.410548,4.673446,2017-10-14 20:11:41,2017-10-14 22:49:36,23,461501,1624.079592,0.003519,1624.079592,1624.079592,FALSE,NA,NA,NA,NA,NA,NA,FALSE
"2921","A69-1602-3081",2921,"Noordzeekanaal","Spaarne gemaal","VR2W-102057",52.410548,4.673446,2017-10-20 23:25:03,2017-10-21 00:06:47,3,NA,NA,NA,1624.079592,1624.079592,FALSE,NA,NA,NA,NA,NA,NA,FALSE
"2922","A69-1602-3081",2922,"Noordzeekanaal","Spaarne gemaal","VR2W-102057",52.410548,4.673446,2017-10-21 01:34:58,2017-10-28 23:34:06,10398,NA,NA,NA,1624.079592,1624.079592,FALSE,NA,NA,NA,NA,NA,NA,FALSE
"2923","A69-1602-3081",2923,"Noordzeekanaal","Spaarne gemaal","VR2W-102057",52.410548,4.673446,2017-11-09 04:56:08,2017-11-09 07:40:15,115,NA,NA,NA,1624.079592,1624.079592,NA,NA,NA,NA,NA,NA,NA,FALSE
"2924","A69-1602-3081",2924,"Noordzeekanaal","Spaarne sluis","VR2W-102063",52.412068,4.680792,2017-11-09 16:37:03,2017-11-10 04:11:28,336,32208,582.774677,0.018094,2206.854269,1782.640686,FALSE,NA,NA,NA,NA,NA,NA,FALSE
"2925","A69-1602-3081",2925,"Noordzeekanaal","Spaarne gemaal","VR2W-102057",52.410548,4.673446,2017-11-10 08:42:06,2017-11-10 08:42:06,1,16238,582.774677,0.03589,2789.628946,1624.079592,FALSE,NA,NA,NA,NA,NA,NA,FALSE
"2926","A69-1602-3081",2926,"Noordzeekanaal","Spaarne gemaal","VR2W-102057",52.410548,4.673446,2017-11-10 10:24:58,2017-11-10 10:24:58,1,NA,NA,NA,2789.628946,1624.079592,FALSE,NA,NA,NA,NA,NA,NA,FALSE
"2927","A69-1602-3081",2927,"Noordzeekanaal","Spaarne gemaal","VR2W-102057",52.410548,4.673446,2017-11-10 18:53:53,2017-11-10 19:06:34,3,NA,NA,NA,2789.628946,1624.079592,FALSE,NA,NA,NA,NA,NA,NA,FALSE
"2928","A69-1602-3081",2928,"Noordzeekanaal","Spaarne gemaal","VR2W-102057",52.410548,4.673446,2017-11-10 20:25:32,2017-11-10 20:25:32,1,NA,NA,NA,2789.628946,1624.079592,FALSE,NA,NA,NA,NA,NA,NA,FALSE
"2929","A69-1602-3081",2929,"Noordzeekanaal","Spaarne gemaal","VR2W-102057",52.410548,4.673446,2017-11-10 21:52:16,2017-11-10 22:08:23,6,NA,NA,NA,2789.628946,1624.079592,FALSE,NA,NA,NA,NA,NA,NA,FALSE
"2930","A69-1602-3081",2930,"Noordzeekanaal","Spaarne gemaal","VR2W-102057",52.410548,4.673446,2017-11-11 03:00:04,2017-11-11 03:36:56,7,NA,NA,NA,2789.628946,1624.079592,FALSE,NA,NA,NA,NA,NA,NA,FALSE
"2931","A69-1602-3081",2931,"Noordzeekanaal","Spaarne gemaal","VR2W-102057",52.410548,4.673446,2017-11-11 04:53:21,2017-11-11 09:08:19,23,NA,NA,NA,2789.628946,1624.079592,FALSE,NA,NA,NA,NA,NA,NA,FALSE
"2932","A69-1602-3081",2932,"Noordzeekanaal","Spaarne gemaal","VR2W-102057",52.410548,4.673446,2017-11-11 11:04:26,2017-11-11 12:18:16,13,NA,NA,NA,2789.628946,1624.079592,FALSE,NA,NA,NA,NA,NA,NA,FALSE
"2933","A69-1602-3081",2933,"Noordzeekanaal","Spaarne gemaal","VR2W-102057",52.410548,4.673446,2017-11-11 14:13:22,2017-11-12 07:58:33,230,NA,NA,NA,2789.628946,1624.079592,FALSE,NA,NA,NA,NA,NA,NA,FALSE
"2934","A69-1602-3081",2934,"Noordzeekanaal","Spaarne gemaal","VR2W-102057",52.410548,4.673446,2017-11-12 09:40:43,2017-11-12 13:18:49,26,NA,NA,NA,2789.628946,1624.079592,FALSE,NA,NA,NA,NA,NA,NA,FALSE
"2935","A69-1602-3081",2935,"Noordzeekanaal","Spaarne gemaal","VR2W-102057",52.410548,4.673446,2017-11-12 14:41:24,2017-11-12 21:23:15,87,NA,NA,NA,2789.628946,1624.079592,FALSE,NA,NA,NA,NA,NA,NA,FALSE
"2936","A69-1602-3081",2936,"Noordzeekanaal","Spaarne gemaal","VR2W-102057",52.410548,4.673446,2017-11-12 22:35:53,2017-11-13 01:54:19,44,NA,NA,NA,2789.628946,1624.079592,FALSE,NA,NA,NA,NA,NA,NA,FALSE
"2937","A69-1602-3081",2937,"Noordzeekanaal","Spaarne gemaal","VR2W-102057",52.410548,4.673446,2017-11-13 03:13:47,2017-11-13 08:07:49,52,NA,NA,NA,2789.628946,1624.079592,FALSE,NA,NA,NA,NA,NA,NA,FALSE
"2938","A69-1602-3081",2938,"Noordzeekanaal","Spaarne gemaal","VR2W-102057",52.410548,4.673446,2017-11-13 09:10:43,2017-11-13 12:00:21,18,NA,NA,NA,2789.628946,1624.079592,FALSE,NA,NA,NA,NA,NA,NA,FALSE
"2939","A69-1602-3081",2939,"Noordzeekanaal","Spaarne gemaal","VR2W-102057",52.410548,4.673446,2017-11-13 14:28:18,2017-11-14 05:16:04,232,NA,NA,NA,2789.628946,1624.079592,FALSE,NA,NA,NA,NA,NA,NA,FALSE
"2940","A69-1602-3081",2940,"Noordzeekanaal","Spaarne gemaal","VR2W-102057",52.410548,4.673446,2017-11-14 09:13:21,2017-11-14 10:38:44,22,NA,NA,NA,2789.628946,1624.079592,FALSE,NA,NA,NA,NA,NA,NA,FALSE
"2941","A69-1602-3081",2941,"Noordzeekanaal","Spaarne gemaal","VR2W-102057",52.410548,4.673446,2017-11-14 12:01:01,2017-11-18 01:09:37,1700,NA,NA,NA,2789.628946,1624.079592,FALSE,NA,NA,NA,NA,NA,NA,FALSE
"2942","A69-1602-3081",2942,"Noordzeekanaal","Spaarne gemaal","VR2W-102057",52.410548,4.673446,2017-11-18 05:45:06,2017-11-18 05:47:33,2,NA,NA,NA,2789.628946,1624.079592,FALSE,NA,NA,NA,NA,NA,NA,FALSE
"2943","A69-1602-3081",2943,"Noordzeekanaal","Spaarne gemaal","VR2W-102057",52.410548,4.673446,2017-11-18 14:05:48,2017-11-18 20:33:00,113,NA,NA,NA,2789.628946,1624.079592,FALSE,NA,NA,NA,NA,NA,NA,FALSE
"2944","A69-1602-3081",2944,"Noordzeekanaal","Spaarne gemaal","VR2W-102057",52.410548,4.673446,2017-11-18 21:56:29,2017-11-18 22:21:05,7,NA,NA,NA,2789.628946,1624.079592,FALSE,NA,NA,NA,NA,NA,NA,FALSE
"2945","A69-1602-3081",2945,"Noordzeekanaal","Spaarne gemaal","VR2W-102057",52.410548,4.673446,2017-11-18 23:40:44,2017-11-19 01:39:39,7,NA,NA,NA,2789.628946,1624.079592,FALSE,NA,NA,NA,NA,NA,NA,FALSE
"2946","A69-1602-3081",2946,"Noordzeekanaal","Spaarne gemaal","VR2W-102057",52.410548,4.673446,2017-11-19 06:22:33,2017-11-19 06:29:04,8,NA,NA,NA,2789.628946,1624.079592,FALSE,NA,NA,NA,NA,NA,NA,FALSE
"2947","A69-1602-3081",2947,"Noordzeekanaal","Spaarne gemaal","VR2W-102057",52.410548,4.673446,2017-11-19 09:48:17,2017-11-19 09:48:17,1,NA,NA,NA,2789.628946,1624.079592,FALSE,NA,NA,NA,NA,NA,NA,FALSE
"2948","A69-1602-3081",2948,"Noordzeekanaal","Spaarne gemaal","VR2W-102057",52.410548,4.673446,2017-11-19 14:37:40,2017-11-20 04:33:43,251,NA,NA,NA,2789.628946,1624.079592,FALSE,NA,NA,NA,NA,NA,NA,FALSE
"2949","A69-1602-3081",2949,"Noordzeekanaal","Spaarne gemaal","VR2W-102057",52.410548,4.673446,2017-11-20 08:19:48,2017-11-20 08:44:01,15,NA,NA,NA,2789.628946,1624.079592,FALSE,NA,NA,NA,NA,NA,NA,FALSE
"2950","A69-1602-3081",2950,"Noordzeekanaal","Spaarne gemaal","VR2W-102057",52.410548,4.673446,2017-11-20 11:31:45,2017-11-20 14:08:04,29,NA,NA,NA,2789.628946,1624.079592,FALSE,NA,NA,NA,NA,NA,NA,FALSE
"2951","A69-1602-3081",2951,"Noordzeekanaal","Spaarne gemaal","VR2W-102057",52.410548,4.673446,2017-11-20 16:21:23,2017-11-20 16:21:23,1,NA,NA,NA,2789.628946,1624.079592,FALSE,NA,NA,NA,NA,NA,NA,FALSE
"2952","A69-1602-3081",2952,"Noordzeekanaal","Spaarne gemaal","VR2W-102057",52.410548,4.673446,2017-11-20 19:01:21,2017-11-20 19:01:21,1,NA,NA,NA,2789.628946,1624.079592,FALSE,NA,NA,NA,NA,NA,NA,FALSE
"2953","A69-1602-3081",2953,"Noordzeekanaal","Spaarne gemaal","VR2W-102057",52.410548,4.673446,2017-11-20 21:47:03,2017-11-21 09:47:07,120,NA,NA,NA,2789.628946,1624.079592,FALSE,NA,NA,NA,NA,NA,NA,FALSE
"2954","A69-1602-3081",2954,"Noordzeekanaal","Spaarne gemaal","VR2W-102057",52.410548,4.673446,2017-11-21 10:54:56,2017-11-21 10:54:56,1,NA,NA,NA,2789.628946,1624.079592,FALSE,NA,NA,NA,NA,NA,NA,FALSE
"2955","A69-1602-3081",2955,"Noordzeekanaal","Spaarne gemaal","VR2W-102057",52.410548,4.673446,2017-11-21 15:06:19,2017-11-21 15:06:19,1,NA,NA,NA,2789.628946,1624.079592,FALSE,NA,NA,NA,NA,NA,NA,FALSE
"2956","A69-1602-3081",2956,"Noordzeekanaal","Spaarne gemaal","VR2W-102057",52.410548,4.673446,2017-11-23 13:01:28,2017-11-23 13:02:18,2,NA,NA,NA,2789.628946,1624.079592,FALSE,NA,NA,NA,NA,NA,NA,FALSE
"2957","A69-1602-3081",2957,"Noordzeekanaal","Spaarne gemaal","VR2W-102057",52.410548,4.673446,2017-11-23 15:29:27,2017-11-23 15:40:28,3,NA,NA,NA,2789.628946,1624.079592,FALSE,NA,NA,NA,NA,NA,NA,FALSE
"2958","A69-1602-3081",2958,"Noordzeekanaal","Spaarne gemaal","VR2W-102057",52.410548,4.673446,2017-11-23 23:55:50,2017-11-24 01:56:16,13,NA,NA,NA,2789.628946,1624.079592,FALSE,NA,NA,NA,NA,NA,NA,FALSE
"2959","A69-1602-3081",2959,"Noordzeekanaal","Spaarne gemaal","VR2W-102057",52.410548,4.673446,2017-11-24 03:36:15,2017-11-24 03:36:15,1,NA,NA,NA,2789.628946,1624.079592,FALSE,NA,NA,NA,NA,NA,NA,FALSE
"2960","A69-1602-3081",2960,"Noordzeekanaal","Spaarne gemaal","VR2W-102057",52.410548,4.673446,2017-11-24 05:24:38,2017-11-25 17:15:19,654,NA,NA,NA,2789.628946,1624.079592,FALSE,NA,NA,NA,NA,NA,NA,FALSE
"2961","A69-1602-3081",2961,"Noordzeekanaal","Spaarne gemaal","VR2W-102057",52.410548,4.673446,2017-11-25 18:42:37,2017-11-25 18:44:03,2,NA,NA,NA,2789.628946,1624.079592,FALSE,NA,NA,NA,NA,NA,NA,FALSE
"2962","A69-1602-3081",2962,"Noordzeekanaal","Spaarne gemaal","VR2W-102057",52.410548,4.673446,2017-11-25 20:13:21,2017-11-25 20:13:21,1,NA,NA,NA,2789.628946,1624.079592,FALSE,NA,NA,NA,NA,NA,NA,FALSE
"2963","A69-1602-3081",2963,"Noordzeekanaal","Spaarne gemaal","VR2W-102057",52.410548,4.673446,2017-11-25 21:35:40,2017-11-25 21:35:40,1,NA,NA,NA,2789.628946,1624.079592,FALSE,NA,NA,NA,NA,NA,NA,FALSE
"2964","A69-1602-3081",2964,"Noordzeekanaal","Spaarne gemaal","VR2W-102057",52.410548,4.673446,2017-11-26 12:01:35,2017-11-26 12:01:35,1,NA,NA,NA,2789.628946,1624.079592,FALSE,NA,NA,NA,NA,NA,NA,FALSE
"2965","A69-1602-3081",2965,"Noordzeekanaal","Spaarne gemaal","VR2W-102057",52.410548,4.673446,2017-11-26 13:49:37,2017-11-26 13:49:37,1,NA,NA,NA,2789.628946,1624.079592,FALSE,NA,NA,NA,NA,NA,NA,FALSE
"2966","A69-1602-3081",2966,"Noordzeekanaal","Spaarne gemaal","VR2W-102057",52.410548,4.673446,2017-11-26 15:37:54,2017-11-26 22:34:54,58,NA,NA,NA,2789.628946,1624.079592,FALSE,NA,NA,NA,NA,NA,NA,FALSE
"2967","A69-1602-3081",2967,"Noordzeekanaal","Spaarne gemaal","VR2W-102057",52.410548,4.673446,2017-11-27 01:51:41,2017-11-27 01:55:44,2,NA,NA,NA,2789.628946,1624.079592,FALSE,NA,NA,NA,NA,NA,NA,FALSE
"2968","A69-1602-3081",2968,"Noordzeekanaal","Spaarne gemaal","VR2W-102057",52.410548,4.673446,2017-11-27 14:28:42,2017-11-27 17:20:20,17,NA,NA,NA,2789.628946,1624.079592,FALSE,NA,NA,NA,NA,NA,NA,FALSE
"2969","A69-1602-3081",2969,"Noordzeekanaal","Spaarne gemaal","VR2W-102057",52.410548,4.673446,2017-11-27 19:16:02,2017-11-27 19:16:02,1,NA,NA,NA,2789.628946,1624.079592,FALSE,NA,NA,NA,NA,NA,NA,FALSE
"2970","A69-1602-3081",2970,"Noordzeekanaal","Spaarne gemaal","VR2W-102057",52.410548,4.673446,2017-11-28 10:08:25,2017-11-28 10:53:05,4,NA,NA,NA,2789.628946,1624.079592,FALSE,NA,NA,NA,NA,NA,NA,FALSE
"2971","A69-1602-3081",2971,"Noordzeekanaal","Spaarne gemaal","VR2W-102057",52.410548,4.673446,2017-11-28 12:48:32,2017-11-28 12:48:32,1,NA,NA,NA,2789.628946,1624.079592,FALSE,NA,NA,NA,NA,NA,NA,FALSE
"2972","A69-1602-3081",2972,"Noordzeekanaal","Spaarne gemaal","VR2W-102057",52.410548,4.673446,2017-11-28 13:53:41,2017-11-28 16:09:02,39,NA,NA,NA,2789.628946,1624.079592,FALSE,NA,NA,NA,NA,NA,NA,FALSE
"2973","A69-1602-3081",2973,"Noordzeekanaal","Spaarne gemaal","VR2W-102057",52.410548,4.673446,2017-11-28 17:13:22,2017-12-02 17:39:11,2823,NA,NA,NA,2789.628946,1624.079592,FALSE,NA,NA,NA,NA,NA,NA,FALSE
"2974","A69-1602-3081",2974,"Noordzeekanaal","Spaarne gemaal","VR2W-102057",52.410548,4.673446,2017-12-02 20:41:49,2017-12-02 20:49:25,3,NA,NA,NA,2789.628946,1624.079592,FALSE,NA,NA,NA,NA,NA,NA,FALSE
"2975","A69-1602-3081",2975,"Noordzeekanaal","Spaarne gemaal","VR2W-102057",52.410548,4.673446,2017-12-02 22:10:52,2017-12-02 23:08:46,6,NA,NA,NA,2789.628946,1624.079592,FALSE,NA,NA,NA,NA,NA,NA,FALSE
"2976","A69-1602-3081",2976,"Noordzeekanaal","Spaarne gemaal","VR2W-102057",52.410548,4.673446,2017-12-03 00:46:48,2017-12-03 01:15:23,3,NA,NA,NA,2789.628946,1624.079592,FALSE,NA,NA,NA,NA,NA,NA,FALSE
"2977","A69-1602-3081",2977,"Noordzeekanaal","Spaarne gemaal","VR2W-102057",52.410548,4.673446,2017-12-03 02:18:42,2017-12-04 11:03:19,540,NA,NA,NA,2789.628946,1624.079592,FALSE,NA,NA,NA,NA,NA,NA,FALSE
"2978","A69-1602-3081",2978,"Noordzeekanaal","Spaarne gemaal","VR2W-102057",52.410548,4.673446,2017-12-04 12:08:15,2017-12-04 13:24:47,10,NA,NA,NA,2789.628946,1624.079592,FALSE,NA,NA,NA,NA,NA,NA,FALSE
"2979","A69-1602-3081",2979,"Noordzeekanaal","Spaarne gemaal","VR2W-102057",52.410548,4.673446,2017-12-04 14:34:53,2017-12-05 09:46:09,326,NA,NA,NA,2789.628946,1624.079592,FALSE,NA,NA,NA,NA,NA,NA,FALSE
"2980","A69-1602-3081",2980,"Noordzeekanaal","Spaarne gemaal","VR2W-102057",52.410548,4.673446,2017-12-05 12:54:41,2017-12-05 14:06:14,11,NA,NA,NA,2789.628946,1624.079592,FALSE,NA,NA,NA,NA,NA,NA,FALSE
"2981","A69-1602-3081",2981,"Noordzeekanaal","Spaarne gemaal","VR2W-102057",52.410548,4.673446,2017-12-05 15:24:46,2017-12-05 18:15:04,14,NA,NA,NA,2789.628946,1624.079592,FALSE,NA,NA,NA,NA,NA,NA,FALSE
"2982","A69-1602-3081",2982,"Noordzeekanaal","Spaarne gemaal","VR2W-102057",52.410548,4.673446,2017-12-05 20:35:56,2017-12-05 20:35:56,1,NA,NA,NA,2789.628946,1624.079592,FALSE,NA,NA,NA,NA,NA,NA,FALSE
"2983","A69-1602-3081",2983,"Noordzeekanaal","Spaarne gemaal","VR2W-102057",52.410548,4.673446,2017-12-15 21:09:39,2017-12-15 21:09:39,1,NA,NA,NA,2789.628946,1624.079592,FALSE,NA,NA,NA,NA,NA,NA,FALSE
"2984","A69-1602-3081",2984,"Noordzeekanaal","Spaarne gemaal","VR2W-102057",52.410548,4.673446,2018-02-07 12:16:01,2018-02-07 12:19:34,3,NA,NA,NA,2789.628946,1624.079592,FALSE,NA,NA,NA,NA,NA,NA,FALSE
"2985","A69-1602-3081",2985,"Noordzeekanaal","Spaarne gemaal","VR2W-102057",52.410548,4.673446,2018-02-21 02:59:19,2018-02-21 03:05:14,4,NA,NA,NA,2789.628946,1624.079592,NA,NA,NA,NA,NA,NA,NA,FALSE
"2986","A69-1602-3082",2986,"Noordzeekanaal","rel_noordzeekanaal6","none",52.397264,4.677708,2017-10-09 12:00:00,2017-10-09 12:00:00,1,NA,NA,NA,0,0,FALSE,1624.079592,2,2017-10-16 04:06:25,1624.079592,576385,0.00281769926698301,FALSE
"2987","A69-1602-3082",2987,"Noordzeekanaal","Spaarne gemaal","VR2W-102057",52.410548,4.673446,2017-10-16 04:06:25,2017-10-16 04:10:37,3,576385,1624.079592,0.002818,1624.079592,1624.079592,FALSE,10124.308519,7,2017-12-05 16:26:39,8500.228927,4364414,0.00194762204662527,FALSE
"2988","A69-1602-3082",2988,"Noordzeekanaal","Spaarne gemaal","VR2W-102057",52.410548,4.673446,2017-10-27 19:17:22,2017-10-27 19:22:37,2,NA,NA,NA,1624.079592,1624.079592,FALSE,10124.308519,7,2017-12-05 16:26:39,8500.228927,3359357,0.00253031426162804,FALSE
"2989","A69-1602-3082",2989,"Noordzeekanaal","Spaarne gemaal","VR2W-102057",52.410548,4.673446,2017-10-27 20:38:01,2017-10-27 21:50:40,8,NA,NA,NA,1624.079592,1624.079592,FALSE,10124.308519,7,2017-12-05 16:26:39,8500.228927,3354518,0.00253396432125271,FALSE
"2990","A69-1602-3082",2990,"Noordzeekanaal","Spaarne gemaal","VR2W-102057",52.410548,4.673446,2017-10-29 00:34:42,2017-10-29 05:55:09,214,NA,NA,NA,1624.079592,1624.079592,FALSE,10124.308519,7,2017-12-05 16:26:39,8500.228927,3253917,0.00261230662214187,FALSE
"2991","A69-1602-3082",2991,"Noordzeekanaal","Zijkanaal C kom","VR2W-103673",52.416501,4.678964,2017-10-29 11:22:13,2017-10-29 11:44:41,8,19624,724.181218,0.036903,2348.26081,2182.595519,FALSE,10124.308519,7,2017-12-05 16:26:39,7941.713,3215066,0.00247015551158203,FALSE
"2992","A69-1602-3082",2992,"Noordzeekanaal","Overtoom 1","VR2W-119065",52.430117,4.784283,2017-12-05 16:26:39,2017-12-05 16:26:39,1,3213718,8317.405055,0.002588,10665.665865,10124.308519,TRUE,11865.538924,9,2017-12-05 23:03:50,1741.230405,23831,0.0730657716839411,TRUE
"2993","A69-1602-3082",2993,"Noordzeekanaal","Noordzeekanaal","VR2W-114165",52.462798,4.633995,2017-12-05 21:42:04,2017-12-05 22:49:04,40,18925,11955.458146,0.631728,22621.124011,10258.619926,TRUE,11865.538924,9,2017-12-05 23:03:50,1606.918998,4906,0.327541581328985,TRUE
"2994","A69-1602-3082",2994,"Noordzeekanaal","Grote sluis NZK","VR2W-114178",52.467488,4.613347,2017-12-05 23:03:50,2017-12-06 09:25:40,362,886,1606.918999,1.813678,24228.04301,11865.538924,FALSE,13282.528342,11,2017-12-06 14:48:49,1416.989418,56699,0.0249914357925184,TRUE
"2995","A69-1602-3082",2995,"Noordzeekanaal","Grote sluis NZK","VR2W-114178",52.467488,4.613347,2017-12-06 12:28:15,2017-12-06 14:34:28,54,NA,NA,NA,24228.04301,11865.538924,TRUE,13282.528342,11,2017-12-06 14:48:49,1416.989418,8434,0.168009179274366,TRUE
"2996","A69-1602-3082",2996,"Noordzeekanaal","Middensluis Noordzee","VR2W-132411",52.465373,4.592419,2017-12-06 14:48:49,2017-12-06 15:09:42,17,861,1582.656724,1.838161,25810.699734,13282.528342,NA,NA,NA,NA,NA,NA,NA,TRUE
"2997","A69-1602-3083",2997,"Noordzeekanaal","rel_noordzeekanaal6","none",52.397264,4.677708,2017-10-09 12:00:00,2017-10-09 12:00:00,1,NA,NA,NA,0,0,TRUE,1624.079592,2,2017-10-10 01:21:39,1624.079592,48099,0.0337653504646666,TRUE
"2998","A69-1602-3083",2998,"Noordzeekanaal","Spaarne gemaal","VR2W-102057",52.410548,4.673446,2017-10-10 01:21:39,2017-10-10 02:49:58,111,48099,1624.079592,0.033765,1624.079592,1624.079592,FALSE,8841.612885,7,2017-10-19 18:28:15,7217.533293,839196,0.00860053347847225,TRUE
"2999","A69-1602-3083",2999,"Noordzeekanaal","Spaarne gemaal","VR2W-102057",52.410548,4.673446,2017-10-12 19:43:44,2017-10-12 19:43:44,1,NA,NA,NA,1624.079592,1624.079592,FALSE,NA,NA,NA,NA,NA,NA,TRUE
"3000","A69-1602-3083",3000,"Noordzeekanaal","Zwanenburg","VR2W-107052",52.369568,4.758351,2017-10-16 21:02:50,2017-10-16 22:11:37,52,350346,10341.44653,0.029518,11965.526122,-8800.199583,FALSE,8841.612885,7,2017-10-19 18:28:15,17641.812468,249925,0.07058842639992,TRUE
"3001","A69-1602-3083",3001,"Noordzeekanaal","Zwanenburg","VR2W-107052",52.369568,4.758351,2017-10-17 00:18:37,2017-10-17 01:35:35,54,NA,NA,NA,11965.526122,-8800.199583,FALSE,8841.612885,7,2017-10-19 18:28:15,17641.812468,238178,0.0740698656802895,TRUE
"3002","A69-1602-3083",3002,"Noordzeekanaal","Zwanenburg","VR2W-107052",52.369568,4.758351,2017-10-18 23:15:02,2017-10-19 02:15:25,136,NA,NA,NA,11965.526122,-8800.199583,TRUE,8841.612885,7,2017-10-19 18:28:15,17641.812468,69193,0.25496527781712,TRUE
"3003","A69-1602-3083",3003,"Noordzeekanaal","Halfweg boezemzijde","VR2W-119056",52.391732,4.770434,2017-10-19 18:28:15,2017-10-20 03:01:47,371,58370,3538.070425,0.060615,15503.596547,8841.612885,FALSE,10124.308519,19,2017-10-30 19:05:29,1282.695634,952634,0.00134647265791479,TRUE
"3004","A69-1602-3083",3004,"Noordzeekanaal","Halfweg boezemzijde","VR2W-119056",52.391732,4.770434,2017-10-20 17:03:12,2017-10-21 05:12:35,519,NA,NA,NA,15503.596547,8841.612885,FALSE,10124.308519,19,2017-10-30 19:05:29,1282.695634,871337,0.00147210050072475,TRUE
"3005","A69-1602-3083",3005,"Noordzeekanaal","Halfweg boezemzijde","VR2W-119056",52.391732,4.770434,2017-10-21 06:19:46,2017-10-21 06:27:08,2,NA,NA,NA,15503.596547,8841.612885,FALSE,10124.308519,19,2017-10-30 19:05:29,1282.695634,823543,0.00155753328484366,TRUE
"3006","A69-1602-3083",3006,"Noordzeekanaal","Halfweg boezemzijde","VR2W-119056",52.391732,4.770434,2017-10-21 17:06:42,2017-10-22 05:36:33,695,NA,NA,NA,15503.596547,8841.612885,FALSE,10124.308519,19,2017-10-30 19:05:29,1282.695634,784727,0.00163457563458375,TRUE
"3007","A69-1602-3083",3007,"Noordzeekanaal","Halfweg boezemzijde","VR2W-119056",52.391732,4.770434,2017-10-22 07:17:32,2017-10-22 07:19:18,3,NA,NA,NA,15503.596547,8841.612885,FALSE,10124.308519,19,2017-10-30 19:05:29,1282.695634,733677,0.00174831108784928,TRUE
"3008","A69-1602-3083",3008,"Noordzeekanaal","Halfweg boezemzijde","VR2W-119056",52.391732,4.770434,2017-10-22 17:06:32,2017-10-22 18:20:36,64,NA,NA,NA,15503.596547,8841.612885,FALSE,10124.308519,19,2017-10-30 19:05:29,1282.695634,698337,0.00183678601305673,TRUE
"3009","A69-1602-3083",3009,"Noordzeekanaal","Halfweg boezemzijde","VR2W-119056",52.391732,4.770434,2017-10-23 16:41:18,2017-10-23 22:45:22,316,NA,NA,NA,15503.596547,8841.612885,FALSE,10124.308519,19,2017-10-30 19:05:29,1282.695634,613451,0.00209095043287891,TRUE
"3010","A69-1602-3083",3010,"Noordzeekanaal","Halfweg boezemzijde","VR2W-119056",52.391732,4.770434,2017-10-24 07:00:35,2017-10-24 07:01:53,3,NA,NA,NA,15503.596547,8841.612885,FALSE,10124.308519,19,2017-10-30 19:05:29,1282.695634,561894,0.00228280713800112,TRUE
"3011","A69-1602-3083",3011,"Noordzeekanaal","Halfweg boezemzijde","VR2W-119056",52.391732,4.770434,2017-10-24 18:57:49,2017-10-24 19:49:00,17,NA,NA,NA,15503.596547,8841.612885,FALSE,10124.308519,19,2017-10-30 19:05:29,1282.695634,518860,0.0024721420691516,TRUE
"3012","A69-1602-3083",3012,"Noordzeekanaal","Halfweg boezemzijde","VR2W-119056",52.391732,4.770434,2017-10-25 16:33:08,2017-10-25 23:51:45,302,NA,NA,NA,15503.596547,8841.612885,FALSE,10124.308519,19,2017-10-30 19:05:29,1282.695634,441141,0.0029076772143147,TRUE
"3013","A69-1602-3083",3013,"Noordzeekanaal","Halfweg NZKzijde","VR2W-120098",52.394583,4.772506,2017-10-26 05:45:21,2017-10-26 06:10:57,10,21216,482.787479,0.022756,15986.384026,9324.400364,FALSE,11865.538924,22,2017-10-31 18:29:43,2541.13856,477862,0.00531772469876241,TRUE
"3014","A69-1602-3083",3014,"Noordzeekanaal","Halfweg NZKzijde","VR2W-120098",52.394583,4.772506,2017-10-27 16:39:35,2017-10-27 16:56:30,12,NA,NA,NA,15986.384026,9324.400364,FALSE,11865.538924,22,2017-10-31 18:29:43,2541.13856,352208,0.00721488029800573,TRUE
"3015","A69-1602-3083",3015,"Noordzeekanaal","Overtoom 1","VR2W-119065",52.430117,4.784283,2017-10-30 19:05:29,2017-10-30 19:07:36,2,266939,4413.711055,0.016535,20400.095081,10124.308519,FALSE,11865.538924,22,2017-10-31 18:29:43,1741.230405,84254,0.020666442008688,TRUE
"3016","A69-1602-3083",3016,"Noordzeekanaal","Overtoom 1","VR2W-119065",52.430117,4.784283,2017-10-30 22:44:22,2017-10-30 22:44:22,1,NA,NA,NA,20400.095081,10124.308519,TRUE,11865.538924,22,2017-10-31 18:29:43,1741.230405,71121,0.0244826479520817,TRUE
"3017","A69-1602-3083",3017,"Noordzeekanaal","Noordzeekanaal","VR2W-114165",52.462798,4.633995,2017-10-31 15:57:54,2017-10-31 18:17:03,158,62012,11955.458146,0.192793,32355.553227,10258.619926,TRUE,11865.538924,22,2017-10-31 18:29:43,1606.918998,9109,0.176410033812713,TRUE
"3018","A69-1602-3083",3018,"Noordzeekanaal","Grote sluis NZK","VR2W-114178",52.467488,4.613347,2017-10-31 18:29:43,2017-10-31 18:34:32,6,760,1606.918999,2.114367,33962.472226,11865.538924,FALSE,13141.123311,38,2017-11-06 00:56:56,1275.584387,455233,0.0028020472746923,TRUE
"3019","A69-1602-3083",3019,"Noordzeekanaal","Spuisluis NZK","VR2W-114167",52.470646,4.607811,2017-10-31 19:43:52,2017-10-31 22:10:04,77,4160,565.620125,0.135966,34528.092351,12431.159049,FALSE,NA,NA,NA,NA,NA,NA,TRUE
"3020","A69-1602-3083",3020,"Noordzeekanaal","Spuisluis NZK","VR2W-114167",52.470646,4.607811,2017-11-01 02:49:41,2017-11-01 05:08:15,15,NA,NA,NA,34528.092351,12431.159049,FALSE,NA,NA,NA,NA,NA,NA,TRUE
"3021","A69-1602-3083",3021,"Noordzeekanaal","Spuisluis NZK","VR2W-114167",52.470646,4.607811,2017-11-01 06:55:38,2017-11-01 08:04:38,90,NA,NA,NA,34528.092351,12431.159049,FALSE,NA,NA,NA,NA,NA,NA,TRUE
"3022","A69-1602-3083",3022,"Noordzeekanaal","Spuisluis NZK","VR2W-114167",52.470646,4.607811,2017-11-01 09:28:08,2017-11-01 09:50:52,34,NA,NA,NA,34528.092351,12431.159049,FALSE,NA,NA,NA,NA,NA,NA,TRUE
"3023","A69-1602-3083",3023,"Noordzeekanaal","Spuisluis NZK","VR2W-114167",52.470646,4.607811,2017-11-01 11:35:39,2017-11-01 20:32:20,486,NA,NA,NA,34528.092351,12431.159049,FALSE,NA,NA,NA,NA,NA,NA,TRUE
"3024","A69-1602-3083",3024,"Noordzeekanaal","Spuisluis NZK","VR2W-114167",52.470646,4.607811,2017-11-02 06:40:17,2017-11-02 14:51:04,430,NA,NA,NA,34528.092351,12431.159049,FALSE,NA,NA,NA,NA,NA,NA,TRUE
"3025","A69-1602-3083",3025,"Noordzeekanaal","Spuisluis NZK","VR2W-114167",52.470646,4.607811,2017-11-02 16:01:25,2017-11-02 16:43:50,14,NA,NA,NA,34528.092351,12431.159049,FALSE,NA,NA,NA,NA,NA,NA,TRUE
"3026","A69-1602-3083",3026,"Noordzeekanaal","Spuisluis NZK","VR2W-114167",52.470646,4.607811,2017-11-02 19:46:49,2017-11-03 05:34:25,595,NA,NA,NA,34528.092351,12431.159049,FALSE,NA,NA,NA,NA,NA,NA,TRUE
"3027","A69-1602-3083",3027,"Noordzeekanaal","Spuisluis NZK","VR2W-114167",52.470646,4.607811,2017-11-03 06:52:23,2017-11-03 10:24:41,99,NA,NA,NA,34528.092351,12431.159049,FALSE,NA,NA,NA,NA,NA,NA,TRUE
"3028","A69-1602-3083",3028,"Noordzeekanaal","Spuisluis NZK","VR2W-114167",52.470646,4.607811,2017-11-03 16:30:18,2017-11-04 13:20:11,1200,NA,NA,NA,34528.092351,12431.159049,FALSE,NA,NA,NA,NA,NA,NA,TRUE
"3029","A69-1602-3083",3029,"Noordzeekanaal","Spuisluis NZK","VR2W-114167",52.470646,4.607811,2017-11-04 17:15:00,2017-11-05 01:30:13,630,NA,NA,NA,34528.092351,12431.159049,FALSE,NA,NA,NA,NA,NA,NA,TRUE
"3030","A69-1602-3083",3030,"Noordzeekanaal","Spuisluis NZK","VR2W-114167",52.470646,4.607811,2017-11-05 06:54:34,2017-11-05 07:05:24,5,NA,NA,NA,34528.092351,12431.159049,FALSE,NA,NA,NA,NA,NA,NA,TRUE
"3031","A69-1602-3083",3031,"Noordzeekanaal","Spuisluis NZK","VR2W-114167",52.470646,4.607811,2017-11-05 18:23:04,2017-11-05 20:54:48,13,NA,NA,NA,34528.092351,12431.159049,FALSE,NA,NA,NA,NA,NA,NA,TRUE
"3032","A69-1602-3083",3032,"Noordzeekanaal","Noordzeekanaal","VR2W-114165",52.462798,4.633995,2017-11-05 21:19:53,2017-11-05 21:19:53,1,1505,2172.539123,1.443548,36700.631474,10258.619926,TRUE,11865.538924,37,2017-11-05 21:34:35,1606.918998,882,1.82190362585034,TRUE
"3033","A69-1602-3083",3033,"Noordzeekanaal","Grote sluis NZK","VR2W-114178",52.467488,4.613347,2017-11-05 21:34:35,2017-11-06 00:46:27,61,882,1606.918999,1.821904,38307.550473,11865.538924,TRUE,13141.123311,38,2017-11-06 00:56:56,1275.584387,12141,0.105064194629767,TRUE
"3034","A69-1602-3083",3034,"Noordzeekanaal","Kleine sluis NZK","VR2W-132415",52.464559,4.592909,2017-11-06 00:56:56,2017-11-06 03:05:16,96,629,1524.085346,2.423029,39831.635819,13141.123311,FALSE,NA,NA,NA,NA,NA,NA,TRUE
"3035","A69-1602-3083",3035,"Noordzeekanaal","Grote sluis NZK","VR2W-114178",52.467488,4.613347,2017-11-06 03:13:37,2017-11-06 03:47:12,24,501,1524.085346,3.042087,41355.721165,11865.538924,FALSE,NA,NA,NA,NA,NA,NA,TRUE
"3036","A69-1602-3083",3036,"Noordzeekanaal","Noordzeekanaal","VR2W-114165",52.462798,4.633995,2017-11-06 03:51:09,2017-11-06 03:51:09,1,237,1606.918999,6.780249,42962.640164,10258.619926,TRUE,11865.538924,41,2017-11-06 03:54:01,1606.918998,172,9.34255231395349,TRUE
"3037","A69-1602-3083",3037,"Noordzeekanaal","Grote sluis NZK","VR2W-114178",52.467488,4.613347,2017-11-06 03:54:01,2017-11-06 03:55:11,2,172,1606.918999,9.342552,44569.559163,11865.538924,TRUE,13289.636065,45,2017-11-06 20:34:43,1424.097141,60042,0.0237183495053463,TRUE
"3038","A69-1602-3083",3038,"Noordzeekanaal","Spuisluis NZK","VR2W-114167",52.470646,4.607811,2017-11-06 04:57:46,2017-11-06 06:39:12,127,3755,565.620125,0.150631,45135.179288,12431.159049,FALSE,NA,NA,NA,NA,NA,NA,TRUE
"3039","A69-1602-3083",3039,"Noordzeekanaal","Spuisluis NZK","VR2W-114167",52.470646,4.607811,2017-11-06 09:48:20,2017-11-06 14:46:26,28,NA,NA,NA,45135.179288,12431.159049,FALSE,NA,NA,NA,NA,NA,NA,TRUE
"3040","A69-1602-3083",3040,"Noordzeekanaal","Spuisluis NZK","VR2W-114167",52.470646,4.607811,2017-11-06 16:07:04,2017-11-06 18:17:11,30,NA,NA,NA,45135.179288,12431.159049,NA,NA,NA,NA,NA,NA,NA,TRUE
"3041","A69-1602-3083",3041,"Noordzeekanaal","Spuisluis Noordzee","VR2W-132409",52.471207,4.595198,2017-11-06 20:34:43,2017-11-06 21:51:42,77,8252,941.310669,0.114071,46076.489957,13289.636065,NA,NA,NA,NA,NA,NA,NA,TRUE
"3042","A69-1602-3084",3042,"Noordzeekanaal","rel_noordzeekanaal6","none",52.397264,4.677708,2017-10-09 12:00:00,2017-10-09 12:00:00,1,NA,NA,NA,0,0,FALSE,1624.079592,2,2017-10-15 19:00:44,1624.079592,543644,0.0029873954131748,FALSE
"3043","A69-1602-3084",3043,"Noordzeekanaal","Spaarne gemaal","VR2W-102057",52.410548,4.673446,2017-10-15 19:00:44,2017-10-15 19:23:19,2,543644,1624.079592,0.002987,1624.079592,1624.079592,FALSE,NA,NA,NA,NA,NA,NA,FALSE
"3044","A69-1602-3084",3044,"Noordzeekanaal","Cruquius","VR2W-103671",52.338227,4.63522,2017-10-20 01:40:23,2017-10-20 02:21:16,38,368224,9424.407702,0.025594,11048.487294,-9131.540741,FALSE,1624.079592,8,2017-10-21 23:26:02,10755.620333,164739,0.0652888528702979,FALSE
"3045","A69-1602-3084",3045,"Noordzeekanaal","Cruquius","VR2W-103671",52.338227,4.63522,2017-10-20 04:39:14,2017-10-20 05:07:42,37,NA,NA,NA,11048.487294,-9131.540741,FALSE,1624.079592,8,2017-10-21 23:26:02,10755.620333,154008,0.0698380625227261,FALSE
"3046","A69-1602-3084",3046,"Noordzeekanaal","Cruquius","VR2W-103671",52.338227,4.63522,2017-10-20 16:33:30,2017-10-20 17:47:48,43,NA,NA,NA,11048.487294,-9131.540741,FALSE,1624.079592,8,2017-10-21 23:26:02,10755.620333,111152,0.0967649734867569,FALSE
"3047","A69-1602-3084",3047,"Noordzeekanaal","Cruquius","VR2W-103671",52.338227,4.63522,2017-10-21 02:23:17,2017-10-21 02:57:42,30,NA,NA,NA,11048.487294,-9131.540741,FALSE,1624.079592,8,2017-10-21 23:26:02,10755.620333,75765,0.141960276288524,FALSE
"3048","A69-1602-3084",3048,"Noordzeekanaal","Cruquius","VR2W-103671",52.338227,4.63522,2017-10-21 08:17:39,2017-10-21 09:05:16,31,NA,NA,NA,11048.487294,-9131.540741,TRUE,1624.079592,8,2017-10-21 23:26:02,10755.620333,54503,0.197339969047575,TRUE
"3049","A69-1602-3084",3049,"Noordzeekanaal","Spaarne gemaal","VR2W-102057",52.410548,4.673446,2017-10-21 23:26:02,2017-10-22 00:45:50,48,51646,9424.407702,0.182481,20472.894996,1624.079592,FALSE,8841.612885,24,2017-11-23 22:39:17,7217.533293,2848395,0.00253389480496911,TRUE
"3050","A69-1602-3084",3050,"Noordzeekanaal","Spaarne gemaal","VR2W-102057",52.410548,4.673446,2017-10-26 19:10:04,2017-10-26 22:29:12,56,NA,NA,NA,20472.894996,1624.079592,FALSE,NA,NA,NA,NA,NA,NA,TRUE
"3051","A69-1602-3084",3051,"Noordzeekanaal","Cruquius","VR2W-103671",52.338227,4.63522,2017-10-27 22:06:49,2017-10-27 22:39:48,31,85057,9424.407702,0.110801,29897.302698,-9131.540741,FALSE,1624.079592,20,2017-11-10 22:23:25,10755.620333,1210596,0.00888456622440517,TRUE
"3052","A69-1602-3084",3052,"Noordzeekanaal","Cruquius","VR2W-103671",52.338227,4.63522,2017-10-28 00:45:07,2017-10-28 01:45:50,56,NA,NA,NA,29897.302698,-9131.540741,FALSE,1624.079592,20,2017-11-10 22:23:25,10755.620333,1201098,0.00895482328086468,TRUE
"3053","A69-1602-3084",3053,"Noordzeekanaal","Cruquius","VR2W-103671",52.338227,4.63522,2017-10-28 03:02:32,2017-10-28 03:51:14,49,NA,NA,NA,29897.302698,-9131.540741,FALSE,1624.079592,20,2017-11-10 22:23:25,10755.620333,1192853,0.00901671901986247,TRUE
"3054","A69-1602-3084",3054,"Noordzeekanaal","Cruquius","VR2W-103671",52.338227,4.63522,2017-10-28 05:52:37,2017-10-28 07:21:04,78,NA,NA,NA,29897.302698,-9131.540741,FALSE,1624.079592,20,2017-11-10 22:23:25,10755.620333,1182648,0.00909452375770305,TRUE
"3055","A69-1602-3084",3055,"Noordzeekanaal","Cruquius","VR2W-103671",52.338227,4.63522,2017-10-28 18:22:53,2017-10-28 18:43:07,12,NA,NA,NA,29897.302698,-9131.540741,FALSE,1624.079592,20,2017-11-10 22:23:25,10755.620333,1137632,0.00945439327743945,TRUE
"3056","A69-1602-3084",3056,"Noordzeekanaal","Cruquius","VR2W-103671",52.338227,4.63522,2017-11-03 18:45:06,2017-11-03 19:17:54,34,NA,NA,NA,29897.302698,-9131.540741,FALSE,1624.079592,20,2017-11-10 22:23:25,10755.620333,617899,0.0174067611907448,TRUE
"3057","A69-1602-3084",3057,"Noordzeekanaal","Cruquius","VR2W-103671",52.338227,4.63522,2017-11-05 06:35:52,2017-11-05 06:58:08,26,NA,NA,NA,29897.302698,-9131.540741,FALSE,1624.079592,20,2017-11-10 22:23:25,10755.620333,488853,0.0220017476276099,TRUE
"3058","A69-1602-3084",3058,"Noordzeekanaal","Cruquius","VR2W-103671",52.338227,4.63522,2017-11-05 16:20:48,2017-11-05 16:45:18,31,NA,NA,NA,29897.302698,-9131.540741,FALSE,1624.079592,20,2017-11-10 22:23:25,10755.620333,453757,0.023703480790379,TRUE
"3059","A69-1602-3084",3059,"Noordzeekanaal","Cruquius","VR2W-103671",52.338227,4.63522,2017-11-05 18:29:11,2017-11-05 19:00:32,32,NA,NA,NA,29897.302698,-9131.540741,FALSE,1624.079592,20,2017-11-10 22:23:25,10755.620333,446054,0.0241128211673923,TRUE
"3060","A69-1602-3084",3060,"Noordzeekanaal","Cruquius","VR2W-103671",52.338227,4.63522,2017-11-05 23:47:13,2017-11-06 00:37:46,55,NA,NA,NA,29897.302698,-9131.540741,TRUE,1624.079592,20,2017-11-10 22:23:25,10755.620333,426972,0.0251904582337952,TRUE
"3061","A69-1602-3084",3061,"Noordzeekanaal","Spaarne gemaal","VR2W-102057",52.410548,4.673446,2017-11-10 22:23:25,2017-11-11 00:18:00,78,423939,9424.407702,0.022231,39321.7104,1624.079592,FALSE,8841.612885,24,2017-11-23 22:39:17,7217.533293,1124152,0.00642042472281329,TRUE
"3062","A69-1602-3084",3062,"Noordzeekanaal","Spaarne gemaal","VR2W-102057",52.410548,4.673446,2017-11-11 01:37:07,2017-11-11 01:37:07,1,NA,NA,NA,39321.7104,1624.079592,FALSE,8841.612885,24,2017-11-23 22:39:17,7217.533293,1112530,0.00648749543203329,TRUE
"3063","A69-1602-3084",3063,"Noordzeekanaal","Spaarne gemaal","VR2W-102057",52.410548,4.673446,2017-11-16 18:11:22,2017-11-16 18:11:22,1,NA,NA,NA,39321.7104,1624.079592,FALSE,8841.612885,24,2017-11-23 22:39:17,7217.533293,620875,0.0116247767956513,TRUE
"3064","A69-1602-3084",3064,"Noordzeekanaal","Spaarne gemaal","VR2W-102057",52.410548,4.673446,2017-11-22 18:55:12,2017-11-22 23:22:50,292,NA,NA,NA,39321.7104,1624.079592,TRUE,8841.612885,24,2017-11-23 22:39:17,7217.533293,99845,0.072287378366468,TRUE
"3065","A69-1602-3084",3065,"Noordzeekanaal","Halfweg boezemzijde","VR2W-119056",52.391732,4.770434,2017-11-23 22:39:17,2017-11-24 18:53:26,1286,83787,10382.859832,0.12392,49704.570232,8841.612885,FALSE,10258.619926,29,2017-12-07 16:38:17,1417.007041,1187940,0.00119282711332222,TRUE
"3066","A69-1602-3084",3066,"Noordzeekanaal","Halfweg NZKzijde","VR2W-120098",52.394583,4.772506,2017-11-24 21:23:57,2017-11-24 21:58:25,9,9031,482.787479,0.053459,50187.357711,9324.400364,FALSE,11865.538924,31,2017-12-07 19:34:10,2541.13856,1116613,0.00227575584378831,TRUE
"3067","A69-1602-3084",3067,"Noordzeekanaal","Halfweg NZKzijde","VR2W-120098",52.394583,4.772506,2017-11-25 23:32:36,2017-11-26 01:07:56,8,NA,NA,NA,50187.357711,9324.400364,FALSE,11865.538924,31,2017-12-07 19:34:10,2541.13856,1022494,0.00248523566886456,TRUE
"3068","A69-1602-3084",3068,"Noordzeekanaal","Halfweg NZKzijde","VR2W-120098",52.394583,4.772506,2017-11-26 03:17:54,2017-11-26 04:17:18,19,NA,NA,NA,50187.357711,9324.400364,FALSE,11865.538924,31,2017-12-07 19:34:10,2541.13856,1008976,0.0025185322148396,TRUE
"3069","A69-1602-3084",3069,"Noordzeekanaal","Halfweg NZKzijde","VR2W-120098",52.394583,4.772506,2017-11-26 16:42:25,2017-11-26 16:42:25,1,NA,NA,NA,50187.357711,9324.400364,FALSE,11865.538924,31,2017-12-07 19:34:10,2541.13856,960705,0.00264507685501793,TRUE
"3070","A69-1602-3084",3070,"Noordzeekanaal","Noordzeekanaal","VR2W-114164",52.465232,4.633992,2017-12-07 16:38:17,2017-12-07 17:50:10,69,950152,14286.56944,0.015036,64473.927151,10258.619926,FALSE,11865.538924,31,2017-12-07 19:34:10,1606.918998,10553,0.152271297071923,TRUE
"3071","A69-1602-3084",3071,"Noordzeekanaal","Noordzeekanaal","VR2W-114165",52.462798,4.633995,2017-12-07 19:19:53,2017-12-07 19:19:53,1,NA,NA,NA,64473.927151,10258.619926,TRUE,11865.538924,31,2017-12-07 19:34:10,1606.918998,857,1.87505133955659,TRUE
"3072","A69-1602-3084",3072,"Noordzeekanaal","Grote sluis NZK","VR2W-114178",52.467488,4.613347,2017-12-07 19:34:10,2017-12-07 19:35:44,2,857,1606.918999,1.875051,66080.84615,11865.538924,TRUE,13289.636065,33,2017-12-08 16:01:40,1424.097141,73650,0.0193360100610998,TRUE
"3073","A69-1602-3084",3073,"Noordzeekanaal","Spuisluis NZK","VR2W-114167",52.470646,4.607811,2017-12-07 21:27:12,2017-12-07 22:04:05,3,6688,565.620125,0.084572,66646.466275,12431.159049,NA,NA,NA,NA,NA,NA,NA,TRUE
"3074","A69-1602-3084",3074,"Noordzeekanaal","Spuisluis Noordzee","VR2W-132408",52.470319,4.594701,2017-12-08 16:01:40,2017-12-08 16:11:41,22,64655,941.310669,0.014559,67587.776944,13289.636065,NA,NA,NA,NA,NA,NA,NA,TRUE
"3075","A69-1602-3085",3075,"Noordzeekanaal","rel_noordzeekanaal6","none",52.397264,4.677708,2017-10-09 12:00:00,2017-10-09 12:00:00,1,NA,NA,NA,0,0,FALSE,1624.079592,2,2017-10-12 18:40:20,1624.079592,283220,0.00573433935456536,FALSE
"3076","A69-1602-3085",3076,"Noordzeekanaal","Spaarne gemaal","VR2W-102057",52.410548,4.673446,2017-10-12 18:40:20,2017-10-12 21:42:17,30,283220,1624.079592,0.005734,1624.079592,1624.079592,FALSE,NA,NA,NA,NA,NA,NA,FALSE
"3077","A69-1602-3085",3077,"Noordzeekanaal","Spaarne gemaal","VR2W-102057",52.410548,4.673446,2017-10-13 04:56:58,2017-10-13 05:48:46,12,NA,NA,NA,1624.079592,1624.079592,FALSE,NA,NA,NA,NA,NA,NA,FALSE
"3078","A69-1602-3085",3078,"Noordzeekanaal","Spaarne gemaal","VR2W-102057",52.410548,4.673446,2017-10-14 18:27:18,2017-10-16 07:40:12,2654,NA,NA,NA,1624.079592,1624.079592,NA,NA,NA,NA,NA,NA,NA,FALSE
"3079","A69-1602-3085",3079,"Noordzeekanaal","Spaarne sluis","VR2W-102063",52.412068,4.680792,2017-10-16 08:48:22,2017-10-16 08:48:22,1,4090,582.774677,0.142488,2206.854269,1782.640686,FALSE,NA,NA,NA,NA,NA,NA,FALSE
"3080","A69-1602-3085",3080,"Noordzeekanaal","Spaarne sluis","VR2W-102063",52.412068,4.680792,2017-10-16 09:50:23,2017-10-24 19:32:16,6715,NA,NA,NA,2206.854269,1782.640686,FALSE,NA,NA,NA,NA,NA,NA,FALSE
"3081","A69-1602-3085",3081,"Noordzeekanaal","Spaarne sluis","VR2W-102063",52.412068,4.680792,2017-10-24 20:38:46,2017-10-26 08:05:59,1189,NA,NA,NA,2206.854269,1782.640686,FALSE,NA,NA,NA,NA,NA,NA,FALSE
"3082","A69-1602-3085",3082,"Noordzeekanaal","Spaarne gemaal","VR2W-102057",52.410548,4.673446,2017-10-26 17:18:41,2017-10-26 18:25:42,14,33162,582.774677,0.017574,2789.628946,1624.079592,FALSE,NA,NA,NA,NA,NA,NA,FALSE
"3083","A69-1602-3085",3083,"Noordzeekanaal","Spaarne gemaal","VR2W-102057",52.410548,4.673446,2017-10-27 01:34:27,2017-10-27 03:18:06,12,NA,NA,NA,2789.628946,1624.079592,FALSE,NA,NA,NA,NA,NA,NA,FALSE
"3084","A69-1602-3085",3084,"Noordzeekanaal","Spaarne gemaal","VR2W-102057",52.410548,4.673446,2017-10-27 04:26:21,2017-10-27 04:43:49,2,NA,NA,NA,2789.628946,1624.079592,FALSE,NA,NA,NA,NA,NA,NA,FALSE
"3085","A69-1602-3085",3085,"Noordzeekanaal","Spaarne gemaal","VR2W-102057",52.410548,4.673446,2017-10-27 12:10:54,2017-10-27 14:59:25,94,NA,NA,NA,2789.628946,1624.079592,FALSE,NA,NA,NA,NA,NA,NA,FALSE
"3086","A69-1602-3085",3086,"Noordzeekanaal","Spaarne gemaal","VR2W-102057",52.410548,4.673446,2017-11-01 14:10:20,2017-11-02 00:56:08,289,NA,NA,NA,2789.628946,1624.079592,FALSE,NA,NA,NA,NA,NA,NA,FALSE
"3087","A69-1602-3085",3087,"Noordzeekanaal","Spaarne gemaal","VR2W-102057",52.410548,4.673446,2017-11-02 02:00:15,2017-11-10 11:32:41,9668,NA,NA,NA,2789.628946,1624.079592,FALSE,NA,NA,NA,NA,NA,NA,FALSE
"3088","A69-1602-3085",3088,"Noordzeekanaal","Spaarne gemaal","VR2W-102057",52.410548,4.673446,2017-11-10 15:39:48,2017-11-10 16:37:33,7,NA,NA,NA,2789.628946,1624.079592,FALSE,NA,NA,NA,NA,NA,NA,FALSE
"3089","A69-1602-3085",3089,"Noordzeekanaal","Spaarne gemaal","VR2W-102057",52.410548,4.673446,2017-11-10 18:50:06,2017-11-10 20:12:48,15,NA,NA,NA,2789.628946,1624.079592,FALSE,NA,NA,NA,NA,NA,NA,FALSE
"3090","A69-1602-3085",3090,"Noordzeekanaal","Spaarne gemaal","VR2W-102057",52.410548,4.673446,2017-11-10 22:06:49,2017-11-10 23:34:49,12,NA,NA,NA,2789.628946,1624.079592,FALSE,NA,NA,NA,NA,NA,NA,FALSE
"3091","A69-1602-3085",3091,"Noordzeekanaal","Spaarne gemaal","VR2W-102057",52.410548,4.673446,2017-11-11 02:18:17,2017-11-11 10:08:17,159,NA,NA,NA,2789.628946,1624.079592,FALSE,NA,NA,NA,NA,NA,NA,FALSE
"3092","A69-1602-3085",3092,"Noordzeekanaal","Spaarne gemaal","VR2W-102057",52.410548,4.673446,2017-11-11 12:26:49,2017-11-11 15:55:20,47,NA,NA,NA,2789.628946,1624.079592,FALSE,NA,NA,NA,NA,NA,NA,FALSE
"3093","A69-1602-3085",3093,"Noordzeekanaal","Spaarne gemaal","VR2W-102057",52.410548,4.673446,2017-11-11 17:27:07,2017-11-14 08:45:09,1779,NA,NA,NA,2789.628946,1624.079592,FALSE,NA,NA,NA,NA,NA,NA,FALSE
"3094","A69-1602-3085",3094,"Noordzeekanaal","Spaarne gemaal","VR2W-102057",52.410548,4.673446,2017-11-14 09:53:59,2017-11-16 06:59:03,846,NA,NA,NA,2789.628946,1624.079592,FALSE,NA,NA,NA,NA,NA,NA,FALSE
"3095","A69-1602-3085",3095,"Noordzeekanaal","Spaarne gemaal","VR2W-102057",52.410548,4.673446,2017-11-16 08:14:34,2017-11-16 09:50:11,13,NA,NA,NA,2789.628946,1624.079592,FALSE,NA,NA,NA,NA,NA,NA,FALSE
"3096","A69-1602-3085",3096,"Noordzeekanaal","Spaarne gemaal","VR2W-102057",52.410548,4.673446,2017-11-16 11:37:01,2017-11-16 21:24:42,175,NA,NA,NA,2789.628946,1624.079592,FALSE,NA,NA,NA,NA,NA,NA,FALSE
"3097","A69-1602-3085",3097,"Noordzeekanaal","Spaarne gemaal","VR2W-102057",52.410548,4.673446,2017-11-16 22:35:57,2017-11-18 03:02:41,937,NA,NA,NA,2789.628946,1624.079592,FALSE,NA,NA,NA,NA,NA,NA,FALSE
"3098","A69-1602-3085",3098,"Noordzeekanaal","Spaarne gemaal","VR2W-102057",52.410548,4.673446,2017-11-18 04:32:58,2017-11-18 05:49:21,11,NA,NA,NA,2789.628946,1624.079592,FALSE,NA,NA,NA,NA,NA,NA,FALSE
"3099","A69-1602-3085",3099,"Noordzeekanaal","Spaarne gemaal","VR2W-102057",52.410548,4.673446,2017-11-18 14:44:49,2017-11-19 08:22:26,316,NA,NA,NA,2789.628946,1624.079592,FALSE,NA,NA,NA,NA,NA,NA,FALSE
"3100","A69-1602-3085",3100,"Noordzeekanaal","Spaarne gemaal","VR2W-102057",52.410548,4.673446,2017-11-19 10:21:00,2017-11-20 04:29:15,340,NA,NA,NA,2789.628946,1624.079592,FALSE,NA,NA,NA,NA,NA,NA,FALSE
"3101","A69-1602-3085",3101,"Noordzeekanaal","Spaarne gemaal","VR2W-102057",52.410548,4.673446,2017-11-20 05:29:30,2017-11-20 05:35:55,2,NA,NA,NA,2789.628946,1624.079592,FALSE,NA,NA,NA,NA,NA,NA,FALSE
"3102","A69-1602-3085",3102,"Noordzeekanaal","Spaarne gemaal","VR2W-102057",52.410548,4.673446,2017-11-20 07:28:01,2017-11-20 07:56:45,3,NA,NA,NA,2789.628946,1624.079592,FALSE,NA,NA,NA,NA,NA,NA,FALSE
"3103","A69-1602-3085",3103,"Noordzeekanaal","Spaarne gemaal","VR2W-102057",52.410548,4.673446,2017-11-20 09:06:23,2017-11-20 16:43:46,72,NA,NA,NA,2789.628946,1624.079592,FALSE,NA,NA,NA,NA,NA,NA,FALSE
"3104","A69-1602-3085",3104,"Noordzeekanaal","Spaarne gemaal","VR2W-102057",52.410548,4.673446,2017-11-20 19:11:12,2017-11-21 11:16:52,298,NA,NA,NA,2789.628946,1624.079592,FALSE,NA,NA,NA,NA,NA,NA,FALSE
"3105","A69-1602-3085",3105,"Noordzeekanaal","Spaarne gemaal","VR2W-102057",52.410548,4.673446,2017-11-21 14:23:56,2017-11-21 15:12:41,4,NA,NA,NA,2789.628946,1624.079592,FALSE,NA,NA,NA,NA,NA,NA,FALSE
"3106","A69-1602-3085",3106,"Noordzeekanaal","Spaarne gemaal","VR2W-102057",52.410548,4.673446,2017-11-22 15:49:33,2017-11-22 15:49:33,1,NA,NA,NA,2789.628946,1624.079592,FALSE,NA,NA,NA,NA,NA,NA,FALSE
"3107","A69-1602-3085",3107,"Noordzeekanaal","Spaarne gemaal","VR2W-102057",52.410548,4.673446,2017-11-22 23:30:20,2017-11-22 23:32:05,2,NA,NA,NA,2789.628946,1624.079592,FALSE,NA,NA,NA,NA,NA,NA,FALSE
"3108","A69-1602-3085",3108,"Noordzeekanaal","Spaarne gemaal","VR2W-102057",52.410548,4.673446,2017-11-23 00:47:30,2017-11-23 00:54:44,3,NA,NA,NA,2789.628946,1624.079592,FALSE,NA,NA,NA,NA,NA,NA,FALSE
"3109","A69-1602-3085",3109,"Noordzeekanaal","Spaarne gemaal","VR2W-102057",52.410548,4.673446,2017-11-23 12:44:03,2017-11-23 12:52:42,7,NA,NA,NA,2789.628946,1624.079592,FALSE,NA,NA,NA,NA,NA,NA,FALSE
"3110","A69-1602-3085",3110,"Noordzeekanaal","Spaarne gemaal","VR2W-102057",52.410548,4.673446,2017-11-23 20:27:52,2017-11-23 20:27:52,1,NA,NA,NA,2789.628946,1624.079592,FALSE,NA,NA,NA,NA,NA,NA,FALSE
"3111","A69-1602-3085",3111,"Noordzeekanaal","Spaarne gemaal","VR2W-102057",52.410548,4.673446,2017-11-23 22:56:04,2017-11-23 23:03:10,9,NA,NA,NA,2789.628946,1624.079592,FALSE,NA,NA,NA,NA,NA,NA,FALSE
"3112","A69-1602-3085",3112,"Noordzeekanaal","Spaarne gemaal","VR2W-102057",52.410548,4.673446,2017-11-24 01:15:26,2017-11-24 03:22:38,28,NA,NA,NA,2789.628946,1624.079592,FALSE,NA,NA,NA,NA,NA,NA,FALSE
"3113","A69-1602-3085",3113,"Noordzeekanaal","Spaarne gemaal","VR2W-102057",52.410548,4.673446,2017-11-24 05:29:36,2017-11-24 07:41:43,74,NA,NA,NA,2789.628946,1624.079592,FALSE,NA,NA,NA,NA,NA,NA,FALSE
"3114","A69-1602-3085",3114,"Noordzeekanaal","Spaarne gemaal","VR2W-102057",52.410548,4.673446,2017-11-24 09:11:17,2017-11-24 10:48:01,31,NA,NA,NA,2789.628946,1624.079592,FALSE,NA,NA,NA,NA,NA,NA,FALSE
"3115","A69-1602-3085",3115,"Noordzeekanaal","Spaarne gemaal","VR2W-102057",52.410548,4.673446,2017-11-24 12:32:52,2017-11-24 12:56:00,2,NA,NA,NA,2789.628946,1624.079592,FALSE,NA,NA,NA,NA,NA,NA,FALSE
"3116","A69-1602-3085",3116,"Noordzeekanaal","Spaarne gemaal","VR2W-102057",52.410548,4.673446,2017-11-24 14:17:59,2017-11-25 10:14:59,645,NA,NA,NA,2789.628946,1624.079592,FALSE,NA,NA,NA,NA,NA,NA,FALSE
"3117","A69-1602-3085",3117,"Noordzeekanaal","Spaarne gemaal","VR2W-102057",52.410548,4.673446,2017-11-25 11:24:08,2017-11-25 14:35:32,59,NA,NA,NA,2789.628946,1624.079592,FALSE,NA,NA,NA,NA,NA,NA,FALSE
"3118","A69-1602-3085",3118,"Noordzeekanaal","Spaarne gemaal","VR2W-102057",52.410548,4.673446,2017-11-25 17:51:27,2017-11-25 19:58:51,11,NA,NA,NA,2789.628946,1624.079592,FALSE,NA,NA,NA,NA,NA,NA,FALSE
"3119","A69-1602-3085",3119,"Noordzeekanaal","Spaarne gemaal","VR2W-102057",52.410548,4.673446,2017-11-25 21:14:49,2017-11-25 22:42:47,8,NA,NA,NA,2789.628946,1624.079592,FALSE,NA,NA,NA,NA,NA,NA,FALSE
"3120","A69-1602-3085",3120,"Noordzeekanaal","Spaarne gemaal","VR2W-102057",52.410548,4.673446,2017-11-26 00:04:07,2017-11-26 00:53:54,23,NA,NA,NA,2789.628946,1624.079592,FALSE,NA,NA,NA,NA,NA,NA,FALSE
"3121","A69-1602-3085",3121,"Noordzeekanaal","Spaarne gemaal","VR2W-102057",52.410548,4.673446,2017-11-26 02:39:54,2017-11-26 02:45:46,2,NA,NA,NA,2789.628946,1624.079592,FALSE,NA,NA,NA,NA,NA,NA,FALSE
"3122","A69-1602-3085",3122,"Noordzeekanaal","Spaarne gemaal","VR2W-102057",52.410548,4.673446,2017-11-26 16:18:40,2017-11-26 22:43:14,123,NA,NA,NA,2789.628946,1624.079592,FALSE,NA,NA,NA,NA,NA,NA,FALSE
"3123","A69-1602-3085",3123,"Noordzeekanaal","Spaarne gemaal","VR2W-102057",52.410548,4.673446,2017-11-27 00:03:19,2017-11-27 00:03:19,1,NA,NA,NA,2789.628946,1624.079592,FALSE,NA,NA,NA,NA,NA,NA,FALSE
"3124","A69-1602-3085",3124,"Noordzeekanaal","Spaarne gemaal","VR2W-102057",52.410548,4.673446,2017-11-27 03:08:07,2017-11-27 03:08:07,1,NA,NA,NA,2789.628946,1624.079592,FALSE,NA,NA,NA,NA,NA,NA,FALSE
"3125","A69-1602-3085",3125,"Noordzeekanaal","Spaarne gemaal","VR2W-102057",52.410548,4.673446,2017-11-27 12:16:59,2017-11-27 14:37:49,18,NA,NA,NA,2789.628946,1624.079592,FALSE,NA,NA,NA,NA,NA,NA,FALSE
"3126","A69-1602-3085",3126,"Noordzeekanaal","Spaarne gemaal","VR2W-102057",52.410548,4.673446,2017-11-27 16:26:54,2017-11-27 16:26:54,1,NA,NA,NA,2789.628946,1624.079592,FALSE,NA,NA,NA,NA,NA,NA,FALSE
"3127","A69-1602-3085",3127,"Noordzeekanaal","Spaarne gemaal","VR2W-102057",52.410548,4.673446,2017-11-27 17:33:22,2017-11-27 18:09:03,7,NA,NA,NA,2789.628946,1624.079592,FALSE,NA,NA,NA,NA,NA,NA,FALSE
"3128","A69-1602-3085",3128,"Noordzeekanaal","Spaarne gemaal","VR2W-102057",52.410548,4.673446,2017-11-28 05:59:43,2017-11-28 07:34:25,8,NA,NA,NA,2789.628946,1624.079592,FALSE,NA,NA,NA,NA,NA,NA,FALSE
"3129","A69-1602-3085",3129,"Noordzeekanaal","Spaarne gemaal","VR2W-102057",52.410548,4.673446,2017-11-28 09:16:12,2017-11-28 10:51:51,14,NA,NA,NA,2789.628946,1624.079592,FALSE,NA,NA,NA,NA,NA,NA,FALSE
"3130","A69-1602-3085",3130,"Noordzeekanaal","Spaarne gemaal","VR2W-102057",52.410548,4.673446,2017-11-28 13:47:05,2017-11-28 16:56:37,47,NA,NA,NA,2789.628946,1624.079592,FALSE,NA,NA,NA,NA,NA,NA,FALSE
"3131","A69-1602-3085",3131,"Noordzeekanaal","Spaarne gemaal","VR2W-102057",52.410548,4.673446,2017-11-28 18:07:25,2017-11-29 07:08:08,221,NA,NA,NA,2789.628946,1624.079592,FALSE,NA,NA,NA,NA,NA,NA,FALSE
"3132","A69-1602-3085",3132,"Noordzeekanaal","Spaarne gemaal","VR2W-102057",52.410548,4.673446,2017-11-29 08:09:03,2017-12-02 20:38:14,2587,NA,NA,NA,2789.628946,1624.079592,FALSE,NA,NA,NA,NA,NA,NA,FALSE
"3133","A69-1602-3085",3133,"Noordzeekanaal","Spaarne gemaal","VR2W-102057",52.410548,4.673446,2017-12-02 23:24:08,2017-12-02 23:31:27,2,NA,NA,NA,2789.628946,1624.079592,FALSE,NA,NA,NA,NA,NA,NA,FALSE
"3134","A69-1602-3085",3134,"Noordzeekanaal","Spaarne gemaal","VR2W-102057",52.410548,4.673446,2017-12-03 03:11:03,2017-12-03 03:11:03,1,NA,NA,NA,2789.628946,1624.079592,FALSE,NA,NA,NA,NA,NA,NA,FALSE
"3135","A69-1602-3085",3135,"Noordzeekanaal","Spaarne gemaal","VR2W-102057",52.410548,4.673446,2017-12-03 04:46:23,2017-12-03 04:46:23,1,NA,NA,NA,2789.628946,1624.079592,FALSE,NA,NA,NA,NA,NA,NA,FALSE
"3136","A69-1602-3085",3136,"Noordzeekanaal","Spaarne gemaal","VR2W-102057",52.410548,4.673446,2017-12-03 06:12:26,2017-12-03 06:12:26,1,NA,NA,NA,2789.628946,1624.079592,NA,NA,NA,NA,NA,NA,NA,FALSE
"3137","A69-1602-3085",3137,"Noordzeekanaal","Spaarne sluis","VR2W-102063",52.412068,4.680792,2017-12-03 07:19:20,2017-12-03 14:58:16,162,4014,582.774677,0.145186,3372.403623,1782.640686,FALSE,NA,NA,NA,NA,NA,NA,FALSE
"3138","A69-1602-3085",3138,"Noordzeekanaal","Spaarne sluis","VR2W-102063",52.412068,4.680792,2017-12-03 16:06:14,2017-12-04 07:53:42,667,NA,NA,NA,3372.403623,1782.640686,FALSE,NA,NA,NA,NA,NA,NA,FALSE
"3139","A69-1602-3085",3139,"Noordzeekanaal","Spaarne gemaal","VR2W-102057",52.410548,4.673446,2017-12-04 10:10:24,2017-12-04 10:10:24,1,8202,582.774677,0.071053,3955.1783,1624.079592,FALSE,NA,NA,NA,NA,NA,NA,FALSE
"3140","A69-1602-3085",3140,"Noordzeekanaal","Spaarne gemaal","VR2W-102057",52.410548,4.673446,2017-12-04 13:25:59,2017-12-04 14:06:54,4,NA,NA,NA,3955.1783,1624.079592,FALSE,NA,NA,NA,NA,NA,NA,FALSE
"3141","A69-1602-3085",3141,"Noordzeekanaal","Spaarne gemaal","VR2W-102057",52.410548,4.673446,2017-12-04 15:38:04,2017-12-04 22:58:30,111,NA,NA,NA,3955.1783,1624.079592,FALSE,NA,NA,NA,NA,NA,NA,FALSE
"3142","A69-1602-3085",3142,"Noordzeekanaal","Spaarne gemaal","VR2W-102057",52.410548,4.673446,2017-12-05 02:51:15,2017-12-05 04:03:36,4,NA,NA,NA,3955.1783,1624.079592,FALSE,NA,NA,NA,NA,NA,NA,FALSE
"3143","A69-1602-3085",3143,"Noordzeekanaal","Spaarne gemaal","VR2W-102057",52.410548,4.673446,2017-12-05 05:11:16,2017-12-05 07:18:33,10,NA,NA,NA,3955.1783,1624.079592,FALSE,NA,NA,NA,NA,NA,NA,FALSE
"3144","A69-1602-3085",3144,"Noordzeekanaal","Spaarne gemaal","VR2W-102057",52.410548,4.673446,2017-12-05 10:53:56,2017-12-05 11:12:42,6,NA,NA,NA,3955.1783,1624.079592,FALSE,NA,NA,NA,NA,NA,NA,FALSE
"3145","A69-1602-3085",3145,"Noordzeekanaal","Spaarne gemaal","VR2W-102057",52.410548,4.673446,2017-12-05 14:08:57,2017-12-05 14:33:45,8,NA,NA,NA,3955.1783,1624.079592,FALSE,NA,NA,NA,NA,NA,NA,FALSE
"3146","A69-1602-3085",3146,"Noordzeekanaal","Spaarne gemaal","VR2W-102057",52.410548,4.673446,2017-12-05 23:04:29,2017-12-06 07:12:35,74,NA,NA,NA,3955.1783,1624.079592,FALSE,NA,NA,NA,NA,NA,NA,FALSE
"3147","A69-1602-3085",3147,"Noordzeekanaal","Spaarne gemaal","VR2W-102057",52.410548,4.673446,2017-12-06 13:23:52,2017-12-06 14:06:45,23,NA,NA,NA,3955.1783,1624.079592,FALSE,NA,NA,NA,NA,NA,NA,FALSE
"3148","A69-1602-3085",3148,"Noordzeekanaal","Spaarne gemaal","VR2W-102057",52.410548,4.673446,2017-12-07 16:47:00,2017-12-07 18:01:37,11,NA,NA,NA,3955.1783,1624.079592,NA,NA,NA,NA,NA,NA,NA,FALSE
"3149","A69-1602-3085",3149,"Noordzeekanaal","Spaarne sluis","VR2W-102063",52.412068,4.680792,2017-12-07 19:03:09,2017-12-07 19:03:09,1,3692,582.774677,0.157848,4537.952977,1782.640686,FALSE,NA,NA,NA,NA,NA,NA,FALSE
"3150","A69-1602-3085",3150,"Noordzeekanaal","Spaarne gemaal","VR2W-102057",52.410548,4.673446,2017-12-08 00:50:16,2017-12-08 01:07:17,11,20827,582.774677,0.027982,5120.727654,1624.079592,FALSE,NA,NA,NA,NA,NA,NA,FALSE
"3151","A69-1602-3085",3151,"Noordzeekanaal","Spaarne gemaal","VR2W-102057",52.410548,4.673446,2017-12-08 10:02:53,2017-12-08 10:40:49,5,NA,NA,NA,5120.727654,1624.079592,FALSE,NA,NA,NA,NA,NA,NA,FALSE
"3152","A69-1602-3085",3152,"Noordzeekanaal","Spaarne gemaal","VR2W-102057",52.410548,4.673446,2017-12-08 20:42:19,2017-12-08 20:42:19,1,NA,NA,NA,5120.727654,1624.079592,FALSE,NA,NA,NA,NA,NA,NA,FALSE
"3153","A69-1602-3085",3153,"Noordzeekanaal","Spaarne gemaal","VR2W-102057",52.410548,4.673446,2017-12-09 05:10:31,2017-12-09 06:49:04,9,NA,NA,NA,5120.727654,1624.079592,FALSE,NA,NA,NA,NA,NA,NA,FALSE
"3154","A69-1602-3085",3154,"Noordzeekanaal","Spaarne gemaal","VR2W-102057",52.410548,4.673446,2017-12-09 08:13:07,2017-12-09 09:10:42,3,NA,NA,NA,5120.727654,1624.079592,FALSE,NA,NA,NA,NA,NA,NA,FALSE
"3155","A69-1602-3085",3155,"Noordzeekanaal","Spaarne gemaal","VR2W-102057",52.410548,4.673446,2017-12-09 12:26:34,2017-12-09 14:12:46,24,NA,NA,NA,5120.727654,1624.079592,FALSE,NA,NA,NA,NA,NA,NA,FALSE
"3156","A69-1602-3085",3156,"Noordzeekanaal","Spaarne gemaal","VR2W-102057",52.410548,4.673446,2017-12-09 17:34:27,2017-12-09 17:35:49,3,NA,NA,NA,5120.727654,1624.079592,FALSE,NA,NA,NA,NA,NA,NA,FALSE
"3157","A69-1602-3085",3157,"Noordzeekanaal","Spaarne gemaal","VR2W-102057",52.410548,4.673446,2017-12-09 20:41:35,2017-12-09 20:46:54,8,NA,NA,NA,5120.727654,1624.079592,FALSE,NA,NA,NA,NA,NA,NA,FALSE
"3158","A69-1602-3085",3158,"Noordzeekanaal","Spaarne gemaal","VR2W-102057",52.410548,4.673446,2017-12-09 22:15:51,2017-12-09 22:17:26,2,NA,NA,NA,5120.727654,1624.079592,FALSE,NA,NA,NA,NA,NA,NA,FALSE
"3159","A69-1602-3085",3159,"Noordzeekanaal","Spaarne gemaal","VR2W-102057",52.410548,4.673446,2017-12-10 00:15:22,2017-12-10 01:29:27,18,NA,NA,NA,5120.727654,1624.079592,FALSE,NA,NA,NA,NA,NA,NA,FALSE
"3160","A69-1602-3085",3160,"Noordzeekanaal","Spaarne gemaal","VR2W-102057",52.410548,4.673446,2017-12-10 04:44:33,2017-12-10 08:09:00,29,NA,NA,NA,5120.727654,1624.079592,FALSE,NA,NA,NA,NA,NA,NA,FALSE
"3161","A69-1602-3085",3161,"Noordzeekanaal","Spaarne gemaal","VR2W-102057",52.410548,4.673446,2017-12-10 21:04:39,2017-12-11 07:40:39,159,NA,NA,NA,5120.727654,1624.079592,FALSE,NA,NA,NA,NA,NA,NA,FALSE
"3162","A69-1602-3085",3162,"Noordzeekanaal","Spaarne gemaal","VR2W-102057",52.410548,4.673446,2017-12-11 21:03:25,2017-12-11 21:14:19,2,NA,NA,NA,5120.727654,1624.079592,FALSE,NA,NA,NA,NA,NA,NA,FALSE
"3163","A69-1602-3085",3163,"Noordzeekanaal","Spaarne gemaal","VR2W-102057",52.410548,4.673446,2017-12-11 22:44:29,2017-12-12 02:51:35,151,NA,NA,NA,5120.727654,1624.079592,FALSE,NA,NA,NA,NA,NA,NA,FALSE
"3164","A69-1602-3085",3164,"Noordzeekanaal","Spaarne gemaal","VR2W-102057",52.410548,4.673446,2017-12-12 03:58:35,2017-12-12 13:57:00,208,NA,NA,NA,5120.727654,1624.079592,FALSE,NA,NA,NA,NA,NA,NA,FALSE
"3165","A69-1602-3085",3165,"Noordzeekanaal","Spaarne gemaal","VR2W-102057",52.410548,4.673446,2017-12-12 15:29:37,2017-12-12 17:49:20,13,NA,NA,NA,5120.727654,1624.079592,FALSE,NA,NA,NA,NA,NA,NA,FALSE
"3166","A69-1602-3085",3166,"Noordzeekanaal","Spaarne gemaal","VR2W-102057",52.410548,4.673446,2017-12-12 19:54:58,2017-12-12 19:54:58,1,NA,NA,NA,5120.727654,1624.079592,FALSE,NA,NA,NA,NA,NA,NA,FALSE
"3167","A69-1602-3085",3167,"Noordzeekanaal","Spaarne gemaal","VR2W-102057",52.410548,4.673446,2017-12-12 21:19:54,2017-12-12 21:19:54,1,NA,NA,NA,5120.727654,1624.079592,FALSE,NA,NA,NA,NA,NA,NA,FALSE
"3168","A69-1602-3085",3168,"Noordzeekanaal","Spaarne gemaal","VR2W-102057",52.410548,4.673446,2017-12-13 00:11:25,2017-12-13 01:05:05,3,NA,NA,NA,5120.727654,1624.079592,FALSE,NA,NA,NA,NA,NA,NA,FALSE
"3169","A69-1602-3085",3169,"Noordzeekanaal","Spaarne gemaal","VR2W-102057",52.410548,4.673446,2017-12-13 03:11:43,2017-12-13 03:11:43,1,NA,NA,NA,5120.727654,1624.079592,FALSE,NA,NA,NA,NA,NA,NA,FALSE
"3170","A69-1602-3085",3170,"Noordzeekanaal","Spaarne gemaal","VR2W-102057",52.410548,4.673446,2017-12-13 04:28:11,2017-12-13 04:44:52,5,NA,NA,NA,5120.727654,1624.079592,FALSE,NA,NA,NA,NA,NA,NA,FALSE
"3171","A69-1602-3085",3171,"Noordzeekanaal","Spaarne gemaal","VR2W-102057",52.410548,4.673446,2017-12-13 09:08:12,2017-12-13 09:08:12,1,NA,NA,NA,5120.727654,1624.079592,FALSE,NA,NA,NA,NA,NA,NA,FALSE
"3172","A69-1602-3085",3172,"Noordzeekanaal","Spaarne gemaal","VR2W-102057",52.410548,4.673446,2017-12-13 12:32:54,2017-12-13 12:42:59,4,NA,NA,NA,5120.727654,1624.079592,FALSE,NA,NA,NA,NA,NA,NA,FALSE
"3173","A69-1602-3085",3173,"Noordzeekanaal","Spaarne gemaal","VR2W-102057",52.410548,4.673446,2017-12-14 00:56:54,2017-12-14 01:20:50,3,NA,NA,NA,5120.727654,1624.079592,FALSE,NA,NA,NA,NA,NA,NA,FALSE
"3174","A69-1602-3085",3174,"Noordzeekanaal","Spaarne gemaal","VR2W-102057",52.410548,4.673446,2017-12-14 09:52:02,2017-12-14 10:24:12,2,NA,NA,NA,5120.727654,1624.079592,FALSE,NA,NA,NA,NA,NA,NA,FALSE
"3175","A69-1602-3085",3175,"Noordzeekanaal","Spaarne gemaal","VR2W-102057",52.410548,4.673446,2017-12-14 15:20:35,2017-12-14 18:42:43,14,NA,NA,NA,5120.727654,1624.079592,FALSE,NA,NA,NA,NA,NA,NA,FALSE
"3176","A69-1602-3085",3176,"Noordzeekanaal","Spaarne gemaal","VR2W-102057",52.410548,4.673446,2017-12-14 19:43:11,2017-12-15 00:07:16,53,NA,NA,NA,5120.727654,1624.079592,FALSE,NA,NA,NA,NA,NA,NA,FALSE
"3177","A69-1602-3085",3177,"Noordzeekanaal","Spaarne gemaal","VR2W-102057",52.410548,4.673446,2017-12-15 01:28:20,2017-12-15 02:45:49,10,NA,NA,NA,5120.727654,1624.079592,FALSE,NA,NA,NA,NA,NA,NA,FALSE
"3178","A69-1602-3085",3178,"Noordzeekanaal","Spaarne gemaal","VR2W-102057",52.410548,4.673446,2017-12-15 04:52:28,2017-12-15 07:26:06,16,NA,NA,NA,5120.727654,1624.079592,FALSE,NA,NA,NA,NA,NA,NA,FALSE
"3179","A69-1602-3085",3179,"Noordzeekanaal","Spaarne gemaal","VR2W-102057",52.410548,4.673446,2017-12-15 09:56:16,2017-12-15 12:07:03,20,NA,NA,NA,5120.727654,1624.079592,FALSE,NA,NA,NA,NA,NA,NA,FALSE
"3180","A69-1602-3085",3180,"Noordzeekanaal","Spaarne gemaal","VR2W-102057",52.410548,4.673446,2017-12-15 13:17:20,2017-12-16 10:17:57,439,NA,NA,NA,5120.727654,1624.079592,FALSE,NA,NA,NA,NA,NA,NA,FALSE
"3181","A69-1602-3085",3181,"Noordzeekanaal","Spaarne gemaal","VR2W-102057",52.410548,4.673446,2017-12-16 11:23:37,2017-12-17 10:48:31,585,NA,NA,NA,5120.727654,1624.079592,FALSE,NA,NA,NA,NA,NA,NA,FALSE
"3182","A69-1602-3085",3182,"Noordzeekanaal","Spaarne gemaal","VR2W-102057",52.410548,4.673446,2017-12-17 12:10:52,2017-12-17 14:37:50,22,NA,NA,NA,5120.727654,1624.079592,FALSE,NA,NA,NA,NA,NA,NA,FALSE
"3183","A69-1602-3085",3183,"Noordzeekanaal","Spaarne gemaal","VR2W-102057",52.410548,4.673446,2017-12-18 00:21:12,2017-12-18 00:32:55,2,NA,NA,NA,5120.727654,1624.079592,FALSE,NA,NA,NA,NA,NA,NA,FALSE
"3184","A69-1602-3085",3184,"Noordzeekanaal","Spaarne gemaal","VR2W-102057",52.410548,4.673446,2017-12-18 01:41:03,2017-12-18 02:33:41,5,NA,NA,NA,5120.727654,1624.079592,FALSE,NA,NA,NA,NA,NA,NA,FALSE
"3185","A69-1602-3085",3185,"Noordzeekanaal","Spaarne gemaal","VR2W-102057",52.410548,4.673446,2017-12-18 04:05:04,2017-12-18 06:23:37,45,NA,NA,NA,5120.727654,1624.079592,FALSE,NA,NA,NA,NA,NA,NA,FALSE
"3186","A69-1602-3085",3186,"Noordzeekanaal","Spaarne gemaal","VR2W-102057",52.410548,4.673446,2017-12-18 07:59:56,2017-12-18 09:03:05,5,NA,NA,NA,5120.727654,1624.079592,FALSE,NA,NA,NA,NA,NA,NA,FALSE
"3187","A69-1602-3085",3187,"Noordzeekanaal","Spaarne gemaal","VR2W-102057",52.410548,4.673446,2017-12-18 11:37:10,2017-12-18 11:37:10,1,NA,NA,NA,5120.727654,1624.079592,FALSE,NA,NA,NA,NA,NA,NA,FALSE
"3188","A69-1602-3085",3188,"Noordzeekanaal","Spaarne gemaal","VR2W-102057",52.410548,4.673446,2017-12-18 16:08:42,2017-12-18 16:10:55,2,NA,NA,NA,5120.727654,1624.079592,FALSE,NA,NA,NA,NA,NA,NA,FALSE
"3189","A69-1602-3085",3189,"Noordzeekanaal","Spaarne gemaal","VR2W-102057",52.410548,4.673446,2017-12-18 17:44:26,2017-12-18 18:26:03,10,NA,NA,NA,5120.727654,1624.079592,FALSE,NA,NA,NA,NA,NA,NA,FALSE
"3190","A69-1602-3085",3190,"Noordzeekanaal","Spaarne gemaal","VR2W-102057",52.410548,4.673446,2017-12-19 05:48:53,2017-12-19 07:07:35,34,NA,NA,NA,5120.727654,1624.079592,FALSE,NA,NA,NA,NA,NA,NA,FALSE
"3191","A69-1602-3085",3191,"Noordzeekanaal","Spaarne gemaal","VR2W-102057",52.410548,4.673446,2017-12-19 09:11:33,2017-12-19 09:11:33,1,NA,NA,NA,5120.727654,1624.079592,FALSE,NA,NA,NA,NA,NA,NA,FALSE
"3192","A69-1602-3085",3192,"Noordzeekanaal","Spaarne gemaal","VR2W-102057",52.410548,4.673446,2017-12-19 10:35:44,2017-12-19 10:35:44,1,NA,NA,NA,5120.727654,1624.079592,FALSE,NA,NA,NA,NA,NA,NA,FALSE
"3193","A69-1602-3085",3193,"Noordzeekanaal","Spaarne gemaal","VR2W-102057",52.410548,4.673446,2017-12-19 11:48:53,2017-12-19 11:49:31,2,NA,NA,NA,5120.727654,1624.079592,FALSE,NA,NA,NA,NA,NA,NA,FALSE
"3194","A69-1602-3085",3194,"Noordzeekanaal","Spaarne gemaal","VR2W-102057",52.410548,4.673446,2017-12-19 12:55:47,2017-12-19 18:04:20,70,NA,NA,NA,5120.727654,1624.079592,FALSE,NA,NA,NA,NA,NA,NA,FALSE
"3195","A69-1602-3085",3195,"Noordzeekanaal","Spaarne gemaal","VR2W-102057",52.410548,4.673446,2017-12-19 19:25:46,2017-12-19 23:42:24,78,NA,NA,NA,5120.727654,1624.079592,FALSE,NA,NA,NA,NA,NA,NA,FALSE
"3196","A69-1602-3085",3196,"Noordzeekanaal","Spaarne gemaal","VR2W-102057",52.410548,4.673446,2017-12-20 01:02:29,2017-12-20 01:02:29,1,NA,NA,NA,5120.727654,1624.079592,FALSE,NA,NA,NA,NA,NA,NA,FALSE
"3197","A69-1602-3085",3197,"Noordzeekanaal","Spaarne gemaal","VR2W-102057",52.410548,4.673446,2017-12-20 03:50:27,2017-12-20 08:07:23,31,NA,NA,NA,5120.727654,1624.079592,FALSE,NA,NA,NA,NA,NA,NA,FALSE
"3198","A69-1602-3085",3198,"Noordzeekanaal","Spaarne gemaal","VR2W-102057",52.410548,4.673446,2017-12-20 12:42:33,2017-12-20 12:42:33,1,NA,NA,NA,5120.727654,1624.079592,FALSE,NA,NA,NA,NA,NA,NA,FALSE
"3199","A69-1602-3085",3199,"Noordzeekanaal","Spaarne gemaal","VR2W-102057",52.410548,4.673446,2017-12-20 14:42:58,2017-12-20 16:45:51,34,NA,NA,NA,5120.727654,1624.079592,FALSE,NA,NA,NA,NA,NA,NA,FALSE
"3200","A69-1602-3085",3200,"Noordzeekanaal","Spaarne gemaal","VR2W-102057",52.410548,4.673446,2017-12-20 17:59:21,2017-12-20 19:16:56,4,NA,NA,NA,5120.727654,1624.079592,FALSE,NA,NA,NA,NA,NA,NA,FALSE
"3201","A69-1602-3085",3201,"Noordzeekanaal","Spaarne gemaal","VR2W-102057",52.410548,4.673446,2017-12-20 23:21:38,2017-12-20 23:45:54,13,NA,NA,NA,5120.727654,1624.079592,FALSE,NA,NA,NA,NA,NA,NA,FALSE
"3202","A69-1602-3085",3202,"Noordzeekanaal","Spaarne gemaal","VR2W-102057",52.410548,4.673446,2017-12-21 00:59:33,2017-12-21 02:52:32,25,NA,NA,NA,5120.727654,1624.079592,FALSE,NA,NA,NA,NA,NA,NA,FALSE
"3203","A69-1602-3085",3203,"Noordzeekanaal","Spaarne gemaal","VR2W-102057",52.410548,4.673446,2017-12-21 04:42:41,2017-12-21 04:42:41,1,NA,NA,NA,5120.727654,1624.079592,FALSE,NA,NA,NA,NA,NA,NA,FALSE
"3204","A69-1602-3085",3204,"Noordzeekanaal","Spaarne gemaal","VR2W-102057",52.410548,4.673446,2017-12-21 06:01:49,2017-12-21 09:04:12,101,NA,NA,NA,5120.727654,1624.079592,FALSE,NA,NA,NA,NA,NA,NA,FALSE
"3205","A69-1602-3085",3205,"Noordzeekanaal","Spaarne gemaal","VR2W-102057",52.410548,4.673446,2017-12-21 10:18:02,2017-12-21 10:21:53,5,NA,NA,NA,5120.727654,1624.079592,FALSE,NA,NA,NA,NA,NA,NA,FALSE
"3206","A69-1602-3085",3206,"Noordzeekanaal","Spaarne gemaal","VR2W-102057",52.410548,4.673446,2017-12-21 11:56:00,2017-12-21 11:57:32,2,NA,NA,NA,5120.727654,1624.079592,FALSE,NA,NA,NA,NA,NA,NA,FALSE
"3207","A69-1602-3085",3207,"Noordzeekanaal","Spaarne gemaal","VR2W-102057",52.410548,4.673446,2017-12-21 13:26:01,2017-12-21 14:38:49,12,NA,NA,NA,5120.727654,1624.079592,FALSE,NA,NA,NA,NA,NA,NA,FALSE
"3208","A69-1602-3085",3208,"Noordzeekanaal","Spaarne gemaal","VR2W-102057",52.410548,4.673446,2017-12-21 15:52:39,2017-12-21 16:37:52,44,NA,NA,NA,5120.727654,1624.079592,FALSE,NA,NA,NA,NA,NA,NA,FALSE
"3209","A69-1602-3085",3209,"Noordzeekanaal","Spaarne gemaal","VR2W-102057",52.410548,4.673446,2017-12-21 18:32:04,2017-12-21 19:47:46,31,NA,NA,NA,5120.727654,1624.079592,FALSE,NA,NA,NA,NA,NA,NA,FALSE
"3210","A69-1602-3085",3210,"Noordzeekanaal","Spaarne gemaal","VR2W-102057",52.410548,4.673446,2017-12-21 23:04:45,2017-12-22 00:13:34,7,NA,NA,NA,5120.727654,1624.079592,FALSE,NA,NA,NA,NA,NA,NA,FALSE
"3211","A69-1602-3085",3211,"Noordzeekanaal","Spaarne gemaal","VR2W-102057",52.410548,4.673446,2017-12-22 02:21:12,2017-12-22 02:52:37,4,NA,NA,NA,5120.727654,1624.079592,FALSE,NA,NA,NA,NA,NA,NA,FALSE
"3212","A69-1602-3085",3212,"Noordzeekanaal","Spaarne gemaal","VR2W-102057",52.410548,4.673446,2017-12-22 08:03:28,2017-12-22 08:03:28,1,NA,NA,NA,5120.727654,1624.079592,FALSE,NA,NA,NA,NA,NA,NA,FALSE
"3213","A69-1602-3085",3213,"Noordzeekanaal","Spaarne gemaal","VR2W-102057",52.410548,4.673446,2017-12-22 10:53:15,2017-12-22 10:53:15,1,NA,NA,NA,5120.727654,1624.079592,FALSE,NA,NA,NA,NA,NA,NA,FALSE
"3214","A69-1602-3085",3214,"Noordzeekanaal","Spaarne gemaal","VR2W-102057",52.410548,4.673446,2017-12-22 12:00:57,2017-12-22 12:03:33,5,NA,NA,NA,5120.727654,1624.079592,FALSE,NA,NA,NA,NA,NA,NA,FALSE
"3215","A69-1602-3085",3215,"Noordzeekanaal","Spaarne gemaal","VR2W-102057",52.410548,4.673446,2017-12-22 16:27:18,2017-12-22 16:44:51,6,NA,NA,NA,5120.727654,1624.079592,FALSE,NA,NA,NA,NA,NA,NA,FALSE
"3216","A69-1602-3085",3216,"Noordzeekanaal","Spaarne gemaal","VR2W-102057",52.410548,4.673446,2017-12-22 17:54:44,2017-12-22 19:09:48,30,NA,NA,NA,5120.727654,1624.079592,FALSE,NA,NA,NA,NA,NA,NA,FALSE
"3217","A69-1602-3085",3217,"Noordzeekanaal","Spaarne gemaal","VR2W-102057",52.410548,4.673446,2017-12-22 21:06:40,2017-12-22 22:08:10,5,NA,NA,NA,5120.727654,1624.079592,FALSE,NA,NA,NA,NA,NA,NA,FALSE
"3218","A69-1602-3085",3218,"Noordzeekanaal","Spaarne gemaal","VR2W-102057",52.410548,4.673446,2017-12-23 14:01:41,2017-12-23 14:01:41,1,NA,NA,NA,5120.727654,1624.079592,FALSE,NA,NA,NA,NA,NA,NA,FALSE
"3219","A69-1602-3085",3219,"Noordzeekanaal","Spaarne gemaal","VR2W-102057",52.410548,4.673446,2017-12-23 16:51:26,2017-12-23 16:54:12,3,NA,NA,NA,5120.727654,1624.079592,FALSE,NA,NA,NA,NA,NA,NA,FALSE
"3220","A69-1602-3085",3220,"Noordzeekanaal","Spaarne gemaal","VR2W-102057",52.410548,4.673446,2017-12-24 07:22:58,2017-12-24 07:22:58,1,NA,NA,NA,5120.727654,1624.079592,FALSE,NA,NA,NA,NA,NA,NA,FALSE
"3221","A69-1602-3085",3221,"Noordzeekanaal","Spaarne gemaal","VR2W-102057",52.410548,4.673446,2017-12-27 11:49:24,2017-12-27 12:19:00,3,NA,NA,NA,5120.727654,1624.079592,FALSE,NA,NA,NA,NA,NA,NA,FALSE
"3222","A69-1602-3085",3222,"Noordzeekanaal","Spaarne gemaal","VR2W-102057",52.410548,4.673446,2017-12-27 14:34:31,2017-12-27 14:36:58,5,NA,NA,NA,5120.727654,1624.079592,FALSE,NA,NA,NA,NA,NA,NA,FALSE
"3223","A69-1602-3085",3223,"Noordzeekanaal","Spaarne gemaal","VR2W-102057",52.410548,4.673446,2017-12-27 19:01:02,2017-12-27 21:43:27,62,NA,NA,NA,5120.727654,1624.079592,FALSE,NA,NA,NA,NA,NA,NA,FALSE
"3224","A69-1602-3085",3224,"Noordzeekanaal","Spaarne gemaal","VR2W-102057",52.410548,4.673446,2017-12-28 03:41:13,2017-12-28 04:55:17,65,NA,NA,NA,5120.727654,1624.079592,FALSE,NA,NA,NA,NA,NA,NA,FALSE
"3225","A69-1602-3085",3225,"Noordzeekanaal","Spaarne gemaal","VR2W-102057",52.410548,4.673446,2017-12-28 22:07:34,2017-12-28 23:11:13,27,NA,NA,NA,5120.727654,1624.079592,FALSE,NA,NA,NA,NA,NA,NA,FALSE
"3226","A69-1602-3085",3226,"Noordzeekanaal","Spaarne gemaal","VR2W-102057",52.410548,4.673446,2017-12-29 00:19:46,2017-12-29 00:19:46,1,NA,NA,NA,5120.727654,1624.079592,FALSE,NA,NA,NA,NA,NA,NA,FALSE
"3227","A69-1602-3085",3227,"Noordzeekanaal","Spaarne gemaal","VR2W-102057",52.410548,4.673446,2017-12-29 03:15:25,2017-12-29 04:31:31,17,NA,NA,NA,5120.727654,1624.079592,FALSE,NA,NA,NA,NA,NA,NA,FALSE
"3228","A69-1602-3085",3228,"Noordzeekanaal","Spaarne gemaal","VR2W-102057",52.410548,4.673446,2017-12-29 05:44:20,2017-12-29 06:16:37,12,NA,NA,NA,5120.727654,1624.079592,FALSE,NA,NA,NA,NA,NA,NA,FALSE
"3229","A69-1602-3085",3229,"Noordzeekanaal","Spaarne gemaal","VR2W-102057",52.410548,4.673446,2017-12-29 08:27:10,2017-12-29 08:30:19,2,NA,NA,NA,5120.727654,1624.079592,FALSE,NA,NA,NA,NA,NA,NA,FALSE
"3230","A69-1602-3085",3230,"Noordzeekanaal","Spaarne gemaal","VR2W-102057",52.410548,4.673446,2017-12-30 03:53:54,2017-12-30 03:53:54,1,NA,NA,NA,5120.727654,1624.079592,FALSE,NA,NA,NA,NA,NA,NA,FALSE
"3231","A69-1602-3085",3231,"Noordzeekanaal","Spaarne gemaal","VR2W-102057",52.410548,4.673446,2018-01-01 12:49:03,2018-01-01 12:49:03,1,NA,NA,NA,5120.727654,1624.079592,FALSE,NA,NA,NA,NA,NA,NA,FALSE
"3232","A69-1602-3085",3232,"Noordzeekanaal","Spaarne gemaal","VR2W-102057",52.410548,4.673446,2018-01-01 14:19:24,2018-01-01 17:01:05,43,NA,NA,NA,5120.727654,1624.079592,FALSE,NA,NA,NA,NA,NA,NA,FALSE
"3233","A69-1602-3085",3233,"Noordzeekanaal","Spaarne gemaal","VR2W-102057",52.410548,4.673446,2018-01-01 18:03:08,2018-01-01 18:31:51,2,NA,NA,NA,5120.727654,1624.079592,FALSE,NA,NA,NA,NA,NA,NA,FALSE
"3234","A69-1602-3085",3234,"Noordzeekanaal","Spaarne gemaal","VR2W-102057",52.410548,4.673446,2018-01-01 21:35:54,2018-01-01 22:39:55,7,NA,NA,NA,5120.727654,1624.079592,FALSE,NA,NA,NA,NA,NA,NA,FALSE
"3235","A69-1602-3085",3235,"Noordzeekanaal","Spaarne gemaal","VR2W-102057",52.410548,4.673446,2018-01-02 00:06:30,2018-01-02 00:29:22,3,NA,NA,NA,5120.727654,1624.079592,FALSE,NA,NA,NA,NA,NA,NA,FALSE
"3236","A69-1602-3085",3236,"Noordzeekanaal","Spaarne gemaal","VR2W-102057",52.410548,4.673446,2018-01-02 03:04:09,2018-01-02 03:04:09,1,NA,NA,NA,5120.727654,1624.079592,FALSE,NA,NA,NA,NA,NA,NA,FALSE
"3237","A69-1602-3085",3237,"Noordzeekanaal","Spaarne gemaal","VR2W-102057",52.410548,4.673446,2018-01-04 10:39:53,2018-01-04 11:29:24,4,NA,NA,NA,5120.727654,1624.079592,FALSE,NA,NA,NA,NA,NA,NA,FALSE
"3238","A69-1602-3085",3238,"Noordzeekanaal","Spaarne gemaal","VR2W-102057",52.410548,4.673446,2018-01-05 12:02:55,2018-01-05 12:02:55,1,NA,NA,NA,5120.727654,1624.079592,FALSE,NA,NA,NA,NA,NA,NA,FALSE
"3239","A69-1602-3085",3239,"Noordzeekanaal","Spaarne gemaal","VR2W-102057",52.410548,4.673446,2018-01-05 17:45:47,2018-01-05 19:19:53,12,NA,NA,NA,5120.727654,1624.079592,FALSE,NA,NA,NA,NA,NA,NA,FALSE
"3240","A69-1602-3085",3240,"Noordzeekanaal","Spaarne gemaal","VR2W-102057",52.410548,4.673446,2018-01-05 22:05:05,2018-01-05 23:51:30,44,NA,NA,NA,5120.727654,1624.079592,FALSE,NA,NA,NA,NA,NA,NA,FALSE
"3241","A69-1602-3085",3241,"Noordzeekanaal","Spaarne gemaal","VR2W-102057",52.410548,4.673446,2018-01-06 02:24:35,2018-01-06 02:58:36,11,NA,NA,NA,5120.727654,1624.079592,FALSE,NA,NA,NA,NA,NA,NA,FALSE
"3242","A69-1602-3085",3242,"Noordzeekanaal","Spaarne gemaal","VR2W-102057",52.410548,4.673446,2018-01-06 04:14:17,2018-01-06 05:10:06,9,NA,NA,NA,5120.727654,1624.079592,FALSE,NA,NA,NA,NA,NA,NA,FALSE
"3243","A69-1602-3085",3243,"Noordzeekanaal","Spaarne gemaal","VR2W-102057",52.410548,4.673446,2018-01-06 07:07:21,2018-01-06 07:20:36,7,NA,NA,NA,5120.727654,1624.079592,FALSE,NA,NA,NA,NA,NA,NA,FALSE
"3244","A69-1602-3085",3244,"Noordzeekanaal","Spaarne gemaal","VR2W-102057",52.410548,4.673446,2018-01-06 14:36:42,2018-01-06 14:39:15,3,NA,NA,NA,5120.727654,1624.079592,FALSE,NA,NA,NA,NA,NA,NA,FALSE
"3245","A69-1602-3085",3245,"Noordzeekanaal","Spaarne gemaal","VR2W-102057",52.410548,4.673446,2018-01-06 16:19:26,2018-01-06 17:44:30,4,NA,NA,NA,5120.727654,1624.079592,FALSE,NA,NA,NA,NA,NA,NA,FALSE
"3246","A69-1602-3085",3246,"Noordzeekanaal","Spaarne gemaal","VR2W-102057",52.410548,4.673446,2018-01-06 21:33:45,2018-01-06 22:45:51,7,NA,NA,NA,5120.727654,1624.079592,FALSE,NA,NA,NA,NA,NA,NA,FALSE
"3247","A69-1602-3085",3247,"Noordzeekanaal","Spaarne gemaal","VR2W-102057",52.410548,4.673446,2018-01-07 00:36:49,2018-01-07 00:38:15,2,NA,NA,NA,5120.727654,1624.079592,FALSE,NA,NA,NA,NA,NA,NA,FALSE
"3248","A69-1602-3085",3248,"Noordzeekanaal","Spaarne gemaal","VR2W-102057",52.410548,4.673446,2018-01-07 05:53:07,2018-01-07 05:57:10,4,NA,NA,NA,5120.727654,1624.079592,FALSE,NA,NA,NA,NA,NA,NA,FALSE
"3249","A69-1602-3085",3249,"Noordzeekanaal","Spaarne gemaal","VR2W-102057",52.410548,4.673446,2018-01-09 02:47:02,2018-01-09 04:26:58,40,NA,NA,NA,5120.727654,1624.079592,FALSE,NA,NA,NA,NA,NA,NA,FALSE
"3250","A69-1602-3085",3250,"Noordzeekanaal","Spaarne gemaal","VR2W-102057",52.410548,4.673446,2018-01-09 07:01:56,2018-01-09 09:59:55,41,NA,NA,NA,5120.727654,1624.079592,FALSE,NA,NA,NA,NA,NA,NA,FALSE
"3251","A69-1602-3085",3251,"Noordzeekanaal","Spaarne gemaal","VR2W-102057",52.410548,4.673446,2018-01-09 11:55:07,2018-01-09 18:01:24,132,NA,NA,NA,5120.727654,1624.079592,FALSE,NA,NA,NA,NA,NA,NA,FALSE
"3252","A69-1602-3085",3252,"Noordzeekanaal","Spaarne gemaal","VR2W-102057",52.410548,4.673446,2018-01-09 20:47:03,2018-01-09 20:49:36,4,NA,NA,NA,5120.727654,1624.079592,FALSE,NA,NA,NA,NA,NA,NA,FALSE
"3253","A69-1602-3085",3253,"Noordzeekanaal","Spaarne gemaal","VR2W-102057",52.410548,4.673446,2018-01-09 22:09:53,2018-01-10 01:46:31,62,NA,NA,NA,5120.727654,1624.079592,FALSE,NA,NA,NA,NA,NA,NA,FALSE
"3254","A69-1602-3085",3254,"Noordzeekanaal","Spaarne gemaal","VR2W-102057",52.410548,4.673446,2018-01-10 02:54:08,2018-01-10 06:07:08,28,NA,NA,NA,5120.727654,1624.079592,FALSE,NA,NA,NA,NA,NA,NA,FALSE
"3255","A69-1602-3085",3255,"Noordzeekanaal","Spaarne gemaal","VR2W-102057",52.410548,4.673446,2018-01-10 08:19:34,2018-01-10 08:19:34,1,NA,NA,NA,5120.727654,1624.079592,FALSE,NA,NA,NA,NA,NA,NA,FALSE
"3256","A69-1602-3085",3256,"Noordzeekanaal","Spaarne gemaal","VR2W-102057",52.410548,4.673446,2018-01-10 16:32:08,2018-01-10 16:38:45,4,NA,NA,NA,5120.727654,1624.079592,FALSE,NA,NA,NA,NA,NA,NA,FALSE
"3257","A69-1602-3085",3257,"Noordzeekanaal","Spaarne gemaal","VR2W-102057",52.410548,4.673446,2018-01-10 18:09:44,2018-01-10 18:09:44,1,NA,NA,NA,5120.727654,1624.079592,FALSE,NA,NA,NA,NA,NA,NA,FALSE
"3258","A69-1602-3085",3258,"Noordzeekanaal","Spaarne gemaal","VR2W-102057",52.410548,4.673446,2018-01-10 20:47:33,2018-01-10 21:44:59,3,NA,NA,NA,5120.727654,1624.079592,FALSE,NA,NA,NA,NA,NA,NA,FALSE
"3259","A69-1602-3085",3259,"Noordzeekanaal","Spaarne gemaal","VR2W-102057",52.410548,4.673446,2018-01-10 22:52:17,2018-01-10 23:22:22,23,NA,NA,NA,5120.727654,1624.079592,FALSE,NA,NA,NA,NA,NA,NA,FALSE
"3260","A69-1602-3085",3260,"Noordzeekanaal","Spaarne gemaal","VR2W-102057",52.410548,4.673446,2018-01-11 07:53:12,2018-01-11 07:53:12,1,NA,NA,NA,5120.727654,1624.079592,FALSE,NA,NA,NA,NA,NA,NA,FALSE
"3261","A69-1602-3085",3261,"Noordzeekanaal","Spaarne gemaal","VR2W-102057",52.410548,4.673446,2018-01-12 02:00:00,2018-01-12 04:53:43,57,NA,NA,NA,5120.727654,1624.079592,FALSE,NA,NA,NA,NA,NA,NA,FALSE
"3262","A69-1602-3085",3262,"Noordzeekanaal","Spaarne gemaal","VR2W-102057",52.410548,4.673446,2018-01-12 08:28:32,2018-01-12 08:50:33,4,NA,NA,NA,5120.727654,1624.079592,FALSE,NA,NA,NA,NA,NA,NA,FALSE
"3263","A69-1602-3085",3263,"Noordzeekanaal","Spaarne gemaal","VR2W-102057",52.410548,4.673446,2018-01-12 22:25:03,2018-01-12 23:15:42,16,NA,NA,NA,5120.727654,1624.079592,FALSE,NA,NA,NA,NA,NA,NA,FALSE
"3264","A69-1602-3085",3264,"Noordzeekanaal","Spaarne gemaal","VR2W-102057",52.410548,4.673446,2018-01-13 01:52:09,2018-01-13 04:37:24,42,NA,NA,NA,5120.727654,1624.079592,FALSE,NA,NA,NA,NA,NA,NA,FALSE
"3265","A69-1602-3085",3265,"Noordzeekanaal","Spaarne gemaal","VR2W-102057",52.410548,4.673446,2018-01-13 06:05:58,2018-01-13 06:21:54,11,NA,NA,NA,5120.727654,1624.079592,FALSE,NA,NA,NA,NA,NA,NA,FALSE
"3266","A69-1602-3085",3266,"Noordzeekanaal","Spaarne gemaal","VR2W-102057",52.410548,4.673446,2018-01-13 09:01:46,2018-01-13 09:10:22,7,NA,NA,NA,5120.727654,1624.079592,FALSE,NA,NA,NA,NA,NA,NA,FALSE
"3267","A69-1602-3085",3267,"Noordzeekanaal","Spaarne gemaal","VR2W-102057",52.410548,4.673446,2018-01-13 10:13:56,2018-01-13 11:03:48,6,NA,NA,NA,5120.727654,1624.079592,FALSE,NA,NA,NA,NA,NA,NA,FALSE
"3268","A69-1602-3085",3268,"Noordzeekanaal","Spaarne gemaal","VR2W-102057",52.410548,4.673446,2018-01-13 13:23:08,2018-01-13 13:23:59,2,NA,NA,NA,5120.727654,1624.079592,FALSE,NA,NA,NA,NA,NA,NA,FALSE
"3269","A69-1602-3085",3269,"Noordzeekanaal","Spaarne gemaal","VR2W-102057",52.410548,4.673446,2018-01-13 15:27:37,2018-01-13 15:27:37,1,NA,NA,NA,5120.727654,1624.079592,FALSE,NA,NA,NA,NA,NA,NA,FALSE
"3270","A69-1602-3085",3270,"Noordzeekanaal","Spaarne gemaal","VR2W-102057",52.410548,4.673446,2018-01-13 17:55:14,2018-01-13 18:12:54,3,NA,NA,NA,5120.727654,1624.079592,FALSE,NA,NA,NA,NA,NA,NA,FALSE
"3271","A69-1602-3085",3271,"Noordzeekanaal","Spaarne gemaal","VR2W-102057",52.410548,4.673446,2018-01-13 23:02:50,2018-01-13 23:15:56,16,NA,NA,NA,5120.727654,1624.079592,FALSE,NA,NA,NA,NA,NA,NA,FALSE
"3272","A69-1602-3085",3272,"Noordzeekanaal","Spaarne gemaal","VR2W-102057",52.410548,4.673446,2018-01-14 03:48:56,2018-01-14 03:49:46,2,NA,NA,NA,5120.727654,1624.079592,FALSE,NA,NA,NA,NA,NA,NA,FALSE
"3273","A69-1602-3085",3273,"Noordzeekanaal","Spaarne gemaal","VR2W-102057",52.410548,4.673446,2018-01-14 05:16:14,2018-01-14 05:16:14,1,NA,NA,NA,5120.727654,1624.079592,FALSE,NA,NA,NA,NA,NA,NA,FALSE
"3274","A69-1602-3085",3274,"Noordzeekanaal","Spaarne gemaal","VR2W-102057",52.410548,4.673446,2018-01-14 07:33:46,2018-01-14 07:41:30,3,NA,NA,NA,5120.727654,1624.079592,FALSE,NA,NA,NA,NA,NA,NA,FALSE
"3275","A69-1602-3085",3275,"Noordzeekanaal","Spaarne gemaal","VR2W-102057",52.410548,4.673446,2018-01-14 09:19:15,2018-01-14 09:19:15,1,NA,NA,NA,5120.727654,1624.079592,FALSE,NA,NA,NA,NA,NA,NA,FALSE
"3276","A69-1602-3085",3276,"Noordzeekanaal","Spaarne gemaal","VR2W-102057",52.410548,4.673446,2018-01-14 15:33:17,2018-01-14 16:10:47,6,NA,NA,NA,5120.727654,1624.079592,FALSE,NA,NA,NA,NA,NA,NA,FALSE
"3277","A69-1602-3085",3277,"Noordzeekanaal","Spaarne gemaal","VR2W-102057",52.410548,4.673446,2018-01-14 17:10:53,2018-01-14 19:30:41,76,NA,NA,NA,5120.727654,1624.079592,FALSE,NA,NA,NA,NA,NA,NA,FALSE
"3278","A69-1602-3085",3278,"Noordzeekanaal","Spaarne gemaal","VR2W-102057",52.410548,4.673446,2018-01-15 04:23:48,2018-01-15 04:23:48,1,NA,NA,NA,5120.727654,1624.079592,FALSE,NA,NA,NA,NA,NA,NA,FALSE
"3279","A69-1602-3085",3279,"Noordzeekanaal","Spaarne gemaal","VR2W-102057",52.410548,4.673446,2018-01-15 18:29:20,2018-01-15 18:29:20,1,NA,NA,NA,5120.727654,1624.079592,FALSE,NA,NA,NA,NA,NA,NA,FALSE
"3280","A69-1602-3085",3280,"Noordzeekanaal","Spaarne gemaal","VR2W-102057",52.410548,4.673446,2018-01-15 20:42:19,2018-01-15 22:50:44,9,NA,NA,NA,5120.727654,1624.079592,FALSE,NA,NA,NA,NA,NA,NA,FALSE
"3281","A69-1602-3085",3281,"Noordzeekanaal","Spaarne gemaal","VR2W-102057",52.410548,4.673446,2018-01-18 22:17:43,2018-01-18 22:38:41,10,NA,NA,NA,5120.727654,1624.079592,FALSE,NA,NA,NA,NA,NA,NA,FALSE
"3282","A69-1602-3085",3282,"Noordzeekanaal","Spaarne gemaal","VR2W-102057",52.410548,4.673446,2018-01-19 00:01:21,2018-01-19 01:19:51,16,NA,NA,NA,5120.727654,1624.079592,FALSE,NA,NA,NA,NA,NA,NA,FALSE
"3283","A69-1602-3085",3283,"Noordzeekanaal","Spaarne gemaal","VR2W-102057",52.410548,4.673446,2018-01-19 05:41:56,2018-01-19 05:53:12,8,NA,NA,NA,5120.727654,1624.079592,FALSE,NA,NA,NA,NA,NA,NA,FALSE
"3284","A69-1602-3085",3284,"Noordzeekanaal","Spaarne gemaal","VR2W-102057",52.410548,4.673446,2018-01-20 06:23:44,2018-01-20 06:23:44,1,NA,NA,NA,5120.727654,1624.079592,FALSE,NA,NA,NA,NA,NA,NA,FALSE
"3285","A69-1602-3085",3285,"Noordzeekanaal","Spaarne gemaal","VR2W-102057",52.410548,4.673446,2018-01-20 09:31:46,2018-01-20 09:42:14,2,NA,NA,NA,5120.727654,1624.079592,FALSE,NA,NA,NA,NA,NA,NA,FALSE
"3286","A69-1602-3085",3286,"Noordzeekanaal","Spaarne gemaal","VR2W-102057",52.410548,4.673446,2018-01-20 11:43:52,2018-01-20 13:03:08,7,NA,NA,NA,5120.727654,1624.079592,FALSE,NA,NA,NA,NA,NA,NA,FALSE
"3287","A69-1602-3085",3287,"Noordzeekanaal","Spaarne gemaal","VR2W-102057",52.410548,4.673446,2018-01-20 14:19:49,2018-01-20 16:25:57,42,NA,NA,NA,5120.727654,1624.079592,FALSE,NA,NA,NA,NA,NA,NA,FALSE
"3288","A69-1602-3085",3288,"Noordzeekanaal","Spaarne gemaal","VR2W-102057",52.410548,4.673446,2018-01-21 00:29:55,2018-01-21 00:41:51,5,NA,NA,NA,5120.727654,1624.079592,FALSE,NA,NA,NA,NA,NA,NA,FALSE
"3289","A69-1602-3085",3289,"Noordzeekanaal","Spaarne gemaal","VR2W-102057",52.410548,4.673446,2018-01-21 02:08:46,2018-01-21 09:11:35,105,NA,NA,NA,5120.727654,1624.079592,FALSE,NA,NA,NA,NA,NA,NA,FALSE
"3290","A69-1602-3085",3290,"Noordzeekanaal","Spaarne gemaal","VR2W-102057",52.410548,4.673446,2018-01-21 11:00:33,2018-01-21 11:00:33,1,NA,NA,NA,5120.727654,1624.079592,FALSE,NA,NA,NA,NA,NA,NA,FALSE
"3291","A69-1602-3085",3291,"Noordzeekanaal","Spaarne gemaal","VR2W-102057",52.410548,4.673446,2018-01-22 05:04:48,2018-01-22 05:27:48,12,NA,NA,NA,5120.727654,1624.079592,FALSE,NA,NA,NA,NA,NA,NA,FALSE
"3292","A69-1602-3085",3292,"Noordzeekanaal","Spaarne gemaal","VR2W-102057",52.410548,4.673446,2018-01-22 21:06:18,2018-01-22 22:31:36,26,NA,NA,NA,5120.727654,1624.079592,FALSE,NA,NA,NA,NA,NA,NA,FALSE
"3293","A69-1602-3085",3293,"Noordzeekanaal","Spaarne gemaal","VR2W-102057",52.410548,4.673446,2018-01-23 03:44:17,2018-01-23 04:21:02,15,NA,NA,NA,5120.727654,1624.079592,FALSE,NA,NA,NA,NA,NA,NA,FALSE
"3294","A69-1602-3085",3294,"Noordzeekanaal","Spaarne gemaal","VR2W-102057",52.410548,4.673446,2018-01-25 14:08:53,2018-01-25 14:08:53,1,NA,NA,NA,5120.727654,1624.079592,FALSE,NA,NA,NA,NA,NA,NA,FALSE
"3295","A69-1602-3085",3295,"Noordzeekanaal","Spaarne gemaal","VR2W-102057",52.410548,4.673446,2018-01-26 03:09:59,2018-01-26 03:16:55,2,NA,NA,NA,5120.727654,1624.079592,FALSE,NA,NA,NA,NA,NA,NA,FALSE
"3296","A69-1602-3085",3296,"Noordzeekanaal","Spaarne gemaal","VR2W-102057",52.410548,4.673446,2018-01-26 07:42:29,2018-01-26 08:01:26,7,NA,NA,NA,5120.727654,1624.079592,FALSE,NA,NA,NA,NA,NA,NA,FALSE
"3297","A69-1602-3085",3297,"Noordzeekanaal","Spaarne gemaal","VR2W-102057",52.410548,4.673446,2018-01-26 11:25:12,2018-01-26 11:35:03,8,NA,NA,NA,5120.727654,1624.079592,FALSE,NA,NA,NA,NA,NA,NA,FALSE
"3298","A69-1602-3085",3298,"Noordzeekanaal","Spaarne gemaal","VR2W-102057",52.410548,4.673446,2018-01-26 17:10:00,2018-01-26 17:10:41,2,NA,NA,NA,5120.727654,1624.079592,FALSE,NA,NA,NA,NA,NA,NA,FALSE
"3299","A69-1602-3085",3299,"Noordzeekanaal","Spaarne gemaal","VR2W-102057",52.410548,4.673446,2018-01-26 22:59:23,2018-01-26 22:59:23,1,NA,NA,NA,5120.727654,1624.079592,FALSE,NA,NA,NA,NA,NA,NA,FALSE
"3300","A69-1602-3085",3300,"Noordzeekanaal","Spaarne gemaal","VR2W-102057",52.410548,4.673446,2018-01-27 00:55:17,2018-01-27 00:55:17,1,NA,NA,NA,5120.727654,1624.079592,FALSE,NA,NA,NA,NA,NA,NA,FALSE
"3301","A69-1602-3085",3301,"Noordzeekanaal","Spaarne gemaal","VR2W-102057",52.410548,4.673446,2018-01-28 07:09:56,2018-01-28 08:34:55,14,NA,NA,NA,5120.727654,1624.079592,FALSE,NA,NA,NA,NA,NA,NA,FALSE
"3302","A69-1602-3085",3302,"Noordzeekanaal","Spaarne gemaal","VR2W-102057",52.410548,4.673446,2018-01-29 20:44:16,2018-01-29 20:57:09,3,NA,NA,NA,5120.727654,1624.079592,FALSE,NA,NA,NA,NA,NA,NA,FALSE
"3303","A69-1602-3085",3303,"Noordzeekanaal","Spaarne gemaal","VR2W-102057",52.410548,4.673446,2018-01-30 01:25:13,2018-01-30 08:42:17,139,NA,NA,NA,5120.727654,1624.079592,FALSE,NA,NA,NA,NA,NA,NA,FALSE
"3304","A69-1602-3085",3304,"Noordzeekanaal","Spaarne gemaal","VR2W-102057",52.410548,4.673446,2018-01-30 10:38:27,2018-01-30 10:38:27,1,NA,NA,NA,5120.727654,1624.079592,FALSE,NA,NA,NA,NA,NA,NA,FALSE
"3305","A69-1602-3085",3305,"Noordzeekanaal","Spaarne gemaal","VR2W-102057",52.410548,4.673446,2018-01-30 13:19:03,2018-01-30 13:36:35,14,NA,NA,NA,5120.727654,1624.079592,FALSE,NA,NA,NA,NA,NA,NA,FALSE
"3306","A69-1602-3085",3306,"Noordzeekanaal","Spaarne gemaal","VR2W-102057",52.410548,4.673446,2018-01-30 17:32:41,2018-01-30 17:37:35,3,NA,NA,NA,5120.727654,1624.079592,FALSE,NA,NA,NA,NA,NA,NA,FALSE
"3307","A69-1602-3085",3307,"Noordzeekanaal","Spaarne gemaal","VR2W-102057",52.410548,4.673446,2018-01-30 19:30:25,2018-01-30 20:16:07,16,NA,NA,NA,5120.727654,1624.079592,FALSE,NA,NA,NA,NA,NA,NA,FALSE
"3308","A69-1602-3085",3308,"Noordzeekanaal","Spaarne gemaal","VR2W-102057",52.410548,4.673446,2018-01-30 21:16:37,2018-01-30 21:16:37,1,NA,NA,NA,5120.727654,1624.079592,FALSE,NA,NA,NA,NA,NA,NA,FALSE
"3309","A69-1602-3085",3309,"Noordzeekanaal","Spaarne gemaal","VR2W-102057",52.410548,4.673446,2018-01-30 22:42:30,2018-01-30 23:30:14,34,NA,NA,NA,5120.727654,1624.079592,FALSE,NA,NA,NA,NA,NA,NA,FALSE
"3310","A69-1602-3085",3310,"Noordzeekanaal","Spaarne gemaal","VR2W-102057",52.410548,4.673446,2018-01-31 01:04:04,2018-01-31 01:04:04,1,NA,NA,NA,5120.727654,1624.079592,FALSE,NA,NA,NA,NA,NA,NA,FALSE
"3311","A69-1602-3085",3311,"Noordzeekanaal","Spaarne gemaal","VR2W-102057",52.410548,4.673446,2018-01-31 13:56:46,2018-01-31 13:56:46,1,NA,NA,NA,5120.727654,1624.079592,FALSE,NA,NA,NA,NA,NA,NA,FALSE
"3312","A69-1602-3085",3312,"Noordzeekanaal","Spaarne gemaal","VR2W-102057",52.410548,4.673446,2018-01-31 19:29:56,2018-01-31 20:29:58,16,NA,NA,NA,5120.727654,1624.079592,FALSE,NA,NA,NA,NA,NA,NA,FALSE
"3313","A69-1602-3085",3313,"Noordzeekanaal","Spaarne gemaal","VR2W-102057",52.410548,4.673446,2018-02-01 06:00:15,2018-02-01 06:25:20,3,NA,NA,NA,5120.727654,1624.079592,FALSE,NA,NA,NA,NA,NA,NA,FALSE
"3314","A69-1602-3085",3314,"Noordzeekanaal","Spaarne gemaal","VR2W-102057",52.410548,4.673446,2018-02-01 07:38:31,2018-02-01 08:02:19,2,NA,NA,NA,5120.727654,1624.079592,FALSE,NA,NA,NA,NA,NA,NA,FALSE
"3315","A69-1602-3085",3315,"Noordzeekanaal","Spaarne gemaal","VR2W-102057",52.410548,4.673446,2018-02-01 11:18:27,2018-02-01 11:18:27,1,NA,NA,NA,5120.727654,1624.079592,FALSE,NA,NA,NA,NA,NA,NA,FALSE
"3316","A69-1602-3085",3316,"Noordzeekanaal","Spaarne gemaal","VR2W-102057",52.410548,4.673446,2018-02-01 17:41:04,2018-02-01 17:41:04,1,NA,NA,NA,5120.727654,1624.079592,FALSE,NA,NA,NA,NA,NA,NA,FALSE
"3317","A69-1602-3085",3317,"Noordzeekanaal","Spaarne gemaal","VR2W-102057",52.410548,4.673446,2018-02-01 19:40:03,2018-02-01 19:40:03,1,NA,NA,NA,5120.727654,1624.079592,FALSE,NA,NA,NA,NA,NA,NA,FALSE
"3318","A69-1602-3085",3318,"Noordzeekanaal","Spaarne gemaal","VR2W-102057",52.410548,4.673446,2018-02-01 22:29:33,2018-02-01 22:29:33,1,NA,NA,NA,5120.727654,1624.079592,FALSE,NA,NA,NA,NA,NA,NA,FALSE
"3319","A69-1602-3085",3319,"Noordzeekanaal","Spaarne gemaal","VR2W-102057",52.410548,4.673446,2018-02-02 00:33:38,2018-02-02 01:04:01,6,NA,NA,NA,5120.727654,1624.079592,FALSE,NA,NA,NA,NA,NA,NA,FALSE
"3320","A69-1602-3085",3320,"Noordzeekanaal","Spaarne gemaal","VR2W-102057",52.410548,4.673446,2018-02-02 03:52:51,2018-02-02 04:40:30,21,NA,NA,NA,5120.727654,1624.079592,FALSE,NA,NA,NA,NA,NA,NA,FALSE
"3321","A69-1602-3085",3321,"Noordzeekanaal","Spaarne gemaal","VR2W-102057",52.410548,4.673446,2018-02-02 05:41:47,2018-02-02 08:56:48,36,NA,NA,NA,5120.727654,1624.079592,FALSE,NA,NA,NA,NA,NA,NA,FALSE
"3322","A69-1602-3085",3322,"Noordzeekanaal","Spaarne gemaal","VR2W-102057",52.410548,4.673446,2018-02-02 10:29:39,2018-02-02 10:30:21,2,NA,NA,NA,5120.727654,1624.079592,FALSE,NA,NA,NA,NA,NA,NA,FALSE
"3323","A69-1602-3085",3323,"Noordzeekanaal","Spaarne gemaal","VR2W-102057",52.410548,4.673446,2018-02-02 11:56:33,2018-02-02 12:03:13,7,NA,NA,NA,5120.727654,1624.079592,FALSE,NA,NA,NA,NA,NA,NA,FALSE
"3324","A69-1602-3085",3324,"Noordzeekanaal","Spaarne gemaal","VR2W-102057",52.410548,4.673446,2018-02-02 14:44:19,2018-02-02 14:45:02,2,NA,NA,NA,5120.727654,1624.079592,FALSE,NA,NA,NA,NA,NA,NA,FALSE
"3325","A69-1602-3085",3325,"Noordzeekanaal","Spaarne gemaal","VR2W-102057",52.410548,4.673446,2018-02-02 16:17:42,2018-02-02 16:17:42,1,NA,NA,NA,5120.727654,1624.079592,FALSE,NA,NA,NA,NA,NA,NA,FALSE
"3326","A69-1602-3085",3326,"Noordzeekanaal","Spaarne gemaal","VR2W-102057",52.410548,4.673446,2018-02-02 17:33:50,2018-02-02 17:50:25,18,NA,NA,NA,5120.727654,1624.079592,FALSE,NA,NA,NA,NA,NA,NA,FALSE
"3327","A69-1602-3085",3327,"Noordzeekanaal","Spaarne gemaal","VR2W-102057",52.410548,4.673446,2018-02-02 19:09:56,2018-02-03 08:01:34,273,NA,NA,NA,5120.727654,1624.079592,FALSE,NA,NA,NA,NA,NA,NA,FALSE
"3328","A69-1602-3085",3328,"Noordzeekanaal","Spaarne gemaal","VR2W-102057",52.410548,4.673446,2018-02-03 10:01:33,2018-02-03 12:25:18,40,NA,NA,NA,5120.727654,1624.079592,FALSE,NA,NA,NA,NA,NA,NA,FALSE
"3329","A69-1602-3085",3329,"Noordzeekanaal","Spaarne gemaal","VR2W-102057",52.410548,4.673446,2018-02-03 13:40:53,2018-02-03 13:42:20,3,NA,NA,NA,5120.727654,1624.079592,FALSE,NA,NA,NA,NA,NA,NA,FALSE
"3330","A69-1602-3085",3330,"Noordzeekanaal","Spaarne gemaal","VR2W-102057",52.410548,4.673446,2018-02-03 15:21:55,2018-02-03 15:49:12,3,NA,NA,NA,5120.727654,1624.079592,FALSE,NA,NA,NA,NA,NA,NA,FALSE
"3331","A69-1602-3085",3331,"Noordzeekanaal","Spaarne gemaal","VR2W-102057",52.410548,4.673446,2018-02-03 20:16:24,2018-02-03 20:17:50,2,NA,NA,NA,5120.727654,1624.079592,FALSE,NA,NA,NA,NA,NA,NA,FALSE
"3332","A69-1602-3085",3332,"Noordzeekanaal","Spaarne gemaal","VR2W-102057",52.410548,4.673446,2018-02-03 21:38:03,2018-02-03 21:38:03,1,NA,NA,NA,5120.727654,1624.079592,FALSE,NA,NA,NA,NA,NA,NA,FALSE
"3333","A69-1602-3085",3333,"Noordzeekanaal","Spaarne gemaal","VR2W-102057",52.410548,4.673446,2018-02-04 01:31:45,2018-02-04 04:59:05,85,NA,NA,NA,5120.727654,1624.079592,FALSE,NA,NA,NA,NA,NA,NA,FALSE
"3334","A69-1602-3085",3334,"Noordzeekanaal","Spaarne gemaal","VR2W-102057",52.410548,4.673446,2018-02-04 07:30:34,2018-02-04 09:10:20,14,NA,NA,NA,5120.727654,1624.079592,FALSE,NA,NA,NA,NA,NA,NA,FALSE
"3335","A69-1602-3085",3335,"Noordzeekanaal","Spaarne gemaal","VR2W-102057",52.410548,4.673446,2018-02-04 18:00:53,2018-02-04 18:00:53,1,NA,NA,NA,5120.727654,1624.079592,FALSE,NA,NA,NA,NA,NA,NA,FALSE
"3336","A69-1602-3085",3336,"Noordzeekanaal","Spaarne gemaal","VR2W-102057",52.410548,4.673446,2018-02-05 18:39:35,2018-02-05 18:39:35,1,NA,NA,NA,5120.727654,1624.079592,FALSE,NA,NA,NA,NA,NA,NA,FALSE
"3337","A69-1602-3085",3337,"Noordzeekanaal","Spaarne gemaal","VR2W-102057",52.410548,4.673446,2018-02-06 02:52:43,2018-02-06 03:46:44,5,NA,NA,NA,5120.727654,1624.079592,FALSE,NA,NA,NA,NA,NA,NA,FALSE
"3338","A69-1602-3085",3338,"Noordzeekanaal","Spaarne gemaal","VR2W-102057",52.410548,4.673446,2018-02-06 15:51:02,2018-02-06 15:51:02,1,NA,NA,NA,5120.727654,1624.079592,FALSE,NA,NA,NA,NA,NA,NA,FALSE
"3339","A69-1602-3085",3339,"Noordzeekanaal","Spaarne gemaal","VR2W-102057",52.410548,4.673446,2018-02-06 17:18:35,2018-02-06 17:28:00,11,NA,NA,NA,5120.727654,1624.079592,FALSE,NA,NA,NA,NA,NA,NA,FALSE
"3340","A69-1602-3085",3340,"Noordzeekanaal","Spaarne gemaal","VR2W-102057",52.410548,4.673446,2018-02-06 19:03:09,2018-02-08 00:07:13,643,NA,NA,NA,5120.727654,1624.079592,FALSE,NA,NA,NA,NA,NA,NA,FALSE
"3341","A69-1602-3085",3341,"Noordzeekanaal","Spaarne gemaal","VR2W-102057",52.410548,4.673446,2018-02-08 01:30:46,2018-02-08 02:54:24,8,NA,NA,NA,5120.727654,1624.079592,FALSE,NA,NA,NA,NA,NA,NA,FALSE
"3342","A69-1602-3085",3342,"Noordzeekanaal","Spaarne gemaal","VR2W-102057",52.410548,4.673446,2018-02-08 04:47:03,2018-02-08 04:52:11,5,NA,NA,NA,5120.727654,1624.079592,FALSE,NA,NA,NA,NA,NA,NA,FALSE
"3343","A69-1602-3085",3343,"Noordzeekanaal","Spaarne gemaal","VR2W-102057",52.410548,4.673446,2018-02-08 06:29:41,2018-02-08 11:11:34,61,NA,NA,NA,5120.727654,1624.079592,FALSE,NA,NA,NA,NA,NA,NA,FALSE
"3344","A69-1602-3085",3344,"Noordzeekanaal","Spaarne gemaal","VR2W-102057",52.410548,4.673446,2018-02-08 12:43:20,2018-02-08 12:59:53,2,NA,NA,NA,5120.727654,1624.079592,FALSE,NA,NA,NA,NA,NA,NA,FALSE
"3345","A69-1602-3085",3345,"Noordzeekanaal","Spaarne gemaal","VR2W-102057",52.410548,4.673446,2018-02-08 14:06:44,2018-02-08 14:17:43,7,NA,NA,NA,5120.727654,1624.079592,FALSE,NA,NA,NA,NA,NA,NA,FALSE
"3346","A69-1602-3085",3346,"Noordzeekanaal","Spaarne gemaal","VR2W-102057",52.410548,4.673446,2018-02-08 16:55:08,2018-02-08 17:14:21,16,NA,NA,NA,5120.727654,1624.079592,FALSE,NA,NA,NA,NA,NA,NA,FALSE
"3347","A69-1602-3085",3347,"Noordzeekanaal","Spaarne gemaal","VR2W-102057",52.410548,4.673446,2018-02-08 22:02:25,2018-02-08 22:17:48,10,NA,NA,NA,5120.727654,1624.079592,FALSE,NA,NA,NA,NA,NA,NA,FALSE
"3348","A69-1602-3085",3348,"Noordzeekanaal","Spaarne gemaal","VR2W-102057",52.410548,4.673446,2018-02-09 23:25:01,2018-02-09 23:39:08,6,NA,NA,NA,5120.727654,1624.079592,FALSE,NA,NA,NA,NA,NA,NA,FALSE
"3349","A69-1602-3085",3349,"Noordzeekanaal","Spaarne gemaal","VR2W-102057",52.410548,4.673446,2018-02-10 00:57:37,2018-02-10 08:16:46,161,NA,NA,NA,5120.727654,1624.079592,FALSE,NA,NA,NA,NA,NA,NA,FALSE
"3350","A69-1602-3085",3350,"Noordzeekanaal","Spaarne gemaal","VR2W-102057",52.410548,4.673446,2018-02-12 21:18:40,2018-02-12 21:51:42,2,NA,NA,NA,5120.727654,1624.079592,FALSE,NA,NA,NA,NA,NA,NA,FALSE
"3351","A69-1602-3085",3351,"Noordzeekanaal","Spaarne gemaal","VR2W-102057",52.410548,4.673446,2018-02-13 01:56:19,2018-02-13 02:22:23,6,NA,NA,NA,5120.727654,1624.079592,FALSE,NA,NA,NA,NA,NA,NA,FALSE
"3352","A69-1602-3085",3352,"Noordzeekanaal","Spaarne gemaal","VR2W-102057",52.410548,4.673446,2018-02-13 06:46:09,2018-02-13 07:01:41,2,NA,NA,NA,5120.727654,1624.079592,NA,NA,NA,NA,NA,NA,NA,FALSE
"3353","A69-1602-3085",3353,"Noordzeekanaal","Spaarne sluis","VR2W-102063",52.412068,4.680792,2018-02-14 02:05:14,2018-02-14 02:05:14,1,68613,582.774677,0.008494,5703.502331,1782.640686,FALSE,NA,NA,NA,NA,NA,NA,FALSE
"3354","A69-1602-3085",3354,"Noordzeekanaal","Spaarne sluis","VR2W-102063",52.412068,4.680792,2018-02-14 03:56:54,2018-02-14 03:56:54,1,NA,NA,NA,5703.502331,1782.640686,FALSE,NA,NA,NA,NA,NA,NA,FALSE
"3355","A69-1602-3085",3355,"Noordzeekanaal","Spaarne gemaal","VR2W-102057",52.410548,4.673446,2018-02-14 04:57:01,2018-02-14 04:58:08,2,3607,582.774677,0.161568,6286.277008,1624.079592,FALSE,NA,NA,NA,NA,NA,NA,FALSE
"3356","A69-1602-3085",3356,"Noordzeekanaal","Spaarne gemaal","VR2W-102057",52.410548,4.673446,2018-02-15 09:27:49,2018-02-15 09:30:32,2,NA,NA,NA,6286.277008,1624.079592,FALSE,NA,NA,NA,NA,NA,NA,FALSE
"3357","A69-1602-3085",3357,"Noordzeekanaal","Spaarne gemaal","VR2W-102057",52.410548,4.673446,2018-02-15 11:38:28,2018-02-15 11:41:39,4,NA,NA,NA,6286.277008,1624.079592,FALSE,NA,NA,NA,NA,NA,NA,FALSE
"3358","A69-1602-3085",3358,"Noordzeekanaal","Spaarne gemaal","VR2W-102057",52.410548,4.673446,2018-02-15 18:35:10,2018-02-15 18:39:23,4,NA,NA,NA,6286.277008,1624.079592,FALSE,NA,NA,NA,NA,NA,NA,FALSE
"3359","A69-1602-3085",3359,"Noordzeekanaal","Spaarne gemaal","VR2W-102057",52.410548,4.673446,2018-02-16 08:42:02,2018-02-16 09:47:07,20,NA,NA,NA,6286.277008,1624.079592,FALSE,NA,NA,NA,NA,NA,NA,FALSE
"3360","A69-1602-3085",3360,"Noordzeekanaal","Spaarne gemaal","VR2W-102057",52.410548,4.673446,2018-02-16 16:49:14,2018-02-16 16:55:20,6,NA,NA,NA,6286.277008,1624.079592,FALSE,NA,NA,NA,NA,NA,NA,FALSE
"3361","A69-1602-3085",3361,"Noordzeekanaal","Spaarne gemaal","VR2W-102057",52.410548,4.673446,2018-02-16 19:38:57,2018-02-17 00:18:43,72,NA,NA,NA,6286.277008,1624.079592,FALSE,NA,NA,NA,NA,NA,NA,FALSE
"3362","A69-1602-3085",3362,"Noordzeekanaal","Spaarne gemaal","VR2W-102057",52.410548,4.673446,2018-02-17 01:42:08,2018-02-17 16:42:20,203,NA,NA,NA,6286.277008,1624.079592,FALSE,NA,NA,NA,NA,NA,NA,FALSE
"3363","A69-1602-3085",3363,"Noordzeekanaal","Spaarne gemaal","VR2W-102057",52.410548,4.673446,2018-02-17 17:43:30,2018-02-17 17:43:30,1,NA,NA,NA,6286.277008,1624.079592,FALSE,NA,NA,NA,NA,NA,NA,FALSE
"3364","A69-1602-3085",3364,"Noordzeekanaal","Spaarne gemaal","VR2W-102057",52.410548,4.673446,2018-02-17 20:37:59,2018-02-17 20:41:28,6,NA,NA,NA,6286.277008,1624.079592,FALSE,NA,NA,NA,NA,NA,NA,FALSE
"3365","A69-1602-3085",3365,"Noordzeekanaal","Spaarne gemaal","VR2W-102057",52.410548,4.673446,2018-02-17 23:39:44,2018-02-18 03:04:20,29,NA,NA,NA,6286.277008,1624.079592,FALSE,NA,NA,NA,NA,NA,NA,FALSE
"3366","A69-1602-3085",3366,"Noordzeekanaal","Spaarne gemaal","VR2W-102057",52.410548,4.673446,2018-02-18 05:34:49,2018-02-18 05:51:23,5,NA,NA,NA,6286.277008,1624.079592,FALSE,NA,NA,NA,NA,NA,NA,FALSE
"3367","A69-1602-3085",3367,"Noordzeekanaal","Spaarne gemaal","VR2W-102057",52.410548,4.673446,2018-02-18 07:01:27,2018-02-18 07:38:57,7,NA,NA,NA,6286.277008,1624.079592,FALSE,NA,NA,NA,NA,NA,NA,FALSE
"3368","A69-1602-3085",3368,"Noordzeekanaal","Spaarne gemaal","VR2W-102057",52.410548,4.673446,2018-02-18 18:23:38,2018-02-18 18:23:38,1,NA,NA,NA,6286.277008,1624.079592,FALSE,NA,NA,NA,NA,NA,NA,FALSE
"3369","A69-1602-3085",3369,"Noordzeekanaal","Spaarne gemaal","VR2W-102057",52.410548,4.673446,2018-02-18 22:38:42,2018-02-19 02:27:26,49,NA,NA,NA,6286.277008,1624.079592,NA,NA,NA,NA,NA,NA,NA,FALSE
"3370","A69-1602-3085",3370,"Noordzeekanaal","Spaarne sluis","VR2W-102063",52.412068,4.680792,2018-02-19 04:33:26,2018-02-19 04:38:37,4,7560,582.774677,0.077087,6869.051685,1782.640686,FALSE,NA,NA,NA,NA,NA,NA,FALSE
"3371","A69-1602-3085",3371,"Noordzeekanaal","Spaarne gemaal","VR2W-102057",52.410548,4.673446,2018-02-20 01:49:06,2018-02-20 04:47:46,42,76229,582.774677,0.007645,7451.826362,1624.079592,FALSE,NA,NA,NA,NA,NA,NA,FALSE
"3372","A69-1602-3085",3372,"Noordzeekanaal","Spaarne gemaal","VR2W-102057",52.410548,4.673446,2018-02-20 10:39:31,2018-02-20 10:39:31,1,NA,NA,NA,7451.826362,1624.079592,FALSE,NA,NA,NA,NA,NA,NA,FALSE
"3373","A69-1602-3085",3373,"Noordzeekanaal","Spaarne gemaal","VR2W-102057",52.410548,4.673446,2018-02-21 00:54:14,2018-02-21 00:58:42,3,NA,NA,NA,7451.826362,1624.079592,FALSE,NA,NA,NA,NA,NA,NA,FALSE
"3374","A69-1602-3085",3374,"Noordzeekanaal","Spaarne gemaal","VR2W-102057",52.410548,4.673446,2018-02-21 02:30:24,2018-02-21 02:31:15,2,NA,NA,NA,7451.826362,1624.079592,FALSE,NA,NA,NA,NA,NA,NA,FALSE
"3375","A69-1602-3085",3375,"Noordzeekanaal","Spaarne gemaal","VR2W-102057",52.410548,4.673446,2018-02-21 04:04:21,2018-02-21 08:55:37,42,NA,NA,NA,7451.826362,1624.079592,NA,NA,NA,NA,NA,NA,NA,FALSE
"3376","A69-1602-3085",3376,"Noordzeekanaal","Spaarne sluis","VR2W-102063",52.412068,4.680792,2018-02-26 21:06:39,2018-02-26 21:06:39,1,475862,582.774677,0.001225,8034.601039,1782.640686,FALSE,NA,NA,NA,NA,NA,NA,FALSE
"3377","A69-1602-3085",3377,"Noordzeekanaal","Spaarne sluis","VR2W-102063",52.412068,4.680792,2018-02-26 23:02:38,2018-02-26 23:02:38,1,NA,NA,NA,8034.601039,1782.640686,FALSE,NA,NA,NA,NA,NA,NA,FALSE
"3378","A69-1602-3085",3378,"Noordzeekanaal","Spaarne gemaal","VR2W-102057",52.410548,4.673446,2018-02-27 02:08:20,2018-02-27 02:08:20,1,11142,582.774677,0.052304,8617.375716,1624.079592,FALSE,NA,NA,NA,NA,NA,NA,FALSE
"3379","A69-1602-3085",3379,"Noordzeekanaal","Spaarne gemaal","VR2W-102057",52.410548,4.673446,2018-02-27 06:15:10,2018-02-27 06:15:10,1,NA,NA,NA,8617.375716,1624.079592,FALSE,NA,NA,NA,NA,NA,NA,FALSE
"3380","A69-1602-3085",3380,"Noordzeekanaal","Spaarne gemaal","VR2W-102057",52.410548,4.673446,2018-02-27 18:16:54,2018-02-27 18:16:54,1,NA,NA,NA,8617.375716,1624.079592,FALSE,NA,NA,NA,NA,NA,NA,FALSE
"3381","A69-1602-3085",3381,"Noordzeekanaal","Spaarne gemaal","VR2W-102057",52.410548,4.673446,2018-03-03 17:39:55,2018-03-03 17:40:29,2,NA,NA,NA,8617.375716,1624.079592,FALSE,NA,NA,NA,NA,NA,NA,FALSE
"3382","A69-1602-3085",3382,"Noordzeekanaal","Spaarne gemaal","VR2W-102057",52.410548,4.673446,2018-03-04 13:36:07,2018-03-04 13:36:53,2,NA,NA,NA,8617.375716,1624.079592,FALSE,NA,NA,NA,NA,NA,NA,FALSE
"3383","A69-1602-3085",3383,"Noordzeekanaal","Spaarne gemaal","VR2W-102057",52.410548,4.673446,2018-03-14 05:59:35,2018-03-14 06:05:57,6,NA,NA,NA,8617.375716,1624.079592,FALSE,NA,NA,NA,NA,NA,NA,FALSE
"3384","A69-1602-3085",3384,"Noordzeekanaal","Spaarne gemaal","VR2W-102057",52.410548,4.673446,2018-03-14 08:44:03,2018-03-14 09:19:47,2,NA,NA,NA,8617.375716,1624.079592,NA,NA,NA,NA,NA,NA,NA,FALSE
"3385","A69-1602-3086",3385,"Noordzeekanaal","rel_noordzeekanaal6","none",52.397264,4.677708,2017-10-09 12:00:00,2017-10-09 12:00:00,1,NA,NA,NA,0,0,TRUE,1624.079592,2,2017-10-09 17:30:40,1624.079592,19840,0.0818588504032258,TRUE
"3386","A69-1602-3086",3386,"Noordzeekanaal","Spaarne gemaal","VR2W-102057",52.410548,4.673446,2017-10-09 17:30:40,2017-10-09 17:30:40,1,19840,1624.079592,0.081859,1624.079592,1624.079592,FALSE,10258.619926,15,2017-10-30 04:16:44,8634.540334,1766764,0.00488720640334532,TRUE
"3387","A69-1602-3086",3387,"Noordzeekanaal","Spaarne gemaal","VR2W-102057",52.410548,4.673446,2017-10-15 03:58:55,2017-10-15 04:00:13,3,NA,NA,NA,1624.079592,1624.079592,FALSE,10258.619926,15,2017-10-30 04:16:44,8634.540334,1297069,0.00665696299425859,TRUE
"3388","A69-1602-3086",3388,"Noordzeekanaal","Spaarne gemaal","VR2W-102057",52.410548,4.673446,2017-10-16 00:34:13,2017-10-16 00:50:56,3,NA,NA,NA,1624.079592,1624.079592,FALSE,10258.619926,15,2017-10-30 04:16:44,8634.540334,1222951,0.00706041397733842,TRUE
"3389","A69-1602-3086",3389,"Noordzeekanaal","Spaarne gemaal","VR2W-102057",52.410548,4.673446,2017-10-16 04:19:56,2017-10-16 04:19:56,1,NA,NA,NA,1624.079592,1624.079592,FALSE,10258.619926,15,2017-10-30 04:16:44,8634.540334,1209408,0.00713947678037519,TRUE
"3390","A69-1602-3086",3390,"Noordzeekanaal","Spaarne gemaal","VR2W-102057",52.410548,4.673446,2017-10-17 18:02:55,2017-10-17 19:09:28,9,NA,NA,NA,1624.079592,1624.079592,FALSE,10258.619926,15,2017-10-30 04:16:44,8634.540334,1073629,0.00804238739266544,TRUE
"3391","A69-1602-3086",3391,"Noordzeekanaal","Spaarne gemaal","VR2W-102057",52.410548,4.673446,2017-10-19 00:54:26,2017-10-19 00:55:45,2,NA,NA,NA,1624.079592,1624.079592,FALSE,10258.619926,15,2017-10-30 04:16:44,8634.540334,962538,0.00897059683254064,TRUE
"3392","A69-1602-3086",3392,"Noordzeekanaal","Spaarne gemaal","VR2W-102057",52.410548,4.673446,2017-10-20 17:45:41,2017-10-21 04:39:11,358,NA,NA,NA,1624.079592,1624.079592,FALSE,10258.619926,15,2017-10-30 04:16:44,8634.540334,815463,0.0105885127025996,TRUE
"3393","A69-1602-3086",3393,"Noordzeekanaal","Spaarne gemaal","VR2W-102057",52.410548,4.673446,2017-10-21 16:30:15,2017-10-21 22:46:07,148,NA,NA,NA,1624.079592,1624.079592,FALSE,10258.619926,15,2017-10-30 04:16:44,8634.540334,733589,0.0117702696387214,TRUE
"3394","A69-1602-3086",3394,"Noordzeekanaal","Spaarne gemaal","VR2W-102057",52.410548,4.673446,2017-10-22 04:30:26,2017-10-22 04:30:26,1,NA,NA,NA,1624.079592,1624.079592,FALSE,10258.619926,15,2017-10-30 04:16:44,8634.540334,690378,0.0125069749238823,TRUE
"3395","A69-1602-3086",3395,"Noordzeekanaal","Spaarne gemaal","VR2W-102057",52.410548,4.673446,2017-10-23 21:16:42,2017-10-23 22:13:00,9,NA,NA,NA,1624.079592,1624.079592,FALSE,10258.619926,15,2017-10-30 04:16:44,8634.540334,543602,0.0158839377596109,TRUE
"3396","A69-1602-3086",3396,"Noordzeekanaal","Spaarne gemaal","VR2W-102057",52.410548,4.673446,2017-10-24 00:28:58,2017-10-24 03:22:43,111,NA,NA,NA,1624.079592,1624.079592,FALSE,10258.619926,15,2017-10-30 04:16:44,8634.540334,532066,0.0162283256851594,TRUE
"3397","A69-1602-3086",3397,"Noordzeekanaal","Spaarne gemaal","VR2W-102057",52.410548,4.673446,2017-10-24 13:52:41,2017-10-24 13:57:52,2,NA,NA,NA,1624.079592,1624.079592,FALSE,10258.619926,15,2017-10-30 04:16:44,8634.540334,483843,0.0178457481745112,TRUE
"3398","A69-1602-3086",3398,"Noordzeekanaal","Spaarne gemaal","VR2W-102057",52.410548,4.673446,2017-10-24 16:31:07,2017-10-24 20:05:35,125,NA,NA,NA,1624.079592,1624.079592,TRUE,10258.619926,15,2017-10-30 04:16:44,8634.540334,474337,0.0182033877475297,TRUE
"3399","A69-1602-3086",3399,"Noordzeekanaal","Noordzeekanaal","VR2W-114165",52.462798,4.633995,2017-10-30 04:16:44,2017-10-30 05:28:17,91,461469,8883.038271,0.019249,10507.117863,10258.619926,FALSE,11865.538924,19,2017-12-09 19:01:49,1606.918998,3509105,0.000457928445572304,TRUE
"3400","A69-1602-3086",3400,"Noordzeekanaal","Noordzeekanaal","VR2W-114165",52.462798,4.633995,2017-10-30 17:18:48,2017-10-30 17:44:03,25,NA,NA,NA,10507.117863,10258.619926,FALSE,11865.538924,19,2017-12-09 19:01:49,1606.918998,3462181,0.000464134890116953,TRUE
"3401","A69-1602-3086",3401,"Noordzeekanaal","Noordzeekanaal","VR2W-114165",52.462798,4.633995,2017-10-30 19:15:27,2017-10-30 20:02:12,44,NA,NA,NA,10507.117863,10258.619926,FALSE,11865.538924,19,2017-12-09 19:01:49,1606.918998,3455182,0.000465075066378559,TRUE
"3402","A69-1602-3086",3402,"Noordzeekanaal","Noordzeekanaal","VR2W-114164",52.465232,4.633992,2017-12-09 18:17:03,2017-12-09 18:18:31,3,NA,NA,NA,10507.117863,10258.619926,TRUE,11865.538924,19,2017-12-09 19:01:49,1606.918998,2686,0.59825725912137,TRUE
"3403","A69-1602-3086",3403,"Noordzeekanaal","Grote sluis NZK","VR2W-114178",52.467488,4.613347,2017-12-09 19:01:49,2017-12-09 19:08:03,4,2598,1606.918999,0.618522,12114.036862,11865.538924,TRUE,13289.636065,21,2017-12-10 00:54:32,1424.097141,21163,0.0672918367433729,TRUE
"3404","A69-1602-3086",3404,"Noordzeekanaal","Spuisluis NZK","VR2W-114167",52.470646,4.607811,2017-12-09 21:33:51,2017-12-09 21:37:17,5,8748,565.620125,0.064657,12679.656987,12431.159049,NA,NA,NA,NA,NA,NA,NA,TRUE
"3405","A69-1602-3086",3405,"Noordzeekanaal","Spuisluis Noordzee","VR2W-132409",52.471207,4.595198,2017-12-10 00:54:32,2017-12-10 06:16:19,321,11835,941.310669,0.079536,13620.967656,13289.636065,NA,NA,NA,NA,NA,NA,NA,TRUE
"3406","A69-1602-3087",3406,"Noordzeekanaal","rel_noordzeekanaal6","none",52.397264,4.677708,2017-10-26 11:00:00,2017-10-26 11:00:00,1,NA,NA,NA,0,0,FALSE,1624.079592,2,2017-10-29 18:17:02,1624.079592,285422,0.00569009954383334,FALSE
"3407","A69-1602-3087",3407,"Noordzeekanaal","Spaarne gemaal","VR2W-102057",52.410548,4.673446,2017-10-29 18:17:02,2017-10-29 19:15:31,10,285422,1624.079592,0.00569,1624.079592,1624.079592,FALSE,8841.612885,15,2017-11-04 20:08:00,7217.533293,525058,0.0137461638390425,FALSE
"3408","A69-1602-3087",3408,"Noordzeekanaal","Spaarne gemaal","VR2W-102057",52.410548,4.673446,2017-10-29 20:30:40,2017-10-30 00:19:34,93,NA,NA,NA,1624.079592,1624.079592,FALSE,8841.612885,15,2017-11-04 20:08:00,7217.533293,517040,0.0139593325332663,FALSE
"3409","A69-1602-3087",3409,"Noordzeekanaal","Spaarne gemaal","VR2W-102057",52.410548,4.673446,2017-10-31 23:48:59,2017-11-01 07:43:11,177,NA,NA,NA,1624.079592,1624.079592,FALSE,8841.612885,15,2017-11-04 20:08:00,7217.533293,332341,0.0217172521386167,FALSE
"3410","A69-1602-3087",3410,"Noordzeekanaal","Spaarne gemaal","VR2W-102057",52.410548,4.673446,2017-11-01 10:41:45,2017-11-01 10:54:16,10,NA,NA,NA,1624.079592,1624.079592,FALSE,8841.612885,15,2017-11-04 20:08:00,7217.533293,293175,0.0246185155385009,FALSE
"3411","A69-1602-3087",3411,"Noordzeekanaal","Spaarne gemaal","VR2W-102057",52.410548,4.673446,2017-11-01 15:25:17,2017-11-01 15:45:54,2,NA,NA,NA,1624.079592,1624.079592,FALSE,8841.612885,15,2017-11-04 20:08:00,7217.533293,276163,0.0261350481165109,FALSE
"3412","A69-1602-3087",3412,"Noordzeekanaal","Spaarne gemaal","VR2W-102057",52.410548,4.673446,2017-11-01 16:49:32,2017-11-01 19:16:31,39,NA,NA,NA,1624.079592,1624.079592,FALSE,8841.612885,15,2017-11-04 20:08:00,7217.533293,271108,0.0266223545339865,FALSE
"3413","A69-1602-3087",3413,"Noordzeekanaal","Spaarne gemaal","VR2W-102057",52.410548,4.673446,2017-11-02 05:21:54,2017-11-02 05:51:51,11,NA,NA,NA,1624.079592,1624.079592,FALSE,8841.612885,15,2017-11-04 20:08:00,7217.533293,225966,0.0319407932742094,FALSE
"3414","A69-1602-3087",3414,"Noordzeekanaal","Spaarne gemaal","VR2W-102057",52.410548,4.673446,2017-11-02 16:55:44,2017-11-02 17:01:31,3,NA,NA,NA,1624.079592,1624.079592,FALSE,8841.612885,15,2017-11-04 20:08:00,7217.533293,184336,0.0391542253981859,FALSE
"3415","A69-1602-3087",3415,"Noordzeekanaal","Spaarne gemaal","VR2W-102057",52.410548,4.673446,2017-11-02 20:08:45,2017-11-02 20:08:45,1,NA,NA,NA,1624.079592,1624.079592,FALSE,8841.612885,15,2017-11-04 20:08:00,7217.533293,172755,0.0417790124337935,FALSE
"3416","A69-1602-3087",3416,"Noordzeekanaal","Spaarne gemaal","VR2W-102057",52.410548,4.673446,2017-11-02 21:32:27,2017-11-02 21:33:09,2,NA,NA,NA,1624.079592,1624.079592,FALSE,8841.612885,15,2017-11-04 20:08:00,7217.533293,167733,0.0430298944930336,FALSE
"3417","A69-1602-3087",3417,"Noordzeekanaal","Spaarne gemaal","VR2W-102057",52.410548,4.673446,2017-11-02 23:15:44,2017-11-03 01:11:31,22,NA,NA,NA,1624.079592,1624.079592,FALSE,8841.612885,15,2017-11-04 20:08:00,7217.533293,161536,0.0446806488522682,FALSE
"3418","A69-1602-3087",3418,"Noordzeekanaal","Spaarne gemaal","VR2W-102057",52.410548,4.673446,2017-11-03 02:28:23,2017-11-03 02:36:29,5,NA,NA,NA,1624.079592,1624.079592,FALSE,8841.612885,15,2017-11-04 20:08:00,7217.533293,149977,0.0481242676743767,FALSE
"3419","A69-1602-3087",3419,"Noordzeekanaal","Spaarne gemaal","VR2W-102057",52.410548,4.673446,2017-11-03 17:01:18,2017-11-03 18:12:29,12,NA,NA,NA,1624.079592,1624.079592,TRUE,8841.612885,15,2017-11-04 20:08:00,7217.533293,97602,0.0739486208581791,TRUE
"3420","A69-1602-3087",3420,"Noordzeekanaal","Halfweg boezemzijde","VR2W-119056",52.391732,4.770434,2017-11-04 20:08:00,2017-11-04 22:30:57,109,93331,10382.859832,0.111248,12006.939424,8841.612885,NA,NA,NA,NA,NA,NA,NA,TRUE
"3421","A69-1602-3088",3421,"Noordzeekanaal","rel_noordzeekanaal6","none",52.397264,4.677708,2017-10-26 11:00:00,2017-10-26 11:00:00,1,NA,NA,NA,0,0,TRUE,1624.079592,2,2017-10-26 23:29:45,1624.079592,44985,0.0361026918306102,TRUE
"3422","A69-1602-3088",3422,"Noordzeekanaal","Spaarne gemaal","VR2W-102057",52.410548,4.673446,2017-10-26 23:29:45,2017-10-26 23:35:33,4,44985,1624.079592,0.036103,1624.079592,1624.079592,FALSE,NA,NA,NA,NA,NA,NA,TRUE
"3423","A69-1602-3088",3423,"Noordzeekanaal","Zwanenburg","VR2W-107052",52.369568,4.758351,2017-10-28 23:54:55,2017-10-29 02:26:54,81,173962,10341.44653,0.059447,11965.526122,-8800.199583,FALSE,NA,NA,NA,NA,NA,NA,TRUE
"3424","A69-1602-3088",3424,"Noordzeekanaal","Zwanenburg","VR2W-107052",52.369568,4.758351,2017-10-30 01:14:25,2017-10-30 01:53:14,45,NA,NA,NA,11965.526122,-8800.199583,FALSE,NA,NA,NA,NA,NA,NA,TRUE
"3425","A69-1602-3088",3425,"Noordzeekanaal","Zwanenburg","VR2W-107052",52.369568,4.758351,2017-10-30 04:40:56,2017-10-30 15:29:26,461,NA,NA,NA,11965.526122,-8800.199583,FALSE,NA,NA,NA,NA,NA,NA,TRUE
"3426","A69-1602-3088",3426,"Noordzeekanaal","Zwanenburg","VR2W-107052",52.369568,4.758351,2017-10-30 18:30:01,2017-10-30 19:41:27,62,NA,NA,NA,11965.526122,-8800.199583,FALSE,NA,NA,NA,NA,NA,NA,TRUE
"3427","A69-1602-3088",3427,"Noordzeekanaal","Zwanenburg","VR2W-107052",52.369568,4.758351,2017-10-31 16:58:46,2017-10-31 17:23:42,28,NA,NA,NA,11965.526122,-8800.199583,FALSE,NA,NA,NA,NA,NA,NA,TRUE
"3428","A69-1602-3088",3428,"Noordzeekanaal","Cruquius","VR2W-103671",52.338227,4.63522,2017-11-01 01:55:10,2017-11-01 02:38:24,34,30688,13420.985708,0.437337,25386.51183,-9131.540741,FALSE,NA,NA,NA,NA,NA,NA,TRUE
"3429","A69-1602-3088",3429,"Noordzeekanaal","Cruquius","VR2W-103671",52.338227,4.63522,2017-11-02 06:13:55,2017-11-02 06:35:08,28,NA,NA,NA,25386.51183,-9131.540741,FALSE,NA,NA,NA,NA,NA,NA,TRUE
"3430","A69-1602-3088",3430,"Noordzeekanaal","Cruquius","VR2W-103671",52.338227,4.63522,2017-11-02 22:52:32,2017-11-02 23:08:01,10,NA,NA,NA,25386.51183,-9131.540741,NA,NA,NA,NA,NA,NA,NA,TRUE
"3431","A69-1602-3089",3431,"Noordzeekanaal","rel_noordzeekanaal6","none",52.397264,4.677708,2017-10-26 11:00:00,2017-10-26 11:00:00,1,NA,NA,NA,0,0,TRUE,1624.079592,2,2017-10-27 02:53:35,1624.079592,57215,0.0283855560954295,TRUE
"3432","A69-1602-3089",3432,"Noordzeekanaal","Spaarne gemaal","VR2W-102057",52.410548,4.673446,2017-10-27 02:53:35,2017-10-27 03:05:52,7,57215,1624.079592,0.028386,1624.079592,1624.079592,FALSE,NA,NA,NA,NA,NA,NA,TRUE
"3433","A69-1602-3089",3433,"Noordzeekanaal","Spaarne gemaal","VR2W-102057",52.410548,4.673446,2017-10-27 17:20:39,2017-10-27 17:37:43,5,NA,NA,NA,1624.079592,1624.079592,FALSE,NA,NA,NA,NA,NA,NA,TRUE
"3434","A69-1602-3089",3434,"Noordzeekanaal","Spaarne gemaal","VR2W-102057",52.410548,4.673446,2017-10-30 17:29:05,2017-10-30 18:06:10,4,NA,NA,NA,1624.079592,1624.079592,FALSE,NA,NA,NA,NA,NA,NA,TRUE
"3435","A69-1602-3089",3435,"Noordzeekanaal","Spaarne gemaal","VR2W-102057",52.410548,4.673446,2017-10-30 23:57:38,2017-10-31 00:43:38,11,NA,NA,NA,1624.079592,1624.079592,FALSE,NA,NA,NA,NA,NA,NA,TRUE
"3436","A69-1602-3089",3436,"Noordzeekanaal","Spaarne gemaal","VR2W-102057",52.410548,4.673446,2017-10-31 20:53:19,2017-10-31 21:27:52,9,NA,NA,NA,1624.079592,1624.079592,FALSE,NA,NA,NA,NA,NA,NA,TRUE
"3437","A69-1602-3089",3437,"Noordzeekanaal","Spaarne gemaal","VR2W-102057",52.410548,4.673446,2017-10-31 23:15:24,2017-10-31 23:19:05,3,NA,NA,NA,1624.079592,1624.079592,FALSE,NA,NA,NA,NA,NA,NA,TRUE
"3438","A69-1602-3089",3438,"Noordzeekanaal","Spaarne gemaal","VR2W-102057",52.410548,4.673446,2017-11-02 18:31:51,2017-11-02 18:41:04,2,NA,NA,NA,1624.079592,1624.079592,FALSE,NA,NA,NA,NA,NA,NA,TRUE
"3439","A69-1602-3089",3439,"Noordzeekanaal","Spaarne gemaal","VR2W-102057",52.410548,4.673446,2017-11-03 06:48:25,2017-11-03 06:48:25,1,NA,NA,NA,1624.079592,1624.079592,FALSE,NA,NA,NA,NA,NA,NA,TRUE
"3440","A69-1602-3089",3440,"Noordzeekanaal","Spaarne gemaal","VR2W-102057",52.410548,4.673446,2017-11-03 10:33:31,2017-11-03 10:33:31,1,NA,NA,NA,1624.079592,1624.079592,FALSE,NA,NA,NA,NA,NA,NA,TRUE
"3441","A69-1602-3089",3441,"Noordzeekanaal","Spaarne gemaal","VR2W-102057",52.410548,4.673446,2017-11-03 17:05:37,2017-11-03 18:50:42,11,NA,NA,NA,1624.079592,1624.079592,FALSE,NA,NA,NA,NA,NA,NA,TRUE
"3442","A69-1602-3089",3442,"Noordzeekanaal","Spaarne gemaal","VR2W-102057",52.410548,4.673446,2017-11-03 23:47:55,2017-11-03 23:47:55,1,NA,NA,NA,1624.079592,1624.079592,FALSE,NA,NA,NA,NA,NA,NA,TRUE
"3443","A69-1602-3089",3443,"Noordzeekanaal","Cruquius","VR2W-103671",52.338227,4.63522,2017-11-04 16:26:01,2017-11-04 18:37:31,117,59886,9424.407702,0.157372,11048.487294,-9131.540741,NA,NA,NA,NA,NA,NA,NA,TRUE
"3444","A69-1602-3090",3444,"Noordzeekanaal","rel_noordzeekanaal6","none",52.397264,4.677708,2017-10-26 11:00:00,2017-10-26 11:00:00,1,NA,NA,NA,0,0,FALSE,NA,NA,NA,NA,NA,NA,FALSE
"3445","A69-1602-3090",3445,"Noordzeekanaal","Cruquius","VR2W-103671",52.338227,4.63522,2017-10-29 19:40:06,2017-10-29 21:11:09,59,290406,9131.540741,0.031444,9131.540741,-9131.540741,NA,NA,NA,NA,NA,NA,NA,FALSE
"3446","A69-1602-3091",3446,"Noordzeekanaal","rel_noordzeekanaal6","none",52.397264,4.677708,2017-10-26 11:00:00,2017-10-26 11:00:00,1,NA,NA,NA,0,0,TRUE,8841.612885,2,2017-10-29 03:58:12,8841.612885,233892,0.0378021175799087,TRUE
"3447","A69-1602-3091",3447,"Noordzeekanaal","Halfweg boezemzijde","VR2W-119056",52.391732,4.770434,2017-10-29 03:58:12,2017-10-29 05:35:42,96,233892,8841.612885,0.037802,8841.612885,8841.612885,FALSE,10258.619926,17,2017-11-08 17:40:01,1417.007041,913309,0.00155150889895972,TRUE
"3448","A69-1602-3091",3448,"Noordzeekanaal","Halfweg NZKzijde","VR2W-120098",52.394583,4.772506,2017-10-29 08:54:27,2017-10-29 20:15:40,146,11925,482.787479,0.040485,9324.400364,9324.400364,FALSE,11865.538924,18,2017-11-08 18:22:59,2541.13856,898112,0.00282942278913989,TRUE
"3449","A69-1602-3091",3449,"Noordzeekanaal","Halfweg NZKzijde","VR2W-120098",52.394583,4.772506,2017-10-29 23:03:29,2017-10-29 23:03:29,1,NA,NA,NA,9324.400364,9324.400364,FALSE,11865.538924,18,2017-11-08 18:22:59,2541.13856,847170,0.00299956155199075,TRUE
"3450","A69-1602-3091",3450,"Noordzeekanaal","Halfweg NZKzijde","VR2W-120098",52.394583,4.772506,2017-11-03 01:42:33,2017-11-03 02:17:57,28,NA,NA,NA,9324.400364,9324.400364,FALSE,11865.538924,18,2017-11-08 18:22:59,2541.13856,492026,0.00516464284407735,TRUE
"3451","A69-1602-3091",3451,"Noordzeekanaal","Halfweg NZKzijde","VR2W-120098",52.394583,4.772506,2017-11-03 03:56:50,2017-11-03 06:17:59,110,NA,NA,NA,9324.400364,9324.400364,FALSE,11865.538924,18,2017-11-08 18:22:59,2541.13856,483969,0.00525062258119839,TRUE
"3452","A69-1602-3091",3452,"Noordzeekanaal","Halfweg NZKzijde","VR2W-120098",52.394583,4.772506,2017-11-03 23:00:57,2017-11-04 01:50:16,8,NA,NA,NA,9324.400364,9324.400364,FALSE,11865.538924,18,2017-11-08 18:22:59,2541.13856,415322,0.00611847809651307,TRUE
"3453","A69-1602-3091",3453,"Noordzeekanaal","Halfweg NZKzijde","VR2W-120098",52.394583,4.772506,2017-11-04 03:53:32,2017-11-04 03:53:32,1,NA,NA,NA,9324.400364,9324.400364,FALSE,11865.538924,18,2017-11-08 18:22:59,2541.13856,397767,0.00638851025851818,TRUE
"3454","A69-1602-3091",3454,"Noordzeekanaal","Halfweg NZKzijde","VR2W-120098",52.394583,4.772506,2017-11-04 05:53:53,2017-11-04 05:53:53,1,NA,NA,NA,9324.400364,9324.400364,FALSE,11865.538924,18,2017-11-08 18:22:59,2541.13856,390546,0.00650663061457549,TRUE
"3455","A69-1602-3091",3455,"Noordzeekanaal","Halfweg NZKzijde","VR2W-120098",52.394583,4.772506,2017-11-04 07:44:22,2017-11-04 07:45:59,2,NA,NA,NA,9324.400364,9324.400364,FALSE,11865.538924,18,2017-11-08 18:22:59,2541.13856,383917,0.00661897899806469,TRUE
"3456","A69-1602-3091",3456,"Noordzeekanaal","Halfweg NZKzijde","VR2W-120098",52.394583,4.772506,2017-11-04 10:16:20,2017-11-04 10:16:20,1,NA,NA,NA,9324.400364,9324.400364,FALSE,11865.538924,18,2017-11-08 18:22:59,2541.13856,374799,0.00678000357524967,TRUE
"3457","A69-1602-3091",3457,"Noordzeekanaal","Halfweg NZKzijde","VR2W-120098",52.394583,4.772506,2017-11-04 12:39:36,2017-11-04 12:39:36,1,NA,NA,NA,9324.400364,9324.400364,FALSE,11865.538924,18,2017-11-08 18:22:59,2541.13856,366203,0.00693915276499647,TRUE
"3458","A69-1602-3091",3458,"Noordzeekanaal","Halfweg NZKzijde","VR2W-120098",52.394583,4.772506,2017-11-04 16:15:18,2017-11-04 16:18:30,2,NA,NA,NA,9324.400364,9324.400364,FALSE,11865.538924,18,2017-11-08 18:22:59,2541.13856,353261,0.00719337419075415,TRUE
"3459","A69-1602-3091",3459,"Noordzeekanaal","Halfweg NZKzijde","VR2W-120098",52.394583,4.772506,2017-11-04 23:38:05,2017-11-04 23:38:05,1,NA,NA,NA,9324.400364,9324.400364,FALSE,11865.538924,18,2017-11-08 18:22:59,2541.13856,326694,0.00777834475074535,TRUE
"3460","A69-1602-3091",3460,"Noordzeekanaal","Halfweg NZKzijde","VR2W-120098",52.394583,4.772506,2017-11-05 14:53:27,2017-11-05 20:17:28,55,NA,NA,NA,9324.400364,9324.400364,FALSE,11865.538924,18,2017-11-08 18:22:59,2541.13856,271772,0.00935025889348425,TRUE
"3461","A69-1602-3091",3461,"Noordzeekanaal","Halfweg NZKzijde","VR2W-120098",52.394583,4.772506,2017-11-06 00:05:47,2017-11-06 23:09:24,1096,NA,NA,NA,9324.400364,9324.400364,TRUE,11865.538924,18,2017-11-08 18:22:59,2541.13856,238632,0.0106487753528446,TRUE
"3462","A69-1602-3091",3462,"Noordzeekanaal","Noordzeekanaal","VR2W-114165",52.462798,4.633995,2017-11-08 17:40:01,2017-11-08 18:21:29,44,153037,14286.56944,0.093354,23610.969804,10258.619926,TRUE,11865.538924,18,2017-11-08 18:22:59,1606.918998,2578,0.623320014740109,TRUE
"3463","A69-1602-3091",3463,"Noordzeekanaal","Grote sluis NZK","VR2W-114178",52.467488,4.613347,2017-11-08 18:22:59,2017-11-08 18:22:59,1,90,1606.918999,17.854656,25217.888803,11865.538924,FALSE,NA,NA,NA,NA,NA,NA,TRUE
"3464","A69-1602-3091",3464,"Noordzeekanaal","Noordzeekanaal","VR2W-114165",52.462798,4.633995,2017-11-08 18:23:27,2017-11-08 18:23:27,1,28,1606.918999,57.389964,26824.807802,10258.619926,TRUE,11865.538924,20,2017-11-08 18:26:36,1606.918998,189,8.50221692063493,TRUE
"3465","A69-1602-3091",3465,"Noordzeekanaal","Grote sluis NZK","VR2W-114178",52.467488,4.613347,2017-11-08 18:26:36,2017-11-08 18:26:36,1,189,1606.918999,8.502217,28431.726801,11865.538924,FALSE,NA,NA,NA,NA,NA,NA,TRUE
"3466","A69-1602-3091",3466,"Noordzeekanaal","Noordzeekanaal","VR2W-114165",52.462798,4.633995,2017-11-08 18:27:43,2017-11-08 18:27:43,1,67,1606.918999,23.983866,30038.6458,10258.619926,TRUE,12431.159049,22,2017-11-08 19:03:11,2172.539123,2128,1.02093003900376,TRUE
"3467","A69-1602-3091",3467,"Noordzeekanaal","Spuisluis NZK","VR2W-114167",52.470646,4.607811,2017-11-08 19:03:11,2017-11-08 21:39:33,144,2128,2172.539123,1.02093,32211.184923,12431.159049,FALSE,NA,NA,NA,NA,NA,NA,TRUE
"3468","A69-1602-3091",3468,"Noordzeekanaal","Noordzeekanaal","VR2W-114165",52.462798,4.633995,2017-11-08 21:44:44,2017-11-08 21:53:27,6,311,2172.539123,6.985656,34383.724046,10258.619926,TRUE,11865.538924,24,2017-11-08 21:55:01,1606.918998,617,2.60440680388979,TRUE
"3469","A69-1602-3091",3469,"Noordzeekanaal","Grote sluis NZK","VR2W-114178",52.467488,4.613347,2017-11-08 21:55:01,2017-11-08 21:55:01,1,94,1606.918999,17.094883,35990.643045,11865.538924,FALSE,NA,NA,NA,NA,NA,NA,TRUE
"3470","A69-1602-3091",3470,"Noordzeekanaal","Noordzeekanaal","VR2W-114165",52.462798,4.633995,2017-11-08 21:55:05,2017-11-09 00:16:16,117,4,1606.918999,401.72975,37597.562044,10258.619926,TRUE,12582.610909,26,2017-11-09 00:16:19,2323.990983,8474,0.274249584965778,TRUE
"3471","A69-1602-3091",3471,"Noordzeekanaal","Middensluis NZK","VR2W-132417",52.465373,4.601803,2017-11-09 00:16:19,2017-11-09 00:16:19,1,3,2323.990983,774.663661,39921.553027,12582.610909,FALSE,NA,NA,NA,NA,NA,NA,TRUE
"3472","A69-1602-3091",3472,"Noordzeekanaal","Noordzeekanaal","VR2W-114165",52.462798,4.633995,2017-11-09 00:17:05,2017-11-09 00:54:52,10,46,2323.990983,50.521543,42245.54401,10258.619926,TRUE,11865.538924,28,2017-11-09 01:02:56,1606.918998,2751,0.584121773173392,TRUE
"3473","A69-1602-3091",3473,"Noordzeekanaal","Grote sluis NZK","VR2W-114178",52.467488,4.613347,2017-11-09 01:02:56,2017-11-09 01:02:56,1,484,1606.918999,3.320081,43852.463009,11865.538924,FALSE,NA,NA,NA,NA,NA,NA,TRUE
"3474","A69-1602-3091",3474,"Noordzeekanaal","Noordzeekanaal","VR2W-114165",52.462798,4.633995,2017-11-09 01:06:42,2017-11-09 01:06:42,1,226,1606.918999,7.110261,45459.382008,10258.619926,TRUE,11865.538924,30,2017-11-09 01:06:58,1606.918998,16,100.432437375,TRUE
"3475","A69-1602-3091",3475,"Noordzeekanaal","Grote sluis NZK","VR2W-114178",52.467488,4.613347,2017-11-09 01:06:58,2017-11-09 01:06:58,1,16,1606.918999,100.432437,47066.301007,11865.538924,FALSE,NA,NA,NA,NA,NA,NA,TRUE
"3476","A69-1602-3091",3476,"Noordzeekanaal","Noordzeekanaal","VR2W-114165",52.462798,4.633995,2017-11-09 01:08:01,2017-11-09 01:08:01,1,63,1606.918999,25.506651,48673.220006,10258.619926,TRUE,11865.538924,32,2017-11-09 01:08:19,1606.918998,18,89.2732776666667,TRUE
"3477","A69-1602-3091",3477,"Noordzeekanaal","Grote sluis NZK","VR2W-114178",52.467488,4.613347,2017-11-09 01:08:19,2017-11-09 01:08:19,1,18,1606.918999,89.273278,50280.139005,11865.538924,FALSE,NA,NA,NA,NA,NA,NA,TRUE
"3478","A69-1602-3091",3478,"Noordzeekanaal","Noordzeekanaal","VR2W-114165",52.462798,4.633995,2017-11-09 01:08:35,2017-11-09 01:08:35,1,16,1606.918999,100.432437,51887.058004,10258.619926,TRUE,11865.538924,34,2017-11-09 01:08:58,1606.918998,23,69.8660433913044,TRUE
"3479","A69-1602-3091",3479,"Noordzeekanaal","Grote sluis NZK","VR2W-114178",52.467488,4.613347,2017-11-09 01:08:58,2017-11-09 01:15:16,7,23,1606.918999,69.866043,53493.977003,11865.538924,FALSE,NA,NA,NA,NA,NA,NA,TRUE
"3480","A69-1602-3091",3480,"Noordzeekanaal","Noordzeekanaal","VR2W-114165",52.462798,4.633995,2017-11-09 01:20:14,2017-11-09 01:26:05,2,298,1606.918999,5.392346,55100.896002,10258.619926,TRUE,12431.159049,36,2017-11-09 01:40:45,2172.539123,1231,1.76485712672624,TRUE
"3481","A69-1602-3091",3481,"Noordzeekanaal","Spuisluis NZK","VR2W-114167",52.470646,4.607811,2017-11-09 01:40:45,2017-11-09 02:29:33,68,880,2172.539123,2.468794,57273.435125,12431.159049,TRUE,13499.659303,37,2017-11-09 02:41:24,1068.500254,3639,0.293624691948338,TRUE
"3482","A69-1602-3091",3482,"Noordzeekanaal","Kleine sluis Noordzee","VR2W-132413",52.463762,4.587267,2017-11-09 02:41:24,2017-11-09 02:41:24,1,711,1731.169478,2.434838,59004.604603,13499.659303,NA,NA,NA,NA,NA,NA,NA,TRUE
"3483","A69-1602-3092",3483,"Noordzeekanaal","rel_noordzeekanaal6","none",52.397264,4.677708,2017-10-26 11:00:00,2017-10-26 11:00:00,1,NA,NA,NA,0,0,FALSE,1624.079592,2,2017-10-30 19:52:16,1624.079592,377536,0.00430178735802678,FALSE
"3484","A69-1602-3092",3484,"Noordzeekanaal","Spaarne gemaal","VR2W-102057",52.410548,4.673446,2017-10-30 19:52:16,2017-10-30 19:52:16,1,377536,1624.079592,0.004302,1624.079592,1624.079592,FALSE,NA,NA,NA,NA,NA,NA,FALSE
"3485","A69-1602-3092",3485,"Noordzeekanaal","Spaarne gemaal","VR2W-102057",52.410548,4.673446,2017-10-30 22:27:11,2017-10-30 22:27:11,1,NA,NA,NA,1624.079592,1624.079592,FALSE,NA,NA,NA,NA,NA,NA,FALSE
"3486","A69-1602-3092",3486,"Noordzeekanaal","Spaarne gemaal","VR2W-102057",52.410548,4.673446,2017-10-31 01:21:56,2017-10-31 01:56:29,5,NA,NA,NA,1624.079592,1624.079592,FALSE,NA,NA,NA,NA,NA,NA,FALSE
"3487","A69-1602-3092",3487,"Noordzeekanaal","Spaarne gemaal","VR2W-102057",52.410548,4.673446,2017-10-31 03:08:54,2017-10-31 05:18:35,34,NA,NA,NA,1624.079592,1624.079592,FALSE,NA,NA,NA,NA,NA,NA,FALSE
"3488","A69-1602-3092",3488,"Noordzeekanaal","Spaarne gemaal","VR2W-102057",52.410548,4.673446,2017-11-01 22:29:35,2017-11-01 22:29:35,1,NA,NA,NA,1624.079592,1624.079592,FALSE,NA,NA,NA,NA,NA,NA,FALSE
"3489","A69-1602-3092",3489,"Noordzeekanaal","Spaarne gemaal","VR2W-102057",52.410548,4.673446,2017-11-02 06:59:12,2017-11-02 07:09:12,10,NA,NA,NA,1624.079592,1624.079592,FALSE,NA,NA,NA,NA,NA,NA,FALSE
"3490","A69-1602-3092",3490,"Noordzeekanaal","Spaarne gemaal","VR2W-102057",52.410548,4.673446,2017-11-03 20:45:53,2017-11-03 20:54:51,6,NA,NA,NA,1624.079592,1624.079592,FALSE,NA,NA,NA,NA,NA,NA,FALSE
"3491","A69-1602-3092",3491,"Noordzeekanaal","Spaarne gemaal","VR2W-102057",52.410548,4.673446,2017-11-04 06:08:58,2017-11-04 08:13:16,78,NA,NA,NA,1624.079592,1624.079592,FALSE,NA,NA,NA,NA,NA,NA,FALSE
"3492","A69-1602-3092",3492,"Noordzeekanaal","Spaarne gemaal","VR2W-102057",52.410548,4.673446,2017-11-05 09:08:30,2017-11-05 13:00:03,97,NA,NA,NA,1624.079592,1624.079592,FALSE,NA,NA,NA,NA,NA,NA,FALSE
"3493","A69-1602-3092",3493,"Noordzeekanaal","Spaarne gemaal","VR2W-102057",52.410548,4.673446,2017-11-05 14:47:54,2017-11-05 14:47:54,1,NA,NA,NA,1624.079592,1624.079592,FALSE,NA,NA,NA,NA,NA,NA,FALSE
"3494","A69-1602-3092",3494,"Noordzeekanaal","Spaarne gemaal","VR2W-102057",52.410548,4.673446,2017-11-05 16:59:31,2017-11-05 17:17:38,2,NA,NA,NA,1624.079592,1624.079592,FALSE,NA,NA,NA,NA,NA,NA,FALSE
"3495","A69-1602-3092",3495,"Noordzeekanaal","Spaarne gemaal","VR2W-102057",52.410548,4.673446,2017-11-05 21:46:25,2017-11-05 22:06:21,7,NA,NA,NA,1624.079592,1624.079592,NA,NA,NA,NA,NA,NA,NA,FALSE
"3496","A69-1602-3093",3496,"Noordzeekanaal","rel_noordzeekanaal6","none",52.397264,4.677708,2017-10-26 11:00:00,2017-10-26 11:00:00,1,NA,NA,NA,0,0,TRUE,1624.079592,2,2017-10-26 19:56:21,1624.079592,32181,0.0504670330940617,TRUE
"3497","A69-1602-3093",3497,"Noordzeekanaal","Spaarne gemaal","VR2W-102057",52.410548,4.673446,2017-10-26 19:56:21,2017-10-26 19:56:21,1,32181,1624.079592,0.050467,1624.079592,1624.079592,FALSE,NA,NA,NA,NA,NA,NA,TRUE
"3498","A69-1602-3093",3498,"Noordzeekanaal","Cruquius","VR2W-103671",52.338227,4.63522,2017-10-28 00:27:38,2017-10-28 01:47:55,53,102677,9424.407702,0.091787,11048.487294,-9131.540741,TRUE,1624.079592,4,2017-10-28 21:12:43,10755.620333,74705,0.143974571086273,TRUE
"3499","A69-1602-3093",3499,"Noordzeekanaal","Spaarne gemaal","VR2W-102057",52.410548,4.673446,2017-10-28 21:12:43,2017-10-28 21:30:42,17,69888,9424.407702,0.13485,20472.894996,1624.079592,FALSE,NA,NA,NA,NA,NA,NA,TRUE
"3500","A69-1602-3093",3500,"Noordzeekanaal","Spaarne gemaal","VR2W-102057",52.410548,4.673446,2017-10-30 06:06:44,2017-10-30 06:31:42,18,NA,NA,NA,20472.894996,1624.079592,FALSE,NA,NA,NA,NA,NA,NA,TRUE
"3501","A69-1602-3093",3501,"Noordzeekanaal","Spaarne gemaal","VR2W-102057",52.410548,4.673446,2017-10-30 07:57:51,2017-10-30 08:34:16,19,NA,NA,NA,20472.894996,1624.079592,FALSE,NA,NA,NA,NA,NA,NA,TRUE
"3502","A69-1602-3093",3502,"Noordzeekanaal","Spaarne gemaal","VR2W-102057",52.410548,4.673446,2017-10-30 09:57:47,2017-10-30 11:54:24,48,NA,NA,NA,20472.894996,1624.079592,FALSE,NA,NA,NA,NA,NA,NA,TRUE
"3503","A69-1602-3093",3503,"Noordzeekanaal","Spaarne gemaal","VR2W-102057",52.410548,4.673446,2017-10-30 13:18:45,2017-10-30 13:24:46,4,NA,NA,NA,20472.894996,1624.079592,FALSE,NA,NA,NA,NA,NA,NA,TRUE
"3504","A69-1602-3093",3504,"Noordzeekanaal","Spaarne gemaal","VR2W-102057",52.410548,4.673446,2017-10-30 18:23:23,2017-10-31 05:19:16,311,NA,NA,NA,20472.894996,1624.079592,FALSE,NA,NA,NA,NA,NA,NA,TRUE
"3505","A69-1602-3093",3505,"Noordzeekanaal","Spaarne gemaal","VR2W-102057",52.410548,4.673446,2017-10-31 06:27:23,2017-10-31 22:57:59,337,NA,NA,NA,20472.894996,1624.079592,FALSE,NA,NA,NA,NA,NA,NA,TRUE
"3506","A69-1602-3093",3506,"Noordzeekanaal","Spaarne gemaal","VR2W-102057",52.410548,4.673446,2017-11-01 00:12:14,2017-11-01 08:50:44,234,NA,NA,NA,20472.894996,1624.079592,FALSE,NA,NA,NA,NA,NA,NA,TRUE
"3507","A69-1602-3093",3507,"Noordzeekanaal","Spaarne gemaal","VR2W-102057",52.410548,4.673446,2017-11-01 10:45:24,2017-11-23 08:02:13,35838,NA,NA,NA,20472.894996,1624.079592,NA,NA,NA,NA,NA,NA,NA,TRUE
"3508","A69-1602-3093",3508,"Noordzeekanaal","Spaarne sluis","VR2W-102063",52.412068,4.680792,2017-11-23 09:07:55,2017-12-07 13:17:09,27023,3942,582.774677,0.147837,21055.669673,1782.640686,FALSE,NA,NA,NA,NA,NA,NA,TRUE
"3509","A69-1602-3093",3509,"Noordzeekanaal","Spaarne sluis","VR2W-102063",52.412068,4.680792,2017-12-07 15:45:22,2017-12-31 05:02:28,41788,NA,NA,NA,21055.669673,1782.640686,FALSE,NA,NA,NA,NA,NA,NA,TRUE
"3510","A69-1602-3093",3510,"Noordzeekanaal","Spaarne sluis","VR2W-102063",52.412068,4.680792,2017-12-31 08:43:37,2017-12-31 10:09:00,83,NA,NA,NA,21055.669673,1782.640686,FALSE,NA,NA,NA,NA,NA,NA,TRUE
"3511","A69-1602-3093",3511,"Noordzeekanaal","Spaarne sluis","VR2W-102063",52.412068,4.680792,2017-12-31 12:24:31,2018-01-01 00:20:58,402,NA,NA,NA,21055.669673,1782.640686,FALSE,NA,NA,NA,NA,NA,NA,TRUE
"3512","A69-1602-3093",3512,"Noordzeekanaal","Spaarne sluis","VR2W-102063",52.412068,4.680792,2018-01-01 02:00:51,2018-01-03 01:08:05,3262,NA,NA,NA,21055.669673,1782.640686,FALSE,NA,NA,NA,NA,NA,NA,TRUE
"3513","A69-1602-3093",3513,"Noordzeekanaal","Spaarne sluis","VR2W-102063",52.412068,4.680792,2018-01-03 02:56:52,2018-01-03 08:53:19,315,NA,NA,NA,21055.669673,1782.640686,FALSE,NA,NA,NA,NA,NA,NA,TRUE
"3514","A69-1602-3093",3514,"Noordzeekanaal","Spaarne sluis","VR2W-102063",52.412068,4.680792,2018-01-03 11:36:25,2018-01-15 10:55:57,19497,NA,NA,NA,21055.669673,1782.640686,FALSE,NA,NA,NA,NA,NA,NA,TRUE
"3515","A69-1602-3093",3515,"Noordzeekanaal","Spaarne sluis","VR2W-102063",52.412068,4.680792,2018-01-15 12:45:47,2018-01-15 14:15:09,41,NA,NA,NA,21055.669673,1782.640686,FALSE,NA,NA,NA,NA,NA,NA,TRUE
"3516","A69-1602-3093",3516,"Noordzeekanaal","Spaarne sluis","VR2W-102063",52.412068,4.680792,2018-01-15 16:52:58,2018-01-18 05:07:26,4173,NA,NA,NA,21055.669673,1782.640686,FALSE,NA,NA,NA,NA,NA,NA,TRUE
"3517","A69-1602-3093",3517,"Noordzeekanaal","Spaarne sluis","VR2W-102063",52.412068,4.680792,2018-01-18 10:14:30,2018-01-24 12:45:24,10283,NA,NA,NA,21055.669673,1782.640686,FALSE,NA,NA,NA,NA,NA,NA,TRUE
"3518","A69-1602-3093",3518,"Noordzeekanaal","Spaarne sluis","VR2W-102063",52.412068,4.680792,2018-01-24 13:47:51,2018-01-27 20:27:34,5317,NA,NA,NA,21055.669673,1782.640686,FALSE,NA,NA,NA,NA,NA,NA,TRUE
"3519","A69-1602-3093",3519,"Noordzeekanaal","Spaarne sluis","VR2W-102063",52.412068,4.680792,2018-01-27 22:06:51,2018-01-29 11:45:24,1768,NA,NA,NA,21055.669673,1782.640686,FALSE,NA,NA,NA,NA,NA,NA,TRUE
"3520","A69-1602-3093",3520,"Noordzeekanaal","Spaarne sluis","VR2W-102063",52.412068,4.680792,2018-01-29 14:58:26,2018-01-31 03:01:59,2245,NA,NA,NA,21055.669673,1782.640686,FALSE,NA,NA,NA,NA,NA,NA,TRUE
"3521","A69-1602-3093",3521,"Noordzeekanaal","Spaarne sluis","VR2W-102063",52.412068,4.680792,2018-01-31 06:01:18,2018-01-31 06:01:18,1,NA,NA,NA,21055.669673,1782.640686,FALSE,NA,NA,NA,NA,NA,NA,TRUE
"3522","A69-1602-3093",3522,"Noordzeekanaal","Spaarne sluis","VR2W-102063",52.412068,4.680792,2018-01-31 07:21:17,2018-03-02 07:05:16,55909,NA,NA,NA,21055.669673,1782.640686,FALSE,NA,NA,NA,NA,NA,NA,TRUE
"3523","A69-1602-3093",3523,"Noordzeekanaal","Spaarne sluis","VR2W-102063",52.412068,4.680792,2018-03-02 11:30:31,2018-03-04 21:48:52,3993,NA,NA,NA,21055.669673,1782.640686,FALSE,NA,NA,NA,NA,NA,NA,TRUE
"3524","A69-1602-3093",3524,"Noordzeekanaal","Spaarne sluis","VR2W-102063",52.412068,4.680792,2018-03-05 01:33:05,2018-03-08 09:24:07,4861,NA,NA,NA,21055.669673,1782.640686,FALSE,NA,NA,NA,NA,NA,NA,TRUE
"3525","A69-1602-3093",3525,"Noordzeekanaal","Spaarne sluis","VR2W-102063",52.412068,4.680792,2018-03-08 10:45:52,2018-03-08 12:58:33,71,NA,NA,NA,21055.669673,1782.640686,FALSE,NA,NA,NA,NA,NA,NA,TRUE
"3526","A69-1602-3093",3526,"Noordzeekanaal","Spaarne sluis","VR2W-102063",52.412068,4.680792,2018-03-08 16:24:38,2018-03-23 09:10:26,21922,NA,NA,NA,21055.669673,1782.640686,FALSE,NA,NA,NA,NA,NA,NA,TRUE
"3527","A69-1602-3093",3527,"Noordzeekanaal","Spaarne sluis","VR2W-102063",52.412068,4.680792,2018-03-23 11:04:38,2018-03-27 08:00:21,4807,NA,NA,NA,21055.669673,1782.640686,NA,NA,NA,NA,NA,NA,NA,TRUE
"3528","A69-1602-3094",3528,"Noordzeekanaal","rel_noordzeekanaal6","none",52.397264,4.677708,2017-10-26 11:00:00,2017-10-26 11:00:00,1,NA,NA,NA,0,0,TRUE,1624.079592,2,2017-10-27 00:25:42,1624.079592,48342,0.0335956226883455,TRUE
"3529","A69-1602-3094",3529,"Noordzeekanaal","Spaarne gemaal","VR2W-102057",52.410548,4.673446,2017-10-27 00:25:42,2017-10-27 00:38:20,12,48342,1624.079592,0.033596,1624.079592,1624.079592,FALSE,NA,NA,NA,NA,NA,NA,TRUE
"3530","A69-1602-3094",3530,"Noordzeekanaal","Spaarne gemaal","VR2W-102057",52.410548,4.673446,2017-10-27 17:54:37,2017-10-27 21:38:26,116,NA,NA,NA,1624.079592,1624.079592,FALSE,NA,NA,NA,NA,NA,NA,TRUE
"3531","A69-1602-3094",3531,"Noordzeekanaal","Spaarne gemaal","VR2W-102057",52.410548,4.673446,2017-10-28 01:10:42,2017-10-28 01:25:38,6,NA,NA,NA,1624.079592,1624.079592,FALSE,NA,NA,NA,NA,NA,NA,TRUE
"3532","A69-1602-3094",3532,"Noordzeekanaal","Spaarne gemaal","VR2W-102057",52.410548,4.673446,2017-10-28 06:45:05,2017-10-28 06:45:05,1,NA,NA,NA,1624.079592,1624.079592,FALSE,NA,NA,NA,NA,NA,NA,TRUE
"3533","A69-1602-3094",3533,"Noordzeekanaal","Spaarne gemaal","VR2W-102057",52.410548,4.673446,2017-10-28 17:58:39,2017-10-28 20:25:14,27,NA,NA,NA,1624.079592,1624.079592,FALSE,NA,NA,NA,NA,NA,NA,TRUE
"3534","A69-1602-3094",3534,"Noordzeekanaal","Spaarne gemaal","VR2W-102057",52.410548,4.673446,2017-10-29 23:15:34,2017-10-29 23:15:34,1,NA,NA,NA,1624.079592,1624.079592,FALSE,NA,NA,NA,NA,NA,NA,TRUE
"3535","A69-1602-3094",3535,"Noordzeekanaal","Spaarne gemaal","VR2W-102057",52.410548,4.673446,2017-10-30 01:14:22,2017-10-30 01:14:22,1,NA,NA,NA,1624.079592,1624.079592,FALSE,NA,NA,NA,NA,NA,NA,TRUE
"3536","A69-1602-3094",3536,"Noordzeekanaal","Spaarne gemaal","VR2W-102057",52.410548,4.673446,2017-10-30 04:34:42,2017-10-30 04:52:04,3,NA,NA,NA,1624.079592,1624.079592,FALSE,NA,NA,NA,NA,NA,NA,TRUE
"3537","A69-1602-3094",3537,"Noordzeekanaal","Spaarne gemaal","VR2W-102057",52.410548,4.673446,2017-10-30 17:16:01,2017-10-30 18:02:30,9,NA,NA,NA,1624.079592,1624.079592,FALSE,NA,NA,NA,NA,NA,NA,TRUE
"3538","A69-1602-3094",3538,"Noordzeekanaal","Spaarne gemaal","VR2W-102057",52.410548,4.673446,2017-10-31 18:16:34,2017-10-31 18:16:34,1,NA,NA,NA,1624.079592,1624.079592,FALSE,NA,NA,NA,NA,NA,NA,TRUE
"3539","A69-1602-3094",3539,"Noordzeekanaal","Spaarne gemaal","VR2W-102057",52.410548,4.673446,2017-10-31 19:38:58,2017-10-31 21:39:16,68,NA,NA,NA,1624.079592,1624.079592,FALSE,NA,NA,NA,NA,NA,NA,TRUE
"3540","A69-1602-3094",3540,"Noordzeekanaal","Spaarne gemaal","VR2W-102057",52.410548,4.673446,2017-11-02 21:02:49,2017-11-03 03:48:39,104,NA,NA,NA,1624.079592,1624.079592,FALSE,NA,NA,NA,NA,NA,NA,TRUE
"3541","A69-1602-3094",3541,"Noordzeekanaal","Spaarne gemaal","VR2W-102057",52.410548,4.673446,2017-11-03 09:55:23,2017-11-03 09:55:23,1,NA,NA,NA,1624.079592,1624.079592,NA,NA,NA,NA,NA,NA,NA,TRUE
"3542","A69-1602-3095",3542,"Noordzeekanaal","rel_noordzeekanaal6","none",52.397264,4.677708,2017-10-26 11:00:00,2017-10-26 11:00:00,1,NA,NA,NA,0,0,TRUE,1624.079592,2,2017-10-27 03:17:58,1624.079592,58678,0.027677828010498,TRUE
"3543","A69-1602-3095",3543,"Noordzeekanaal","Spaarne gemaal","VR2W-102057",52.410548,4.673446,2017-10-27 03:17:58,2017-10-27 05:06:36,44,58678,1624.079592,0.027678,1624.079592,1624.079592,FALSE,NA,NA,NA,NA,NA,NA,TRUE
"3544","A69-1602-3095",3544,"Noordzeekanaal","Spaarne gemaal","VR2W-102057",52.410548,4.673446,2017-10-30 02:59:58,2017-10-30 03:11:53,3,NA,NA,NA,1624.079592,1624.079592,FALSE,NA,NA,NA,NA,NA,NA,TRUE
"3545","A69-1602-3095",3545,"Noordzeekanaal","Spaarne gemaal","VR2W-102057",52.410548,4.673446,2017-11-11 05:19:57,2017-11-11 09:21:26,153,NA,NA,NA,1624.079592,1624.079592,FALSE,NA,NA,NA,NA,NA,NA,TRUE
"3546","A69-1602-3095",3546,"Noordzeekanaal","Spaarne gemaal","VR2W-102057",52.410548,4.673446,2017-11-11 16:27:05,2017-11-11 23:05:12,109,NA,NA,NA,1624.079592,1624.079592,FALSE,NA,NA,NA,NA,NA,NA,TRUE
"3547","A69-1602-3095",3547,"Noordzeekanaal","Spaarne gemaal","VR2W-102057",52.410548,4.673446,2017-12-28 05:59:15,2017-12-29 04:22:07,1276,NA,NA,NA,1624.079592,1624.079592,FALSE,NA,NA,NA,NA,NA,NA,TRUE
"3548","A69-1602-3095",3548,"Noordzeekanaal","Spaarne gemaal","VR2W-102057",52.410548,4.673446,2017-12-31 17:26:20,2017-12-31 17:31:09,6,NA,NA,NA,1624.079592,1624.079592,FALSE,NA,NA,NA,NA,NA,NA,TRUE
"3549","A69-1602-3095",3549,"Noordzeekanaal","Spaarne gemaal","VR2W-102057",52.410548,4.673446,2017-12-31 22:15:09,2017-12-31 22:31:13,15,NA,NA,NA,1624.079592,1624.079592,FALSE,NA,NA,NA,NA,NA,NA,TRUE
"3550","A69-1602-3095",3550,"Noordzeekanaal","Cruquius","VR2W-103671",52.338227,4.63522,2018-01-04 05:20:04,2018-01-04 05:46:04,33,283731,9424.407702,0.033216,11048.487294,-9131.540741,FALSE,1624.079592,11,2018-01-06 20:25:45,10755.620333,227141,0.0473521747857058,TRUE
"3551","A69-1602-3095",3551,"Noordzeekanaal","Cruquius","VR2W-103671",52.338227,4.63522,2018-01-05 22:45:01,2018-01-05 23:12:38,32,NA,NA,NA,11048.487294,-9131.540741,TRUE,1624.079592,11,2018-01-06 20:25:45,10755.620333,78044,0.137814826674696,TRUE
"3552","A69-1602-3095",3552,"Noordzeekanaal","Spaarne gemaal","VR2W-102057",52.410548,4.673446,2018-01-06 20:25:45,2018-01-07 21:29:52,1440,76387,9424.407702,0.123377,20472.894996,1624.079592,NA,NA,NA,NA,NA,NA,NA,TRUE
"3553","A69-1602-3096",3553,"Noordzeekanaal","rel_noordzeekanaal6","none",52.397264,4.677708,2017-10-26 11:00:00,2017-10-26 11:00:00,1,NA,NA,NA,0,0,TRUE,1624.079592,2,2017-10-26 18:18:50,1624.079592,26330,0.0616817163691607,TRUE
"3554","A69-1602-3096",3554,"Noordzeekanaal","Spaarne gemaal","VR2W-102057",52.410548,4.673446,2017-10-26 18:18:50,2017-10-26 18:20:56,2,26330,1624.079592,0.061682,1624.079592,1624.079592,TRUE,8841.612885,3,2017-10-29 02:02:55,7217.533293,200645,0.0359716578683745,TRUE
"3555","A69-1602-3096",3555,"Noordzeekanaal","Halfweg boezemzijde","VR2W-119056",52.391732,4.770434,2017-10-29 02:02:55,2017-10-29 03:22:57,54,200519,10382.859832,0.05178,12006.939424,8841.612885,NA,NA,NA,NA,NA,NA,NA,TRUE
"3556","A69-1602-3097",3556,"Noordzeekanaal","rel_noordzeekanaal6","none",52.397264,4.677708,2017-10-26 11:00:00,2017-10-26 11:00:00,1,NA,NA,NA,0,0,TRUE,8841.612885,2,2017-10-29 02:45:13,8841.612885,229513,0.0385233641885209,TRUE
"3557","A69-1602-3097",3557,"Noordzeekanaal","Halfweg boezemzijde","VR2W-119056",52.391732,4.770434,2017-10-29 02:45:13,2017-10-29 03:21:37,24,229513,8841.612885,0.038523,8841.612885,8841.612885,FALSE,10258.619926,3,2017-12-17 16:03:17,1417.007041,4281484,0.00033096165745335,TRUE
"3558","A69-1602-3097",3558,"Noordzeekanaal","Noordzeekanaal","VR2W-114165",52.462798,4.633995,2017-12-17 16:03:17,2017-12-17 16:03:17,1,4279300,14769.356919,0.003451,23610.969804,10258.619926,FALSE,11865.538924,5,2017-12-17 18:48:08,1606.918998,9891,0.1624627437064,TRUE
"3559","A69-1602-3097",3559,"Noordzeekanaal","Noordzeekanaal","VR2W-114165",52.462798,4.633995,2017-12-17 17:28:36,2017-12-17 18:46:45,79,NA,NA,NA,23610.969804,10258.619926,TRUE,11865.538924,5,2017-12-17 18:48:08,1606.918998,4772,0.336739102682314,TRUE
"3560","A69-1602-3097",3560,"Noordzeekanaal","Grote sluis NZK","VR2W-114178",52.467488,4.613347,2017-12-17 18:48:08,2017-12-17 19:33:18,34,83,1606.918999,19.36047,25217.888803,11865.538924,FALSE,NA,NA,NA,NA,NA,NA,TRUE
"3561","A69-1602-3097",3561,"Noordzeekanaal","Noordzeekanaal","VR2W-114165",52.462798,4.633995,2017-12-17 19:35:02,2017-12-17 19:35:02,1,104,1606.918999,15.451144,26824.807802,10258.619926,TRUE,11865.538924,7,2017-12-17 19:35:12,1606.918998,10,160.6918998,TRUE
"3562","A69-1602-3097",3562,"Noordzeekanaal","Grote sluis NZK","VR2W-114178",52.467488,4.613347,2017-12-17 19:35:12,2017-12-17 21:47:10,93,10,1606.918999,160.6919,28431.726801,11865.538924,TRUE,13289.636065,8,2017-12-17 21:53:28,1424.097141,8296,0.171660696841852,TRUE
"3563","A69-1602-3097",3563,"Noordzeekanaal","Spuisluis Noordzee","VR2W-132408",52.470319,4.594701,2017-12-17 21:53:28,2017-12-17 22:08:31,26,378,1424.097141,3.767453,29855.823942,13289.636065,NA,NA,NA,NA,NA,NA,NA,TRUE
"3564","A69-1602-3098",3564,"Noordzeekanaal","rel_noordzeekanaal7","none",52.385734,4.749574,2017-10-12 11:00:00,2017-10-12 11:00:00,1,NA,NA,NA,0,0,TRUE,1689.752652,2,2017-10-12 14:48:10,1689.752652,13690,0.123429704309715,TRUE
"3565","A69-1602-3098",3565,"Noordzeekanaal","Halfweg boezemzijde","VR2W-119056",52.391732,4.770434,2017-10-12 14:48:10,2017-10-12 20:07:15,132,13690,1689.752652,0.12343,1689.752652,1689.752652,FALSE,8693.10718,10,2017-10-17 02:15:11,7003.354528,386821,0.0181048974280093,TRUE
"3566","A69-1602-3098",3566,"Noordzeekanaal","Halfweg boezemzijde","VR2W-119056",52.391732,4.770434,2017-10-12 21:34:34,2017-10-13 01:45:52,79,NA,NA,NA,1689.752652,1689.752652,FALSE,8693.10718,10,2017-10-17 02:15:11,7003.354528,362437,0.0193229568945775,TRUE
"3567","A69-1602-3098",3567,"Noordzeekanaal","Halfweg boezemzijde","VR2W-119056",52.391732,4.770434,2017-10-13 02:47:49,2017-10-13 03:02:19,2,NA,NA,NA,1689.752652,1689.752652,FALSE,8693.10718,10,2017-10-17 02:15:11,7003.354528,343642,0.0203797979525204,TRUE
"3568","A69-1602-3098",3568,"Noordzeekanaal","Halfweg boezemzijde","VR2W-119056",52.391732,4.770434,2017-10-13 05:09:46,2017-10-13 05:25:30,5,NA,NA,NA,1689.752652,1689.752652,FALSE,8693.10718,10,2017-10-17 02:15:11,7003.354528,335125,0.0208977382409549,TRUE
"3569","A69-1602-3098",3569,"Noordzeekanaal","Halfweg boezemzijde","VR2W-119056",52.391732,4.770434,2017-10-13 16:56:13,2017-10-13 18:00:27,49,NA,NA,NA,1689.752652,1689.752652,FALSE,8693.10718,10,2017-10-17 02:15:11,7003.354528,292738,0.0239236263416434,TRUE
"3570","A69-1602-3098",3570,"Noordzeekanaal","Halfweg boezemzijde","VR2W-119056",52.391732,4.770434,2017-10-13 19:00:43,2017-10-13 23:10:30,72,NA,NA,NA,1689.752652,1689.752652,FALSE,8693.10718,10,2017-10-17 02:15:11,7003.354528,285268,0.0245500880855897,TRUE
"3571","A69-1602-3098",3571,"Noordzeekanaal","Halfweg boezemzijde","VR2W-119056",52.391732,4.770434,2017-10-14 05:47:06,2017-10-14 05:47:06,1,NA,NA,NA,1689.752652,1689.752652,FALSE,8693.10718,10,2017-10-17 02:15:11,7003.354528,246485,0.0284129035357121,TRUE
"3572","A69-1602-3098",3572,"Noordzeekanaal","Halfweg boezemzijde","VR2W-119056",52.391732,4.770434,2017-10-14 07:23:22,2017-10-14 10:49:39,43,NA,NA,NA,1689.752652,1689.752652,TRUE,8693.10718,10,2017-10-17 02:15:11,7003.354528,240709,0.0290946932935619,TRUE
"3573","A69-1602-3098",3573,"Noordzeekanaal","Spaarne gemaal","VR2W-102057",52.410548,4.673446,2017-10-17 02:15:11,2017-10-28 21:51:56,12068,228332,10382.859832,0.045473,12072.612484,8693.10718,FALSE,NA,NA,NA,NA,NA,NA,TRUE
"3574","A69-1602-3098",3574,"Noordzeekanaal","Spaarne gemaal","VR2W-102057",52.410548,4.673446,2017-10-29 02:24:08,2017-10-29 03:32:43,8,NA,NA,NA,12072.612484,8693.10718,FALSE,NA,NA,NA,NA,NA,NA,TRUE
"3575","A69-1602-3098",3575,"Noordzeekanaal","Spaarne gemaal","VR2W-102057",52.410548,4.673446,2017-10-29 04:55:38,2017-10-29 07:25:18,64,NA,NA,NA,12072.612484,8693.10718,FALSE,NA,NA,NA,NA,NA,NA,TRUE
"3576","A69-1602-3098",3576,"Noordzeekanaal","Spaarne gemaal","VR2W-102057",52.410548,4.673446,2017-10-29 09:45:20,2017-10-29 10:10:45,2,NA,NA,NA,12072.612484,8693.10718,FALSE,NA,NA,NA,NA,NA,NA,TRUE
"3577","A69-1602-3098",3577,"Noordzeekanaal","Spaarne gemaal","VR2W-102057",52.410548,4.673446,2017-10-29 15:32:37,2017-10-29 15:34:02,3,NA,NA,NA,12072.612484,8693.10718,FALSE,NA,NA,NA,NA,NA,NA,TRUE
"3578","A69-1602-3098",3578,"Noordzeekanaal","Spaarne gemaal","VR2W-102057",52.410548,4.673446,2017-10-29 17:27:10,2017-10-29 19:19:44,24,NA,NA,NA,12072.612484,8693.10718,FALSE,NA,NA,NA,NA,NA,NA,TRUE
"3579","A69-1602-3098",3579,"Noordzeekanaal","Spaarne gemaal","VR2W-102057",52.410548,4.673446,2017-10-29 20:24:13,2017-10-30 01:54:52,111,NA,NA,NA,12072.612484,8693.10718,FALSE,NA,NA,NA,NA,NA,NA,TRUE
"3580","A69-1602-3098",3580,"Noordzeekanaal","Spaarne gemaal","VR2W-102057",52.410548,4.673446,2017-10-30 05:05:58,2017-10-31 02:43:31,390,NA,NA,NA,12072.612484,8693.10718,FALSE,NA,NA,NA,NA,NA,NA,TRUE
"3581","A69-1602-3098",3581,"Noordzeekanaal","Spaarne gemaal","VR2W-102057",52.410548,4.673446,2017-10-31 03:47:45,2017-10-31 03:48:27,2,NA,NA,NA,12072.612484,8693.10718,FALSE,NA,NA,NA,NA,NA,NA,TRUE
"3582","A69-1602-3098",3582,"Noordzeekanaal","Spaarne gemaal","VR2W-102057",52.410548,4.673446,2017-10-31 05:39:46,2017-10-31 07:05:43,18,NA,NA,NA,12072.612484,8693.10718,FALSE,NA,NA,NA,NA,NA,NA,TRUE
"3583","A69-1602-3098",3583,"Noordzeekanaal","Spaarne gemaal","VR2W-102057",52.410548,4.673446,2017-10-31 08:23:21,2017-10-31 14:43:25,97,NA,NA,NA,12072.612484,8693.10718,FALSE,NA,NA,NA,NA,NA,NA,TRUE
"3584","A69-1602-3098",3584,"Noordzeekanaal","Spaarne gemaal","VR2W-102057",52.410548,4.673446,2017-10-31 16:17:04,2017-10-31 20:44:37,91,NA,NA,NA,12072.612484,8693.10718,FALSE,NA,NA,NA,NA,NA,NA,TRUE
"3585","A69-1602-3098",3585,"Noordzeekanaal","Spaarne gemaal","VR2W-102057",52.410548,4.673446,2017-10-31 21:48:15,2017-11-01 01:45:49,190,NA,NA,NA,12072.612484,8693.10718,FALSE,NA,NA,NA,NA,NA,NA,TRUE
"3586","A69-1602-3098",3586,"Noordzeekanaal","Spaarne gemaal","VR2W-102057",52.410548,4.673446,2017-11-01 02:57:51,2017-11-01 02:57:51,1,NA,NA,NA,12072.612484,8693.10718,FALSE,NA,NA,NA,NA,NA,NA,TRUE
"3587","A69-1602-3098",3587,"Noordzeekanaal","Spaarne gemaal","VR2W-102057",52.410548,4.673446,2017-11-01 04:21:49,2017-11-01 09:23:08,183,NA,NA,NA,12072.612484,8693.10718,FALSE,NA,NA,NA,NA,NA,NA,TRUE
"3588","A69-1602-3098",3588,"Noordzeekanaal","Spaarne gemaal","VR2W-102057",52.410548,4.673446,2017-11-01 11:51:02,2017-11-01 11:57:36,4,NA,NA,NA,12072.612484,8693.10718,FALSE,NA,NA,NA,NA,NA,NA,TRUE
"3589","A69-1602-3098",3589,"Noordzeekanaal","Spaarne gemaal","VR2W-102057",52.410548,4.673446,2017-11-01 14:44:29,2017-11-01 22:26:42,259,NA,NA,NA,12072.612484,8693.10718,FALSE,NA,NA,NA,NA,NA,NA,TRUE
"3590","A69-1602-3098",3590,"Noordzeekanaal","Spaarne gemaal","VR2W-102057",52.410548,4.673446,2017-11-01 23:27:52,2017-11-01 23:40:28,3,NA,NA,NA,12072.612484,8693.10718,FALSE,NA,NA,NA,NA,NA,NA,TRUE
"3591","A69-1602-3098",3591,"Noordzeekanaal","Spaarne gemaal","VR2W-102057",52.410548,4.673446,2017-11-02 03:15:32,2017-11-02 13:00:15,235,NA,NA,NA,12072.612484,8693.10718,FALSE,NA,NA,NA,NA,NA,NA,TRUE
"3592","A69-1602-3098",3592,"Noordzeekanaal","Spaarne gemaal","VR2W-102057",52.410548,4.673446,2017-11-02 14:05:05,2017-11-02 15:31:31,4,NA,NA,NA,12072.612484,8693.10718,FALSE,NA,NA,NA,NA,NA,NA,TRUE
"3593","A69-1602-3098",3593,"Noordzeekanaal","Spaarne gemaal","VR2W-102057",52.410548,4.673446,2017-11-02 19:57:27,2017-11-02 20:25:52,14,NA,NA,NA,12072.612484,8693.10718,FALSE,NA,NA,NA,NA,NA,NA,TRUE
"3594","A69-1602-3098",3594,"Noordzeekanaal","Spaarne gemaal","VR2W-102057",52.410548,4.673446,2017-11-02 23:11:24,2017-11-03 08:22:47,233,NA,NA,NA,12072.612484,8693.10718,FALSE,NA,NA,NA,NA,NA,NA,TRUE
"3595","A69-1602-3098",3595,"Noordzeekanaal","Spaarne gemaal","VR2W-102057",52.410548,4.673446,2017-11-03 09:25:16,2017-11-03 11:07:37,9,NA,NA,NA,12072.612484,8693.10718,FALSE,NA,NA,NA,NA,NA,NA,TRUE
"3596","A69-1602-3098",3596,"Noordzeekanaal","Spaarne gemaal","VR2W-102057",52.410548,4.673446,2017-11-03 12:51:23,2017-11-03 15:38:24,65,NA,NA,NA,12072.612484,8693.10718,FALSE,NA,NA,NA,NA,NA,NA,TRUE
"3597","A69-1602-3098",3597,"Noordzeekanaal","Spaarne gemaal","VR2W-102057",52.410548,4.673446,2017-11-03 18:43:42,2017-11-03 21:32:46,59,NA,NA,NA,12072.612484,8693.10718,FALSE,NA,NA,NA,NA,NA,NA,TRUE
"3598","A69-1602-3098",3598,"Noordzeekanaal","Spaarne gemaal","VR2W-102057",52.410548,4.673446,2017-11-04 06:33:48,2017-11-04 06:45:53,5,NA,NA,NA,12072.612484,8693.10718,FALSE,NA,NA,NA,NA,NA,NA,TRUE
"3599","A69-1602-3098",3599,"Noordzeekanaal","Spaarne gemaal","VR2W-102057",52.410548,4.673446,2017-11-04 15:53:33,2017-11-04 16:01:55,4,NA,NA,NA,12072.612484,8693.10718,FALSE,NA,NA,NA,NA,NA,NA,TRUE
"3600","A69-1602-3098",3600,"Noordzeekanaal","Spaarne gemaal","VR2W-102057",52.410548,4.673446,2017-11-05 05:25:49,2017-11-05 05:38:09,2,NA,NA,NA,12072.612484,8693.10718,FALSE,NA,NA,NA,NA,NA,NA,TRUE
"3601","A69-1602-3098",3601,"Noordzeekanaal","Spaarne gemaal","VR2W-102057",52.410548,4.673446,2017-11-05 08:16:06,2017-11-05 08:39:01,3,NA,NA,NA,12072.612484,8693.10718,FALSE,NA,NA,NA,NA,NA,NA,TRUE
"3602","A69-1602-3098",3602,"Noordzeekanaal","Spaarne gemaal","VR2W-102057",52.410548,4.673446,2017-11-05 17:24:50,2017-11-05 18:11:34,10,NA,NA,NA,12072.612484,8693.10718,FALSE,NA,NA,NA,NA,NA,NA,TRUE
"3603","A69-1602-3098",3603,"Noordzeekanaal","Spaarne gemaal","VR2W-102057",52.410548,4.673446,2017-11-05 21:06:26,2017-11-05 21:14:57,3,NA,NA,NA,12072.612484,8693.10718,FALSE,NA,NA,NA,NA,NA,NA,TRUE
"3604","A69-1602-3098",3604,"Noordzeekanaal","Spaarne gemaal","VR2W-102057",52.410548,4.673446,2017-11-06 03:45:00,2017-11-06 04:26:36,2,NA,NA,NA,12072.612484,8693.10718,FALSE,NA,NA,NA,NA,NA,NA,TRUE
"3605","A69-1602-3098",3605,"Noordzeekanaal","Spaarne gemaal","VR2W-102057",52.410548,4.673446,2017-11-06 14:13:04,2017-11-06 14:13:04,1,NA,NA,NA,12072.612484,8693.10718,FALSE,NA,NA,NA,NA,NA,NA,TRUE
"3606","A69-1602-3098",3606,"Noordzeekanaal","Spaarne gemaal","VR2W-102057",52.410548,4.673446,2017-11-06 18:43:25,2017-11-06 18:43:25,1,NA,NA,NA,12072.612484,8693.10718,FALSE,NA,NA,NA,NA,NA,NA,TRUE
"3607","A69-1602-3098",3607,"Noordzeekanaal","Spaarne gemaal","VR2W-102057",52.410548,4.673446,2017-11-06 22:04:54,2017-11-06 22:11:41,3,NA,NA,NA,12072.612484,8693.10718,FALSE,NA,NA,NA,NA,NA,NA,TRUE
"3608","A69-1602-3098",3608,"Noordzeekanaal","Spaarne gemaal","VR2W-102057",52.410548,4.673446,2017-11-07 06:42:19,2017-11-07 06:51:36,3,NA,NA,NA,12072.612484,8693.10718,FALSE,NA,NA,NA,NA,NA,NA,TRUE
"3609","A69-1602-3098",3609,"Noordzeekanaal","Spaarne gemaal","VR2W-102057",52.410548,4.673446,2017-11-07 09:17:57,2017-11-07 09:17:57,1,NA,NA,NA,12072.612484,8693.10718,FALSE,NA,NA,NA,NA,NA,NA,TRUE
"3610","A69-1602-3098",3610,"Noordzeekanaal","Spaarne gemaal","VR2W-102057",52.410548,4.673446,2017-11-07 15:22:14,2017-11-07 17:11:39,19,NA,NA,NA,12072.612484,8693.10718,FALSE,NA,NA,NA,NA,NA,NA,TRUE
"3611","A69-1602-3098",3611,"Noordzeekanaal","Spaarne gemaal","VR2W-102057",52.410548,4.673446,2017-11-07 21:29:12,2017-11-07 21:29:12,1,NA,NA,NA,12072.612484,8693.10718,FALSE,NA,NA,NA,NA,NA,NA,TRUE
"3612","A69-1602-3098",3612,"Noordzeekanaal","Spaarne gemaal","VR2W-102057",52.410548,4.673446,2017-11-07 23:01:24,2017-11-07 23:21:43,2,NA,NA,NA,12072.612484,8693.10718,FALSE,NA,NA,NA,NA,NA,NA,TRUE
"3613","A69-1602-3098",3613,"Noordzeekanaal","Spaarne gemaal","VR2W-102057",52.410548,4.673446,2017-11-08 04:40:13,2017-11-08 05:05:00,8,NA,NA,NA,12072.612484,8693.10718,FALSE,NA,NA,NA,NA,NA,NA,TRUE
"3614","A69-1602-3098",3614,"Noordzeekanaal","Spaarne gemaal","VR2W-102057",52.410548,4.673446,2017-11-08 06:26:47,2017-11-08 06:26:47,1,NA,NA,NA,12072.612484,8693.10718,FALSE,NA,NA,NA,NA,NA,NA,TRUE
"3615","A69-1602-3098",3615,"Noordzeekanaal","Spaarne gemaal","VR2W-102057",52.410548,4.673446,2017-11-08 07:35:12,2017-11-08 08:19:38,8,NA,NA,NA,12072.612484,8693.10718,FALSE,NA,NA,NA,NA,NA,NA,TRUE
"3616","A69-1602-3098",3616,"Noordzeekanaal","Spaarne gemaal","VR2W-102057",52.410548,4.673446,2017-11-08 12:57:53,2017-11-08 12:58:40,2,NA,NA,NA,12072.612484,8693.10718,FALSE,NA,NA,NA,NA,NA,NA,TRUE
"3617","A69-1602-3098",3617,"Noordzeekanaal","Spaarne gemaal","VR2W-102057",52.410548,4.673446,2017-11-08 20:23:45,2017-11-08 20:23:45,1,NA,NA,NA,12072.612484,8693.10718,FALSE,NA,NA,NA,NA,NA,NA,TRUE
"3618","A69-1602-3098",3618,"Noordzeekanaal","Spaarne gemaal","VR2W-102057",52.410548,4.673446,2017-11-09 13:59:56,2017-11-09 14:19:26,4,NA,NA,NA,12072.612484,8693.10718,FALSE,NA,NA,NA,NA,NA,NA,TRUE
"3619","A69-1602-3098",3619,"Noordzeekanaal","Spaarne gemaal","VR2W-102057",52.410548,4.673446,2017-11-09 15:35:02,2017-11-09 16:43:53,6,NA,NA,NA,12072.612484,8693.10718,FALSE,NA,NA,NA,NA,NA,NA,TRUE
"3620","A69-1602-3098",3620,"Noordzeekanaal","Spaarne gemaal","VR2W-102057",52.410548,4.673446,2017-11-09 22:06:05,2017-11-09 23:09:44,21,NA,NA,NA,12072.612484,8693.10718,FALSE,NA,NA,NA,NA,NA,NA,TRUE
"3621","A69-1602-3098",3621,"Noordzeekanaal","Spaarne gemaal","VR2W-102057",52.410548,4.673446,2017-11-10 18:48:58,2017-11-10 22:16:47,25,NA,NA,NA,12072.612484,8693.10718,FALSE,NA,NA,NA,NA,NA,NA,TRUE
"3622","A69-1602-3098",3622,"Noordzeekanaal","Spaarne gemaal","VR2W-102057",52.410548,4.673446,2017-11-11 04:16:27,2017-11-11 05:28:05,6,NA,NA,NA,12072.612484,8693.10718,FALSE,NA,NA,NA,NA,NA,NA,TRUE
"3623","A69-1602-3098",3623,"Noordzeekanaal","Spaarne gemaal","VR2W-102057",52.410548,4.673446,2017-11-11 06:54:05,2017-11-11 06:54:05,1,NA,NA,NA,12072.612484,8693.10718,FALSE,NA,NA,NA,NA,NA,NA,TRUE
"3624","A69-1602-3098",3624,"Noordzeekanaal","Spaarne gemaal","VR2W-102057",52.410548,4.673446,2017-11-11 15:59:11,2017-11-11 21:41:32,66,NA,NA,NA,12072.612484,8693.10718,FALSE,NA,NA,NA,NA,NA,NA,TRUE
"3625","A69-1602-3098",3625,"Noordzeekanaal","Spaarne gemaal","VR2W-102057",52.410548,4.673446,2017-11-11 22:50:30,2017-11-12 09:03:33,189,NA,NA,NA,12072.612484,8693.10718,FALSE,NA,NA,NA,NA,NA,NA,TRUE
"3626","A69-1602-3098",3626,"Noordzeekanaal","Spaarne gemaal","VR2W-102057",52.410548,4.673446,2017-11-12 10:10:22,2017-11-12 10:32:22,11,NA,NA,NA,12072.612484,8693.10718,FALSE,NA,NA,NA,NA,NA,NA,TRUE
"3627","A69-1602-3098",3627,"Noordzeekanaal","Spaarne gemaal","VR2W-102057",52.410548,4.673446,2017-11-12 13:53:47,2017-11-12 13:57:09,3,NA,NA,NA,12072.612484,8693.10718,FALSE,NA,NA,NA,NA,NA,NA,TRUE
"3628","A69-1602-3098",3628,"Noordzeekanaal","Spaarne gemaal","VR2W-102057",52.410548,4.673446,2017-11-12 15:06:34,2017-11-13 04:37:11,409,NA,NA,NA,12072.612484,8693.10718,FALSE,NA,NA,NA,NA,NA,NA,TRUE
"3629","A69-1602-3098",3629,"Noordzeekanaal","Spaarne gemaal","VR2W-102057",52.410548,4.673446,2017-11-13 06:25:22,2017-11-13 06:46:08,2,NA,NA,NA,12072.612484,8693.10718,FALSE,NA,NA,NA,NA,NA,NA,TRUE
"3630","A69-1602-3098",3630,"Noordzeekanaal","Spaarne gemaal","VR2W-102057",52.410548,4.673446,2017-11-13 14:58:48,2017-11-13 15:13:14,6,NA,NA,NA,12072.612484,8693.10718,FALSE,NA,NA,NA,NA,NA,NA,TRUE
"3631","A69-1602-3098",3631,"Noordzeekanaal","Spaarne gemaal","VR2W-102057",52.410548,4.673446,2017-11-13 16:27:53,2017-11-14 00:37:22,263,NA,NA,NA,12072.612484,8693.10718,FALSE,NA,NA,NA,NA,NA,NA,TRUE
"3632","A69-1602-3098",3632,"Noordzeekanaal","Spaarne gemaal","VR2W-102057",52.410548,4.673446,2017-11-14 01:39:43,2017-11-14 01:39:43,1,NA,NA,NA,12072.612484,8693.10718,FALSE,NA,NA,NA,NA,NA,NA,TRUE
"3633","A69-1602-3098",3633,"Noordzeekanaal","Spaarne gemaal","VR2W-102057",52.410548,4.673446,2017-11-14 02:43:14,2017-11-14 02:43:14,1,NA,NA,NA,12072.612484,8693.10718,FALSE,NA,NA,NA,NA,NA,NA,TRUE
"3634","A69-1602-3098",3634,"Noordzeekanaal","Spaarne gemaal","VR2W-102057",52.410548,4.673446,2017-11-15 17:24:49,2017-11-16 08:46:32,480,NA,NA,NA,12072.612484,8693.10718,NA,NA,NA,NA,NA,NA,NA,TRUE
"3635","A69-1602-3098",3635,"Noordzeekanaal","Spaarne sluis","VR2W-102063",52.412068,4.680792,2017-11-16 10:08:34,2017-11-16 11:54:51,21,4922,582.774677,0.118402,12655.387161,8934.500919,FALSE,NA,NA,NA,NA,NA,NA,TRUE
"3636","A69-1602-3098",3636,"Noordzeekanaal","Spaarne sluis","VR2W-102063",52.412068,4.680792,2017-11-16 13:06:25,2017-11-16 19:29:37,138,NA,NA,NA,12655.387161,8934.500919,FALSE,NA,NA,NA,NA,NA,NA,TRUE
"3637","A69-1602-3098",3637,"Noordzeekanaal","Spaarne sluis","VR2W-102063",52.412068,4.680792,2017-11-16 20:44:09,2017-11-16 22:28:15,96,NA,NA,NA,12655.387161,8934.500919,FALSE,NA,NA,NA,NA,NA,NA,TRUE
"3638","A69-1602-3098",3638,"Noordzeekanaal","Spaarne gemaal","VR2W-102057",52.410548,4.673446,2017-11-17 01:33:03,2017-11-17 02:31:41,2,11088,582.774677,0.052559,13238.161838,8693.10718,FALSE,NA,NA,NA,NA,NA,NA,TRUE
"3639","A69-1602-3098",3639,"Noordzeekanaal","Spaarne gemaal","VR2W-102057",52.410548,4.673446,2017-12-25 23:22:43,2017-12-26 00:34:52,63,NA,NA,NA,13238.161838,8693.10718,FALSE,NA,NA,NA,NA,NA,NA,TRUE
"3640","A69-1602-3098",3640,"Noordzeekanaal","Spaarne gemaal","VR2W-102057",52.410548,4.673446,2017-12-26 02:01:57,2017-12-26 09:17:40,269,NA,NA,NA,13238.161838,8693.10718,FALSE,NA,NA,NA,NA,NA,NA,TRUE
"3641","A69-1602-3098",3641,"Noordzeekanaal","Spaarne gemaal","VR2W-102057",52.410548,4.673446,2017-12-26 15:32:01,2017-12-26 16:45:32,33,NA,NA,NA,13238.161838,8693.10718,FALSE,NA,NA,NA,NA,NA,NA,TRUE
"3642","A69-1602-3098",3642,"Noordzeekanaal","Spaarne gemaal","VR2W-102057",52.410548,4.673446,2017-12-31 17:22:53,2017-12-31 17:54:30,20,NA,NA,NA,13238.161838,8693.10718,FALSE,NA,NA,NA,NA,NA,NA,TRUE
"3643","A69-1602-3098",3643,"Noordzeekanaal","Spaarne gemaal","VR2W-102057",52.410548,4.673446,2017-12-31 19:34:51,2017-12-31 23:01:58,173,NA,NA,NA,13238.161838,8693.10718,FALSE,NA,NA,NA,NA,NA,NA,TRUE
"3644","A69-1602-3098",3644,"Noordzeekanaal","Spaarne gemaal","VR2W-102057",52.410548,4.673446,2018-01-01 19:21:15,2018-01-01 19:40:02,8,NA,NA,NA,13238.161838,8693.10718,FALSE,NA,NA,NA,NA,NA,NA,TRUE
"3645","A69-1602-3098",3645,"Noordzeekanaal","Spaarne gemaal","VR2W-102057",52.410548,4.673446,2018-01-01 23:20:36,2018-01-01 23:20:36,1,NA,NA,NA,13238.161838,8693.10718,FALSE,NA,NA,NA,NA,NA,NA,TRUE
"3646","A69-1602-3098",3646,"Noordzeekanaal","Spaarne gemaal","VR2W-102057",52.410548,4.673446,2018-01-18 17:31:05,2018-01-18 17:31:05,1,NA,NA,NA,13238.161838,8693.10718,FALSE,NA,NA,NA,NA,NA,NA,TRUE
"3647","A69-1602-3098",3647,"Noordzeekanaal","Spaarne gemaal","VR2W-102057",52.410548,4.673446,2018-01-24 19:23:14,2018-01-29 09:26:13,7941,NA,NA,NA,13238.161838,8693.10718,NA,NA,NA,NA,NA,NA,NA,TRUE
"3648","A69-1602-3098",3648,"Noordzeekanaal","Spaarne sluis","VR2W-102063",52.412068,4.680792,2018-01-29 15:52:12,2018-01-31 03:03:39,1580,23159,582.774677,0.025164,13820.936515,8934.500919,FALSE,NA,NA,NA,NA,NA,NA,TRUE
"3649","A69-1602-3098",3649,"Noordzeekanaal","Spaarne sluis","VR2W-102063",52.412068,4.680792,2018-01-31 06:29:51,2018-01-31 06:29:51,1,NA,NA,NA,13820.936515,8934.500919,FALSE,NA,NA,NA,NA,NA,NA,TRUE
"3650","A69-1602-3098",3650,"Noordzeekanaal","Spaarne sluis","VR2W-102063",52.412068,4.680792,2018-01-31 07:30:59,2018-01-31 08:01:19,5,NA,NA,NA,13820.936515,8934.500919,FALSE,NA,NA,NA,NA,NA,NA,TRUE
"3651","A69-1602-3098",3651,"Noordzeekanaal","Spaarne sluis","VR2W-102063",52.412068,4.680792,2018-01-31 09:43:26,2018-01-31 10:59:16,3,NA,NA,NA,13820.936515,8934.500919,NA,NA,NA,NA,NA,NA,NA,TRUE
"3652","A69-1602-3099",3652,"Noordzeekanaal","rel_noordzeekanaal7","none",52.385734,4.749574,2017-10-12 11:00:00,2017-10-12 11:00:00,1,NA,NA,NA,0,0,TRUE,8693.10718,2,2017-10-15 22:19:13,8693.10718,299953,0.0289815643784193,TRUE
"3653","A69-1602-3099",3653,"Noordzeekanaal","Spaarne gemaal","VR2W-102057",52.410548,4.673446,2017-10-15 22:19:13,2017-10-15 22:26:56,2,299953,8693.10718,0.028982,8693.10718,8693.10718,FALSE,16459.109571,14,2017-11-13 19:01:11,7766.002391,2493718,0.00311422638445887,TRUE
"3654","A69-1602-3099",3654,"Noordzeekanaal","Spaarne gemaal","VR2W-102057",52.410548,4.673446,2017-10-16 01:27:21,2017-10-16 02:16:35,3,NA,NA,NA,8693.10718,8693.10718,FALSE,16459.109571,14,2017-11-13 19:01:11,7766.002391,2482430,0.00312838726207788,TRUE
"3655","A69-1602-3099",3655,"Noordzeekanaal","Spaarne gemaal","VR2W-102057",52.410548,4.673446,2017-10-16 18:46:13,2017-10-16 20:50:18,125,NA,NA,NA,8693.10718,8693.10718,FALSE,16459.109571,14,2017-11-13 19:01:11,7766.002391,2420098,0.00320896194740874,TRUE
"3656","A69-1602-3099",3656,"Noordzeekanaal","Spaarne gemaal","VR2W-102057",52.410548,4.673446,2017-10-18 19:58:57,2017-10-18 20:02:40,5,NA,NA,NA,8693.10718,8693.10718,FALSE,16459.109571,14,2017-11-13 19:01:11,7766.002391,2242934,0.00346243018787,TRUE
"3657","A69-1602-3099",3657,"Noordzeekanaal","Spaarne gemaal","VR2W-102057",52.410548,4.673446,2017-11-05 16:55:38,2017-11-05 16:55:38,1,NA,NA,NA,8693.10718,8693.10718,FALSE,16459.109571,14,2017-11-13 19:01:11,7766.002391,698733,0.0111144062052315,TRUE
"3658","A69-1602-3099",3658,"Noordzeekanaal","Spaarne gemaal","VR2W-102057",52.410548,4.673446,2017-11-05 20:41:03,2017-11-05 22:19:50,53,NA,NA,NA,8693.10718,8693.10718,TRUE,16459.109571,14,2017-11-13 19:01:11,7766.002391,685208,0.0113337882672123,TRUE
"3659","A69-1602-3099",3659,"Noordzeekanaal","Zijkanaal C kom","VR2W-103673",52.416501,4.678964,2017-11-05 23:34:52,2017-11-06 02:17:22,74,4502,724.181218,0.160858,9417.288398,9251.623106,FALSE,NA,NA,NA,NA,NA,NA,TRUE
"3660","A69-1602-3099",3660,"Noordzeekanaal","Spaarne gemaal","VR2W-102057",52.410548,4.673446,2017-11-10 21:59:32,2017-11-11 03:21:15,180,416530,724.181218,0.001739,10141.469616,8693.10718,FALSE,16459.109571,14,2017-11-13 19:01:11,7766.002391,248499,0.031251644437201,TRUE
"3661","A69-1602-3099",3661,"Noordzeekanaal","Spaarne gemaal","VR2W-102057",52.410548,4.673446,2017-11-11 18:30:06,2017-11-12 00:11:26,194,NA,NA,NA,10141.469616,8693.10718,TRUE,16459.109571,14,2017-11-13 19:01:11,7766.002391,174665,0.0444622700083016,TRUE
"3662","A69-1602-3099",3662,"Noordzeekanaal","Zijkanaal C kom","VR2W-102053",52.41411,4.682403,2017-11-12 01:13:17,2017-11-12 03:23:09,116,3711,724.181218,0.195144,10865.650834,9251.623106,FALSE,16459.109571,14,2017-11-13 19:01:11,7207.486465,150474,0.0478985503475684,TRUE
"3663","A69-1602-3099",3663,"Noordzeekanaal","Zijkanaal C kom","VR2W-102053",52.41411,4.682403,2017-11-12 04:49:23,2017-11-12 06:11:38,31,NA,NA,NA,10865.650834,9251.623106,FALSE,16459.109571,14,2017-11-13 19:01:11,7207.486465,137508,0.0524150337798528,TRUE
"3664","A69-1602-3099",3664,"Noordzeekanaal","Zijkanaal C kom","VR2W-102053",52.41411,4.682403,2017-11-12 18:53:55,2017-11-12 19:59:09,58,NA,NA,NA,10865.650834,9251.623106,TRUE,16459.109571,14,2017-11-13 19:01:11,7207.486465,86836,0.0830011339191119,TRUE
"3665","A69-1602-3099",3665,"Noordzeekanaal","Noordzeekanaal","VR2W-114165",52.462798,4.633995,2017-11-13 19:01:11,2017-11-13 19:50:30,29,82922,8158.857053,0.098392,19024.507887,16459.109571,TRUE,18066.028569,15,2017-11-13 19:52:19,1606.918998,3068,0.523767600391133,TRUE
"3666","A69-1602-3099",3666,"Noordzeekanaal","Grote sluis NZK","VR2W-114178",52.467488,4.613347,2017-11-13 19:52:19,2017-11-13 19:52:19,1,109,1606.918999,14.742376,20631.426886,18066.028569,FALSE,NA,NA,NA,NA,NA,NA,TRUE
"3667","A69-1602-3099",3667,"Noordzeekanaal","Noordzeekanaal","VR2W-114165",52.462798,4.633995,2017-11-13 19:58:43,2017-11-13 19:58:43,1,384,1606.918999,4.184685,22238.345885,16459.109571,TRUE,18631.648694,17,2017-11-13 20:23:15,2172.539123,1472,1.47590973029891,TRUE
"3668","A69-1602-3099",3668,"Noordzeekanaal","Spuisluis NZK","VR2W-114167",52.470646,4.607811,2017-11-13 20:23:15,2017-11-14 01:19:44,246,1472,2172.539123,1.47591,24410.885008,18631.648694,FALSE,NA,NA,NA,NA,NA,NA,TRUE
"3669","A69-1602-3099",3669,"Noordzeekanaal","Spuisluis NZK","VR2W-114167",52.470646,4.607811,2017-11-14 02:43:56,2017-11-14 04:32:40,121,NA,NA,NA,24410.885008,18631.648694,FALSE,NA,NA,NA,NA,NA,NA,TRUE
"3670","A69-1602-3099",3670,"Noordzeekanaal","Noordzeekanaal","VR2W-114165",52.462798,4.633995,2017-11-14 05:00:32,2017-11-14 05:00:32,1,1672,2172.539123,1.299366,26583.424131,16459.109571,TRUE,18066.028569,20,2017-11-14 05:05:19,1606.918998,287,5.5990208989547,TRUE
"3671","A69-1602-3099",3671,"Noordzeekanaal","Grote sluis NZK","VR2W-114178",52.467488,4.613347,2017-11-14 05:05:19,2017-11-14 06:49:36,62,287,1606.918999,5.599021,28190.34313,18066.028569,FALSE,NA,NA,NA,NA,NA,NA,TRUE
"3672","A69-1602-3099",3672,"Noordzeekanaal","Noordzeekanaal","VR2W-114165",52.462798,4.633995,2017-11-14 07:34:49,2017-11-14 13:55:43,337,2713,1606.918999,0.592303,29797.262129,16459.109571,TRUE,18783.100554,22,2017-11-14 15:50:58,2323.990983,29769,0.0780674857401995,TRUE
"3673","A69-1602-3099",3673,"Noordzeekanaal","Middensluis NZK","VR2W-132417",52.465373,4.601803,2017-11-14 15:50:58,2017-11-14 17:33:29,77,6915,2323.990983,0.33608,32121.253112,18783.100554,FALSE,NA,NA,NA,NA,NA,NA,TRUE
"3674","A69-1602-3099",3674,"Noordzeekanaal","Noordzeekanaal","VR2W-114165",52.462798,4.633995,2017-11-14 18:07:04,2017-11-14 18:10:04,4,2015,2323.990983,1.153345,34445.244095,16459.109571,TRUE,18066.028569,24,2017-11-14 18:12:35,1606.918998,331,4.85474017522658,TRUE
"3675","A69-1602-3099",3675,"Noordzeekanaal","Grote sluis NZK","VR2W-114178",52.467488,4.613347,2017-11-14 18:12:35,2017-11-14 20:19:38,53,151,1606.918999,10.641848,36052.163094,18066.028569,NA,NA,NA,NA,NA,NA,NA,TRUE
"3676","A69-1602-3100",3676,"Noordzeekanaal","rel_noordzeekanaal7","none",52.385734,4.749574,2017-10-12 11:00:00,2017-10-12 11:00:00,1,NA,NA,NA,0,0,FALSE,1689.752652,2,2017-10-19 20:11:43,1689.752652,637903,0.00264891786368774,FALSE
"3677","A69-1602-3100",3677,"Noordzeekanaal","Halfweg boezemzijde","VR2W-119056",52.391732,4.770434,2017-10-19 20:11:43,2017-10-19 22:43:29,114,637903,1689.752652,0.002649,1689.752652,1689.752652,FALSE,16459.109571,11,2017-11-22 16:24:53,14769.356919,2923990,0.00505109693227405,FALSE
"3678","A69-1602-3100",3678,"Noordzeekanaal","Halfweg boezemzijde","VR2W-119056",52.391732,4.770434,2017-10-20 14:08:01,2017-10-20 14:30:21,31,NA,NA,NA,1689.752652,1689.752652,FALSE,16459.109571,11,2017-11-22 16:24:53,14769.356919,2859412,0.00516517274145873,FALSE
"3679","A69-1602-3100",3679,"Noordzeekanaal","Halfweg boezemzijde","VR2W-119056",52.391732,4.770434,2017-10-20 17:13:13,2017-10-20 19:15:15,81,NA,NA,NA,1689.752652,1689.752652,FALSE,16459.109571,11,2017-11-22 16:24:53,14769.356919,2848300,0.00518532349787593,FALSE
"3680","A69-1602-3100",3680,"Noordzeekanaal","Halfweg boezemzijde","VR2W-119056",52.391732,4.770434,2017-10-20 21:29:07,2017-10-21 00:02:45,103,NA,NA,NA,1689.752652,1689.752652,FALSE,16459.109571,11,2017-11-22 16:24:53,14769.356919,2832946,0.00521342691283208,FALSE
"3681","A69-1602-3100",3681,"Noordzeekanaal","Halfweg boezemzijde","VR2W-119056",52.391732,4.770434,2017-11-12 01:38:48,2017-11-12 02:33:10,27,NA,NA,NA,1689.752652,1689.752652,FALSE,16459.109571,11,2017-11-22 16:24:53,14769.356919,917165,0.0161032714059084,FALSE
"3682","A69-1602-3100",3682,"Noordzeekanaal","Halfweg boezemzijde","VR2W-119056",52.391732,4.770434,2017-11-18 18:42:04,2017-11-18 20:20:05,68,NA,NA,NA,1689.752652,1689.752652,FALSE,16459.109571,11,2017-11-22 16:24:53,14769.356919,337369,0.0437780499067786,FALSE
"3683","A69-1602-3100",3683,"Noordzeekanaal","Halfweg boezemzijde","VR2W-119056",52.391732,4.770434,2017-11-19 02:26:06,2017-11-19 03:25:26,34,NA,NA,NA,1689.752652,1689.752652,FALSE,16459.109571,11,2017-11-22 16:24:53,14769.356919,309527,0.0477158920514204,FALSE
"3684","A69-1602-3100",3684,"Noordzeekanaal","Halfweg boezemzijde","VR2W-119056",52.391732,4.770434,2017-11-21 17:49:23,2017-11-21 19:43:51,47,NA,NA,NA,1689.752652,1689.752652,FALSE,16459.109571,11,2017-11-22 16:24:53,14769.356919,81330,0.181597896458871,FALSE
"3685","A69-1602-3100",3685,"Noordzeekanaal","Halfweg boezemzijde","VR2W-119056",52.391732,4.770434,2017-11-21 21:37:43,2017-11-22 01:59:30,195,NA,NA,NA,1689.752652,1689.752652,TRUE,16459.109571,11,2017-11-22 16:24:53,14769.356919,67630,0.218384694943073,TRUE
"3686","A69-1602-3100",3686,"Noordzeekanaal","Noordzeekanaal","VR2W-114165",52.462798,4.633995,2017-11-22 16:24:53,2017-11-22 18:44:07,60,51923,14769.356919,0.284447,16459.109571,16459.109571,TRUE,18783.100554,12,2017-11-22 18:44:20,2323.990983,8367,0.277756780566511,TRUE
"3687","A69-1602-3100",3687,"Noordzeekanaal","Middensluis NZK","VR2W-132417",52.465373,4.601803,2017-11-22 18:44:20,2017-11-22 18:44:20,1,13,2323.990983,178.768537,18783.100554,18783.100554,FALSE,NA,NA,NA,NA,NA,NA,TRUE
"3688","A69-1602-3100",3688,"Noordzeekanaal","Noordzeekanaal","VR2W-114165",52.462798,4.633995,2017-11-22 18:45:18,2017-11-22 19:56:54,61,58,2323.990983,40.06881,21107.091537,16459.109571,TRUE,18066.028569,14,2017-11-22 20:53:53,1606.918998,7715,0.208285028904731,TRUE
"3689","A69-1602-3100",3689,"Noordzeekanaal","Grote sluis NZK","VR2W-114178",52.467488,4.613347,2017-11-22 20:53:53,2017-11-22 21:37:58,23,3419,1606.918999,0.469997,22714.010536,18066.028569,FALSE,NA,NA,NA,NA,NA,NA,TRUE
"3690","A69-1602-3100",3690,"Noordzeekanaal","Noordzeekanaal","VR2W-114165",52.462798,4.633995,2017-11-22 21:49:17,2017-11-22 21:53:33,5,679,1606.918999,2.366596,24320.929535,16459.109571,TRUE,18066.028569,16,2017-11-22 21:53:55,1606.918998,278,5.78028416546762,TRUE
"3691","A69-1602-3100",3691,"Noordzeekanaal","Grote sluis NZK","VR2W-114178",52.467488,4.613347,2017-11-22 21:53:55,2017-11-22 21:53:55,1,22,1606.918999,73.041773,25927.848534,18066.028569,FALSE,NA,NA,NA,NA,NA,NA,TRUE
"3692","A69-1602-3100",3692,"Noordzeekanaal","Noordzeekanaal","VR2W-114165",52.462798,4.633995,2017-11-22 21:55:06,2017-11-22 22:03:35,6,71,1606.918999,22.632662,27534.767533,16459.109571,TRUE,18066.028569,18,2017-11-22 22:15:23,1606.918998,1217,1.32039358915365,TRUE
"3693","A69-1602-3100",3693,"Noordzeekanaal","Grote sluis NZK","VR2W-114178",52.467488,4.613347,2017-11-22 22:15:23,2017-11-23 00:16:06,67,708,1606.918999,2.26966,29141.686532,18066.028569,TRUE,19341.612956,19,2017-11-23 00:16:38,1275.584387,7275,0.175338060068729,TRUE
"3694","A69-1602-3100",3694,"Noordzeekanaal","Kleine sluis NZK","VR2W-132415",52.464559,4.592909,2017-11-23 00:16:38,2017-11-23 01:11:12,61,32,1524.085346,47.627667,30665.771878,19341.612956,FALSE,NA,NA,NA,NA,NA,NA,TRUE
"3695","A69-1602-3100",3695,"Noordzeekanaal","Middensluis NZK","VR2W-132417",52.465373,4.601803,2017-11-23 02:15:12,2017-11-23 04:07:06,77,3840,641.346055,0.167017,31307.117933,18783.100554,FALSE,NA,NA,NA,NA,NA,NA,TRUE
"3696","A69-1602-3100",3696,"Noordzeekanaal","Middensluis NZK","VR2W-132417",52.465373,4.601803,2017-11-23 06:18:53,2017-11-23 06:31:20,18,NA,NA,NA,31307.117933,18783.100554,FALSE,NA,NA,NA,NA,NA,NA,TRUE
"3697","A69-1602-3100",3697,"Noordzeekanaal","Middensluis NZK","VR2W-132417",52.465373,4.601803,2017-11-23 16:26:15,2017-11-23 22:26:51,334,NA,NA,NA,31307.117933,18783.100554,NA,NA,NA,NA,NA,NA,NA,TRUE
"3698","A69-1602-3100",3698,"Noordzeekanaal","Kleine sluis Noordzee","VR2W-132413",52.463762,4.587267,2017-11-23 22:28:43,2017-11-23 22:33:20,6,112,1082.7157,9.667104,32389.833633,19700.148948,NA,NA,NA,NA,NA,NA,NA,TRUE
"3699","A69-1602-3101",3699,"Noordzeekanaal","rel_noordzeekanaal7","none",52.385734,4.749574,2017-10-12 11:00:00,2017-10-12 11:00:00,1,NA,NA,NA,0,0,TRUE,1689.752652,2,2017-10-12 14:18:22,1689.752652,11902,0.141972160309192,TRUE
"3700","A69-1602-3101",3700,"Noordzeekanaal","Halfweg boezemzijde","VR2W-119056",52.391732,4.770434,2017-10-12 14:18:22,2017-10-12 19:41:26,266,11902,1689.752652,0.141972,1689.752652,1689.752652,FALSE,16459.109571,7,2017-10-20 21:47:41,14769.356919,718159,0.0205655807683257,TRUE
"3701","A69-1602-3101",3701,"Noordzeekanaal","Halfweg boezemzijde","VR2W-119056",52.391732,4.770434,2017-10-14 23:25:23,2017-10-15 00:57:26,86,NA,NA,NA,1689.752652,1689.752652,TRUE,16459.109571,7,2017-10-20 21:47:41,14769.356919,512538,0.0288161207929949,TRUE
"3702","A69-1602-3101",3702,"Noordzeekanaal","Halfweg NZKzijde","VR2W-120098",52.394583,4.772506,2017-10-15 03:00:37,2017-10-15 03:38:32,7,7391,482.787479,0.065321,2172.540131,2172.54013,FALSE,16459.109571,7,2017-10-20 21:47:41,14286.569441,499624,0.0285946420528237,TRUE
"3703","A69-1602-3101",3703,"Noordzeekanaal","Halfweg NZKzijde","VR2W-120098",52.394583,4.772506,2017-10-15 22:39:03,2017-10-16 02:31:47,244,NA,NA,NA,2172.540131,2172.54013,FALSE,16459.109571,7,2017-10-20 21:47:41,14286.569441,428918,0.033308393308278,TRUE
"3704","A69-1602-3101",3704,"Noordzeekanaal","Halfweg NZKzijde","VR2W-120098",52.394583,4.772506,2017-10-17 17:31:15,2017-10-17 17:44:23,2,NA,NA,NA,2172.540131,2172.54013,TRUE,16459.109571,7,2017-10-20 21:47:41,14286.569441,274586,0.0520294896353055,TRUE
"3705","A69-1602-3101",3705,"Noordzeekanaal","Noordzeekanaal","VR2W-114164",52.465232,4.633992,2017-10-20 21:47:41,2017-10-20 22:27:55,39,273798,14286.56944,0.052179,16459.109571,16459.109571,TRUE,18066.028569,8,2017-10-20 22:36:14,1606.918998,2913,0.551637143151389,TRUE
"3706","A69-1602-3101",3706,"Noordzeekanaal","Grote sluis NZK","VR2W-114178",52.467488,4.613347,2017-10-20 22:36:14,2017-10-20 22:36:14,1,499,1606.918999,3.220279,18066.02857,18066.028569,FALSE,NA,NA,NA,NA,NA,NA,TRUE
"3707","A69-1602-3101",3707,"Noordzeekanaal","Noordzeekanaal","VR2W-114165",52.462798,4.633995,2017-10-21 17:03:26,2017-10-21 17:19:57,13,66432,1606.918999,0.024189,19672.947569,16459.109571,TRUE,18066.028569,10,2017-10-21 17:25:57,1606.918998,1351,1.18942931014063,TRUE
"3708","A69-1602-3101",3708,"Noordzeekanaal","Grote sluis NZK","VR2W-114178",52.467488,4.613347,2017-10-21 17:25:57,2017-10-21 19:42:09,111,360,1606.918999,4.463664,21279.866568,18066.028569,NA,NA,NA,NA,NA,NA,NA,TRUE
"3709","A69-1602-3102",3709,"Noordzeekanaal","rel_noordzeekanaal7","none",52.385734,4.749574,2017-10-12 11:00:00,2017-10-12 11:00:00,1,NA,NA,NA,0,0,FALSE,1689.752652,2,2017-10-25 22:50:34,1689.752652,1165834,0.00144939386911001,FALSE
"3710","A69-1602-3102",3710,"Noordzeekanaal","Halfweg boezemzijde","VR2W-119056",52.391732,4.770434,2017-10-25 22:50:34,2017-10-29 10:41:34,4196,1165834,1689.752652,0.001449,1689.752652,1689.752652,FALSE,NA,NA,NA,NA,NA,NA,FALSE
"3711","A69-1602-3102",3711,"Noordzeekanaal","Halfweg boezemzijde","VR2W-119056",52.391732,4.770434,2017-10-29 14:21:50,2017-10-30 10:47:09,914,NA,NA,NA,1689.752652,1689.752652,FALSE,NA,NA,NA,NA,NA,NA,FALSE
"3712","A69-1602-3102",3712,"Noordzeekanaal","Halfweg boezemzijde","VR2W-119056",52.391732,4.770434,2017-10-30 13:01:53,2017-11-06 08:20:04,9559,NA,NA,NA,1689.752652,1689.752652,FALSE,NA,NA,NA,NA,NA,NA,FALSE
"3713","A69-1602-3102",3713,"Noordzeekanaal","Halfweg boezemzijde","VR2W-119056",52.391732,4.770434,2017-11-06 09:43:19,2017-11-12 22:16:17,8031,NA,NA,NA,1689.752652,1689.752652,FALSE,NA,NA,NA,NA,NA,NA,FALSE
"3714","A69-1602-3102",3714,"Noordzeekanaal","Zwanenburg","VR2W-107052",52.369568,4.758351,2017-12-05 21:54:06,2017-12-06 02:31:22,252,1985869,3538.070425,0.001782,5227.823077,-1989.722301,NA,NA,NA,NA,NA,NA,NA,FALSE
"3715","A69-1602-3103",3715,"Noordzeekanaal","rel_noordzeekanaal7","none",52.385734,4.749574,2017-10-12 11:00:00,2017-10-12 11:00:00,1,NA,NA,NA,0,0,TRUE,1689.752652,2,2017-10-12 18:36:53,1689.752652,27413,0.061640559296684,TRUE
"3716","A69-1602-3103",3716,"Noordzeekanaal","Halfweg boezemzijde","VR2W-119056",52.391732,4.770434,2017-10-12 18:36:53,2017-10-14 20:30:51,2234,27413,1689.752652,0.061641,1689.752652,1689.752652,FALSE,8693.10718,5,2017-10-17 03:19:15,7003.354528,376942,0.0185793955780995,TRUE
"3717","A69-1602-3103",3717,"Noordzeekanaal","Halfweg boezemzijde","VR2W-119056",52.391732,4.770434,2017-10-14 23:28:02,2017-10-16 03:27:03,1313,NA,NA,NA,1689.752652,1689.752652,FALSE,8693.10718,5,2017-10-17 03:19:15,7003.354528,186673,0.0375166977977533,TRUE
"3718","A69-1602-3103",3718,"Noordzeekanaal","Halfweg boezemzijde","VR2W-119056",52.391732,4.770434,2017-10-16 04:49:23,2017-10-16 19:16:50,495,NA,NA,NA,1689.752652,1689.752652,TRUE,8693.10718,5,2017-10-17 03:19:15,7003.354528,80992,0.0864697072303438,TRUE
"3719","A69-1602-3103",3719,"Noordzeekanaal","Spaarne gemaal","VR2W-102057",52.410548,4.673446,2017-10-17 03:19:15,2017-11-18 07:05:25,50448,28945,10382.859832,0.35871,12072.612484,8693.10718,FALSE,NA,NA,NA,NA,NA,NA,TRUE
"3720","A69-1602-3103",3720,"Noordzeekanaal","Spaarne gemaal","VR2W-102057",52.410548,4.673446,2017-11-18 13:31:59,2017-11-18 20:41:11,108,NA,NA,NA,12072.612484,8693.10718,FALSE,NA,NA,NA,NA,NA,NA,TRUE
"3721","A69-1602-3103",3721,"Noordzeekanaal","Spaarne gemaal","VR2W-102057",52.410548,4.673446,2017-11-18 21:48:06,2017-11-19 02:31:58,64,NA,NA,NA,12072.612484,8693.10718,FALSE,NA,NA,NA,NA,NA,NA,TRUE
"3722","A69-1602-3103",3722,"Noordzeekanaal","Spaarne gemaal","VR2W-102057",52.410548,4.673446,2017-11-19 04:49:44,2017-11-19 06:34:42,14,NA,NA,NA,12072.612484,8693.10718,FALSE,NA,NA,NA,NA,NA,NA,TRUE
"3723","A69-1602-3103",3723,"Noordzeekanaal","Spaarne gemaal","VR2W-102057",52.410548,4.673446,2017-11-19 07:45:36,2017-11-19 07:45:36,1,NA,NA,NA,12072.612484,8693.10718,FALSE,NA,NA,NA,NA,NA,NA,TRUE
"3724","A69-1602-3103",3724,"Noordzeekanaal","Spaarne gemaal","VR2W-102057",52.410548,4.673446,2017-11-19 09:33:53,2017-11-19 09:47:29,3,NA,NA,NA,12072.612484,8693.10718,FALSE,NA,NA,NA,NA,NA,NA,TRUE
"3725","A69-1602-3103",3725,"Noordzeekanaal","Spaarne gemaal","VR2W-102057",52.410548,4.673446,2017-11-19 14:44:28,2017-11-20 00:00:36,138,NA,NA,NA,12072.612484,8693.10718,FALSE,NA,NA,NA,NA,NA,NA,TRUE
"3726","A69-1602-3103",3726,"Noordzeekanaal","Spaarne gemaal","VR2W-102057",52.410548,4.673446,2017-11-20 01:00:57,2017-11-20 05:04:12,49,NA,NA,NA,12072.612484,8693.10718,FALSE,NA,NA,NA,NA,NA,NA,TRUE
"3727","A69-1602-3103",3727,"Noordzeekanaal","Spaarne gemaal","VR2W-102057",52.410548,4.673446,2017-11-20 08:01:47,2017-11-20 08:43:28,6,NA,NA,NA,12072.612484,8693.10718,FALSE,NA,NA,NA,NA,NA,NA,TRUE
"3728","A69-1602-3103",3728,"Noordzeekanaal","Spaarne gemaal","VR2W-102057",52.410548,4.673446,2017-11-20 10:45:03,2017-11-20 10:45:03,1,NA,NA,NA,12072.612484,8693.10718,FALSE,NA,NA,NA,NA,NA,NA,TRUE
"3729","A69-1602-3103",3729,"Noordzeekanaal","Spaarne gemaal","VR2W-102057",52.410548,4.673446,2017-11-20 12:01:47,2017-11-20 13:15:54,8,NA,NA,NA,12072.612484,8693.10718,FALSE,NA,NA,NA,NA,NA,NA,TRUE
"3730","A69-1602-3103",3730,"Noordzeekanaal","Spaarne gemaal","VR2W-102057",52.410548,4.673446,2017-11-20 15:59:18,2017-11-20 16:06:28,2,NA,NA,NA,12072.612484,8693.10718,FALSE,NA,NA,NA,NA,NA,NA,TRUE
"3731","A69-1602-3103",3731,"Noordzeekanaal","Spaarne gemaal","VR2W-102057",52.410548,4.673446,2017-11-20 18:00:38,2017-11-20 18:00:38,1,NA,NA,NA,12072.612484,8693.10718,FALSE,NA,NA,NA,NA,NA,NA,TRUE
"3732","A69-1602-3103",3732,"Noordzeekanaal","Spaarne gemaal","VR2W-102057",52.410548,4.673446,2017-11-21 00:36:35,2017-11-21 06:14:37,48,NA,NA,NA,12072.612484,8693.10718,FALSE,NA,NA,NA,NA,NA,NA,TRUE
"3733","A69-1602-3103",3733,"Noordzeekanaal","Spaarne gemaal","VR2W-102057",52.410548,4.673446,2017-11-21 07:54:51,2017-11-21 09:00:53,12,NA,NA,NA,12072.612484,8693.10718,FALSE,NA,NA,NA,NA,NA,NA,TRUE
"3734","A69-1602-3103",3734,"Noordzeekanaal","Spaarne gemaal","VR2W-102057",52.410548,4.673446,2017-11-21 15:05:28,2017-11-21 15:05:28,1,NA,NA,NA,12072.612484,8693.10718,FALSE,NA,NA,NA,NA,NA,NA,TRUE
"3735","A69-1602-3103",3735,"Noordzeekanaal","Spaarne gemaal","VR2W-102057",52.410548,4.673446,2017-11-22 11:48:32,2017-11-22 12:30:00,2,NA,NA,NA,12072.612484,8693.10718,FALSE,NA,NA,NA,NA,NA,NA,TRUE
"3736","A69-1602-3103",3736,"Noordzeekanaal","Spaarne gemaal","VR2W-102057",52.410548,4.673446,2017-11-22 20:48:16,2017-11-22 20:48:16,1,NA,NA,NA,12072.612484,8693.10718,FALSE,NA,NA,NA,NA,NA,NA,TRUE
"3737","A69-1602-3103",3737,"Noordzeekanaal","Spaarne gemaal","VR2W-102057",52.410548,4.673446,2017-11-22 23:00:18,2017-11-22 23:00:18,1,NA,NA,NA,12072.612484,8693.10718,FALSE,NA,NA,NA,NA,NA,NA,TRUE
"3738","A69-1602-3103",3738,"Noordzeekanaal","Spaarne gemaal","VR2W-102057",52.410548,4.673446,2017-11-23 01:41:00,2017-11-23 01:41:00,1,NA,NA,NA,12072.612484,8693.10718,FALSE,NA,NA,NA,NA,NA,NA,TRUE
"3739","A69-1602-3103",3739,"Noordzeekanaal","Spaarne gemaal","VR2W-102057",52.410548,4.673446,2017-11-24 01:56:13,2017-11-24 01:56:13,1,NA,NA,NA,12072.612484,8693.10718,FALSE,NA,NA,NA,NA,NA,NA,TRUE
"3740","A69-1602-3103",3740,"Noordzeekanaal","Spaarne gemaal","VR2W-102057",52.410548,4.673446,2017-11-24 04:42:05,2017-11-24 06:32:57,12,NA,NA,NA,12072.612484,8693.10718,FALSE,NA,NA,NA,NA,NA,NA,TRUE
"3741","A69-1602-3103",3741,"Noordzeekanaal","Spaarne gemaal","VR2W-102057",52.410548,4.673446,2017-11-24 07:41:01,2017-11-24 08:01:07,8,NA,NA,NA,12072.612484,8693.10718,FALSE,NA,NA,NA,NA,NA,NA,TRUE
"3742","A69-1602-3103",3742,"Noordzeekanaal","Spaarne gemaal","VR2W-102057",52.410548,4.673446,2017-11-24 09:05:31,2017-11-24 10:14:59,32,NA,NA,NA,12072.612484,8693.10718,FALSE,NA,NA,NA,NA,NA,NA,TRUE
"3743","A69-1602-3103",3743,"Noordzeekanaal","Spaarne gemaal","VR2W-102057",52.410548,4.673446,2017-11-24 13:41:33,2017-11-25 10:11:06,544,NA,NA,NA,12072.612484,8693.10718,FALSE,NA,NA,NA,NA,NA,NA,TRUE
"3744","A69-1602-3103",3744,"Noordzeekanaal","Spaarne gemaal","VR2W-102057",52.410548,4.673446,2017-11-25 11:35:31,2017-11-25 16:41:26,49,NA,NA,NA,12072.612484,8693.10718,FALSE,NA,NA,NA,NA,NA,NA,TRUE
"3745","A69-1602-3103",3745,"Noordzeekanaal","Spaarne gemaal","VR2W-102057",52.410548,4.673446,2017-11-25 18:34:20,2017-11-25 18:34:20,1,NA,NA,NA,12072.612484,8693.10718,FALSE,NA,NA,NA,NA,NA,NA,TRUE
"3746","A69-1602-3103",3746,"Noordzeekanaal","Spaarne gemaal","VR2W-102057",52.410548,4.673446,2017-11-26 21:59:07,2017-11-26 21:59:50,2,NA,NA,NA,12072.612484,8693.10718,FALSE,NA,NA,NA,NA,NA,NA,TRUE
"3747","A69-1602-3103",3747,"Noordzeekanaal","Spaarne gemaal","VR2W-102057",52.410548,4.673446,2017-11-28 20:56:58,2017-11-28 21:31:37,7,NA,NA,NA,12072.612484,8693.10718,FALSE,NA,NA,NA,NA,NA,NA,TRUE
"3748","A69-1602-3103",3748,"Noordzeekanaal","Spaarne gemaal","VR2W-102057",52.410548,4.673446,2017-11-28 22:48:46,2017-11-29 03:19:10,34,NA,NA,NA,12072.612484,8693.10718,FALSE,NA,NA,NA,NA,NA,NA,TRUE
"3749","A69-1602-3103",3749,"Noordzeekanaal","Spaarne gemaal","VR2W-102057",52.410548,4.673446,2017-11-29 05:54:12,2017-11-30 00:45:45,312,NA,NA,NA,12072.612484,8693.10718,FALSE,NA,NA,NA,NA,NA,NA,TRUE
"3750","A69-1602-3103",3750,"Noordzeekanaal","Spaarne gemaal","VR2W-102057",52.410548,4.673446,2017-11-30 02:27:50,2017-11-30 06:20:35,55,NA,NA,NA,12072.612484,8693.10718,FALSE,NA,NA,NA,NA,NA,NA,TRUE
"3751","A69-1602-3103",3751,"Noordzeekanaal","Spaarne gemaal","VR2W-102057",52.410548,4.673446,2017-11-30 07:21:18,2017-11-30 11:57:53,46,NA,NA,NA,12072.612484,8693.10718,FALSE,NA,NA,NA,NA,NA,NA,TRUE
"3752","A69-1602-3103",3752,"Noordzeekanaal","Spaarne gemaal","VR2W-102057",52.410548,4.673446,2017-11-30 13:22:47,2017-12-02 12:11:22,875,NA,NA,NA,12072.612484,8693.10718,FALSE,NA,NA,NA,NA,NA,NA,TRUE
"3753","A69-1602-3103",3753,"Noordzeekanaal","Spaarne gemaal","VR2W-102057",52.410548,4.673446,2017-12-02 17:26:36,2017-12-02 17:26:36,1,NA,NA,NA,12072.612484,8693.10718,FALSE,NA,NA,NA,NA,NA,NA,TRUE
"3754","A69-1602-3103",3754,"Noordzeekanaal","Spaarne gemaal","VR2W-102057",52.410548,4.673446,2017-12-03 05:57:53,2017-12-03 06:05:17,3,NA,NA,NA,12072.612484,8693.10718,FALSE,NA,NA,NA,NA,NA,NA,TRUE
"3755","A69-1602-3103",3755,"Noordzeekanaal","Spaarne gemaal","VR2W-102057",52.410548,4.673446,2017-12-03 08:44:15,2017-12-03 08:57:45,5,NA,NA,NA,12072.612484,8693.10718,FALSE,NA,NA,NA,NA,NA,NA,TRUE
"3756","A69-1602-3103",3756,"Noordzeekanaal","Spaarne gemaal","VR2W-102057",52.410548,4.673446,2017-12-03 11:21:15,2017-12-03 11:21:15,1,NA,NA,NA,12072.612484,8693.10718,FALSE,NA,NA,NA,NA,NA,NA,TRUE
"3757","A69-1602-3103",3757,"Noordzeekanaal","Spaarne gemaal","VR2W-102057",52.410548,4.673446,2017-12-03 17:16:10,2017-12-03 19:32:05,8,NA,NA,NA,12072.612484,8693.10718,FALSE,NA,NA,NA,NA,NA,NA,TRUE
"3758","A69-1602-3103",3758,"Noordzeekanaal","Spaarne gemaal","VR2W-102057",52.410548,4.673446,2017-12-03 20:54:03,2017-12-03 22:56:51,19,NA,NA,NA,12072.612484,8693.10718,FALSE,NA,NA,NA,NA,NA,NA,TRUE
"3759","A69-1602-3103",3759,"Noordzeekanaal","Spaarne gemaal","VR2W-102057",52.410548,4.673446,2017-12-04 01:15:53,2017-12-04 01:15:53,1,NA,NA,NA,12072.612484,8693.10718,FALSE,NA,NA,NA,NA,NA,NA,TRUE
"3760","A69-1602-3103",3760,"Noordzeekanaal","Spaarne gemaal","VR2W-102057",52.410548,4.673446,2017-12-04 03:15:28,2017-12-04 03:49:26,6,NA,NA,NA,12072.612484,8693.10718,FALSE,NA,NA,NA,NA,NA,NA,TRUE
"3761","A69-1602-3103",3761,"Noordzeekanaal","Spaarne gemaal","VR2W-102057",52.410548,4.673446,2017-12-04 05:09:46,2017-12-04 05:09:46,1,NA,NA,NA,12072.612484,8693.10718,FALSE,NA,NA,NA,NA,NA,NA,TRUE
"3762","A69-1602-3103",3762,"Noordzeekanaal","Spaarne gemaal","VR2W-102057",52.410548,4.673446,2017-12-05 09:21:10,2017-12-05 09:21:10,1,NA,NA,NA,12072.612484,8693.10718,FALSE,NA,NA,NA,NA,NA,NA,TRUE
"3763","A69-1602-3103",3763,"Noordzeekanaal","Spaarne gemaal","VR2W-102057",52.410548,4.673446,2017-12-06 12:53:11,2017-12-06 12:53:11,1,NA,NA,NA,12072.612484,8693.10718,FALSE,NA,NA,NA,NA,NA,NA,TRUE
"3764","A69-1602-3103",3764,"Noordzeekanaal","Spaarne gemaal","VR2W-102057",52.410548,4.673446,2017-12-10 00:51:17,2017-12-10 01:00:01,5,NA,NA,NA,12072.612484,8693.10718,FALSE,NA,NA,NA,NA,NA,NA,TRUE
"3765","A69-1602-3103",3765,"Noordzeekanaal","Spaarne gemaal","VR2W-102057",52.410548,4.673446,2017-12-10 23:19:24,2017-12-11 02:37:38,22,NA,NA,NA,12072.612484,8693.10718,FALSE,NA,NA,NA,NA,NA,NA,TRUE
"3766","A69-1602-3103",3766,"Noordzeekanaal","Spaarne gemaal","VR2W-102057",52.410548,4.673446,2017-12-11 04:14:04,2017-12-11 05:12:28,10,NA,NA,NA,12072.612484,8693.10718,FALSE,NA,NA,NA,NA,NA,NA,TRUE
"3767","A69-1602-3103",3767,"Noordzeekanaal","Spaarne gemaal","VR2W-102057",52.410548,4.673446,2017-12-12 11:51:53,2017-12-12 11:51:53,1,NA,NA,NA,12072.612484,8693.10718,FALSE,NA,NA,NA,NA,NA,NA,TRUE
"3768","A69-1602-3103",3768,"Noordzeekanaal","Spaarne gemaal","VR2W-102057",52.410548,4.673446,2017-12-15 13:05:41,2017-12-15 13:33:26,37,NA,NA,NA,12072.612484,8693.10718,FALSE,NA,NA,NA,NA,NA,NA,TRUE
"3769","A69-1602-3103",3769,"Noordzeekanaal","Spaarne gemaal","VR2W-102057",52.410548,4.673446,2017-12-15 15:52:31,2017-12-15 15:52:31,1,NA,NA,NA,12072.612484,8693.10718,FALSE,NA,NA,NA,NA,NA,NA,TRUE
"3770","A69-1602-3103",3770,"Noordzeekanaal","Spaarne gemaal","VR2W-102057",52.410548,4.673446,2017-12-15 18:05:54,2017-12-15 18:11:43,2,NA,NA,NA,12072.612484,8693.10718,FALSE,NA,NA,NA,NA,NA,NA,TRUE
"3771","A69-1602-3103",3771,"Noordzeekanaal","Spaarne gemaal","VR2W-102057",52.410548,4.673446,2017-12-15 19:39:04,2017-12-16 03:14:34,44,NA,NA,NA,12072.612484,8693.10718,FALSE,NA,NA,NA,NA,NA,NA,TRUE
"3772","A69-1602-3103",3772,"Noordzeekanaal","Spaarne gemaal","VR2W-102057",52.410548,4.673446,2017-12-17 02:06:59,2017-12-17 10:08:49,29,NA,NA,NA,12072.612484,8693.10718,FALSE,NA,NA,NA,NA,NA,NA,TRUE
"3773","A69-1602-3103",3773,"Noordzeekanaal","Spaarne gemaal","VR2W-102057",52.410548,4.673446,2017-12-18 22:33:15,2017-12-18 22:33:15,1,NA,NA,NA,12072.612484,8693.10718,FALSE,NA,NA,NA,NA,NA,NA,TRUE
"3774","A69-1602-3103",3774,"Noordzeekanaal","Spaarne gemaal","VR2W-102057",52.410548,4.673446,2017-12-19 01:19:29,2017-12-19 02:17:40,5,NA,NA,NA,12072.612484,8693.10718,FALSE,NA,NA,NA,NA,NA,NA,TRUE
"3775","A69-1602-3103",3775,"Noordzeekanaal","Spaarne gemaal","VR2W-102057",52.410548,4.673446,2017-12-19 05:12:21,2017-12-19 06:44:32,10,NA,NA,NA,12072.612484,8693.10718,FALSE,NA,NA,NA,NA,NA,NA,TRUE
"3776","A69-1602-3103",3776,"Noordzeekanaal","Spaarne gemaal","VR2W-102057",52.410548,4.673446,2017-12-19 08:29:30,2017-12-19 08:29:30,1,NA,NA,NA,12072.612484,8693.10718,FALSE,NA,NA,NA,NA,NA,NA,TRUE
"3777","A69-1602-3103",3777,"Noordzeekanaal","Spaarne gemaal","VR2W-102057",52.410548,4.673446,2017-12-19 18:03:28,2017-12-19 18:05:57,2,NA,NA,NA,12072.612484,8693.10718,FALSE,NA,NA,NA,NA,NA,NA,TRUE
"3778","A69-1602-3103",3778,"Noordzeekanaal","Spaarne gemaal","VR2W-102057",52.410548,4.673446,2017-12-19 23:10:57,2017-12-20 00:28:09,9,NA,NA,NA,12072.612484,8693.10718,FALSE,NA,NA,NA,NA,NA,NA,TRUE
"3779","A69-1602-3103",3779,"Noordzeekanaal","Spaarne gemaal","VR2W-102057",52.410548,4.673446,2017-12-20 03:04:35,2017-12-20 03:04:35,1,NA,NA,NA,12072.612484,8693.10718,FALSE,NA,NA,NA,NA,NA,NA,TRUE
"3780","A69-1602-3103",3780,"Noordzeekanaal","Spaarne gemaal","VR2W-102057",52.410548,4.673446,2017-12-20 12:31:28,2017-12-20 13:28:33,4,NA,NA,NA,12072.612484,8693.10718,FALSE,NA,NA,NA,NA,NA,NA,TRUE
"3781","A69-1602-3103",3781,"Noordzeekanaal","Spaarne gemaal","VR2W-102057",52.410548,4.673446,2017-12-21 23:15:15,2017-12-21 23:15:15,1,NA,NA,NA,12072.612484,8693.10718,FALSE,NA,NA,NA,NA,NA,NA,TRUE
"3782","A69-1602-3103",3782,"Noordzeekanaal","Spaarne gemaal","VR2W-102057",52.410548,4.673446,2018-01-01 15:59:44,2018-01-01 15:59:44,1,NA,NA,NA,12072.612484,8693.10718,FALSE,NA,NA,NA,NA,NA,NA,TRUE
"3783","A69-1602-3103",3783,"Noordzeekanaal","Spaarne gemaal","VR2W-102057",52.410548,4.673446,2018-01-01 18:26:35,2018-01-01 18:40:58,4,NA,NA,NA,12072.612484,8693.10718,FALSE,NA,NA,NA,NA,NA,NA,TRUE
"3784","A69-1602-3103",3784,"Noordzeekanaal","Spaarne gemaal","VR2W-102057",52.410548,4.673446,2018-01-01 19:54:14,2018-01-01 19:57:58,3,NA,NA,NA,12072.612484,8693.10718,FALSE,NA,NA,NA,NA,NA,NA,TRUE
"3785","A69-1602-3103",3785,"Noordzeekanaal","Spaarne gemaal","VR2W-102057",52.410548,4.673446,2018-01-02 00:18:18,2018-01-02 00:18:18,1,NA,NA,NA,12072.612484,8693.10718,FALSE,NA,NA,NA,NA,NA,NA,TRUE
"3786","A69-1602-3103",3786,"Noordzeekanaal","Spaarne gemaal","VR2W-102057",52.410548,4.673446,2018-01-02 08:18:55,2018-01-02 08:18:55,1,NA,NA,NA,12072.612484,8693.10718,FALSE,NA,NA,NA,NA,NA,NA,TRUE
"3787","A69-1602-3103",3787,"Noordzeekanaal","Spaarne gemaal","VR2W-102057",52.410548,4.673446,2018-01-05 08:14:12,2018-01-05 08:19:00,3,NA,NA,NA,12072.612484,8693.10718,FALSE,NA,NA,NA,NA,NA,NA,TRUE
"3788","A69-1602-3103",3788,"Noordzeekanaal","Spaarne gemaal","VR2W-102057",52.410548,4.673446,2018-01-05 16:57:41,2018-01-05 17:12:00,9,NA,NA,NA,12072.612484,8693.10718,FALSE,NA,NA,NA,NA,NA,NA,TRUE
"3789","A69-1602-3103",3789,"Noordzeekanaal","Spaarne gemaal","VR2W-102057",52.410548,4.673446,2018-01-06 05:00:06,2018-01-06 05:26:28,10,NA,NA,NA,12072.612484,8693.10718,FALSE,NA,NA,NA,NA,NA,NA,TRUE
"3790","A69-1602-3103",3790,"Noordzeekanaal","Spaarne gemaal","VR2W-102057",52.410548,4.673446,2018-01-06 06:39:38,2018-01-06 06:52:24,5,NA,NA,NA,12072.612484,8693.10718,FALSE,NA,NA,NA,NA,NA,NA,TRUE
"3791","A69-1602-3103",3791,"Noordzeekanaal","Spaarne gemaal","VR2W-102057",52.410548,4.673446,2018-01-06 07:57:46,2018-01-06 09:24:29,21,NA,NA,NA,12072.612484,8693.10718,FALSE,NA,NA,NA,NA,NA,NA,TRUE
"3792","A69-1602-3103",3792,"Noordzeekanaal","Spaarne gemaal","VR2W-102057",52.410548,4.673446,2018-01-06 11:32:27,2018-01-06 11:33:42,3,NA,NA,NA,12072.612484,8693.10718,FALSE,NA,NA,NA,NA,NA,NA,TRUE
"3793","A69-1602-3103",3793,"Noordzeekanaal","Spaarne gemaal","VR2W-102057",52.410548,4.673446,2018-01-09 11:20:27,2018-01-09 11:38:16,12,NA,NA,NA,12072.612484,8693.10718,FALSE,NA,NA,NA,NA,NA,NA,TRUE
"3794","A69-1602-3103",3794,"Noordzeekanaal","Spaarne gemaal","VR2W-102057",52.410548,4.673446,2018-01-10 01:14:01,2018-01-10 01:28:22,3,NA,NA,NA,12072.612484,8693.10718,FALSE,NA,NA,NA,NA,NA,NA,TRUE
"3795","A69-1602-3103",3795,"Noordzeekanaal","Spaarne gemaal","VR2W-102057",52.410548,4.673446,2018-01-10 02:43:36,2018-01-10 02:45:55,3,NA,NA,NA,12072.612484,8693.10718,FALSE,NA,NA,NA,NA,NA,NA,TRUE
"3796","A69-1602-3103",3796,"Noordzeekanaal","Spaarne gemaal","VR2W-102057",52.410548,4.673446,2018-01-10 04:04:26,2018-01-10 04:18:10,15,NA,NA,NA,12072.612484,8693.10718,FALSE,NA,NA,NA,NA,NA,NA,TRUE
"3797","A69-1602-3103",3797,"Noordzeekanaal","Spaarne gemaal","VR2W-102057",52.410548,4.673446,2018-01-10 13:23:19,2018-01-10 14:26:30,11,NA,NA,NA,12072.612484,8693.10718,FALSE,NA,NA,NA,NA,NA,NA,TRUE
"3798","A69-1602-3103",3798,"Noordzeekanaal","Spaarne gemaal","VR2W-102057",52.410548,4.673446,2018-01-10 16:21:28,2018-01-14 06:08:28,2520,NA,NA,NA,12072.612484,8693.10718,FALSE,NA,NA,NA,NA,NA,NA,TRUE
"3799","A69-1602-3103",3799,"Noordzeekanaal","Spaarne gemaal","VR2W-102057",52.410548,4.673446,2018-01-14 07:13:39,2018-01-14 07:13:39,1,NA,NA,NA,12072.612484,8693.10718,FALSE,NA,NA,NA,NA,NA,NA,TRUE
"3800","A69-1602-3103",3800,"Noordzeekanaal","Spaarne gemaal","VR2W-102057",52.410548,4.673446,2018-01-14 08:38:19,2018-01-14 09:17:13,3,NA,NA,NA,12072.612484,8693.10718,FALSE,NA,NA,NA,NA,NA,NA,TRUE
"3801","A69-1602-3103",3801,"Noordzeekanaal","Spaarne gemaal","VR2W-102057",52.410548,4.673446,2018-01-14 10:25:17,2018-01-14 11:38:24,5,NA,NA,NA,12072.612484,8693.10718,FALSE,NA,NA,NA,NA,NA,NA,TRUE
"3802","A69-1602-3103",3802,"Noordzeekanaal","Spaarne gemaal","VR2W-102057",52.410548,4.673446,2018-01-14 15:00:56,2018-01-15 02:14:41,344,NA,NA,NA,12072.612484,8693.10718,FALSE,NA,NA,NA,NA,NA,NA,TRUE
"3803","A69-1602-3103",3803,"Noordzeekanaal","Spaarne gemaal","VR2W-102057",52.410548,4.673446,2018-01-18 18:44:35,2018-01-18 18:44:35,1,NA,NA,NA,12072.612484,8693.10718,FALSE,NA,NA,NA,NA,NA,NA,TRUE
"3804","A69-1602-3103",3804,"Noordzeekanaal","Spaarne gemaal","VR2W-102057",52.410548,4.673446,2018-01-18 19:56:51,2018-01-18 20:00:52,3,NA,NA,NA,12072.612484,8693.10718,FALSE,NA,NA,NA,NA,NA,NA,TRUE
"3805","A69-1602-3103",3805,"Noordzeekanaal","Spaarne gemaal","VR2W-102057",52.410548,4.673446,2018-01-18 23:01:05,2018-01-18 23:05:10,4,NA,NA,NA,12072.612484,8693.10718,FALSE,NA,NA,NA,NA,NA,NA,TRUE
"3806","A69-1602-3103",3806,"Noordzeekanaal","Spaarne gemaal","VR2W-102057",52.410548,4.673446,2018-01-20 03:04:46,2018-01-20 03:04:46,1,NA,NA,NA,12072.612484,8693.10718,FALSE,NA,NA,NA,NA,NA,NA,TRUE
"3807","A69-1602-3103",3807,"Noordzeekanaal","Spaarne gemaal","VR2W-102057",52.410548,4.673446,2018-01-20 16:27:21,2018-01-20 16:37:38,7,NA,NA,NA,12072.612484,8693.10718,FALSE,NA,NA,NA,NA,NA,NA,TRUE
"3808","A69-1602-3103",3808,"Noordzeekanaal","Spaarne gemaal","VR2W-102057",52.410548,4.673446,2018-01-20 19:24:28,2018-01-20 19:28:10,2,NA,NA,NA,12072.612484,8693.10718,FALSE,NA,NA,NA,NA,NA,NA,TRUE
"3809","A69-1602-3103",3809,"Noordzeekanaal","Spaarne gemaal","VR2W-102057",52.410548,4.673446,2018-01-20 21:10:12,2018-01-20 21:22:45,15,NA,NA,NA,12072.612484,8693.10718,FALSE,NA,NA,NA,NA,NA,NA,TRUE
"3810","A69-1602-3103",3810,"Noordzeekanaal","Spaarne gemaal","VR2W-102057",52.410548,4.673446,2018-01-20 22:25:42,2018-01-20 23:29:16,5,NA,NA,NA,12072.612484,8693.10718,FALSE,NA,NA,NA,NA,NA,NA,TRUE
"3811","A69-1602-3103",3811,"Noordzeekanaal","Spaarne gemaal","VR2W-102057",52.410548,4.673446,2018-01-21 00:33:29,2018-01-21 02:06:02,4,NA,NA,NA,12072.612484,8693.10718,FALSE,NA,NA,NA,NA,NA,NA,TRUE
"3812","A69-1602-3103",3812,"Noordzeekanaal","Spaarne gemaal","VR2W-102057",52.410548,4.673446,2018-01-21 07:07:27,2018-01-21 07:13:07,2,NA,NA,NA,12072.612484,8693.10718,FALSE,NA,NA,NA,NA,NA,NA,TRUE
"3813","A69-1602-3103",3813,"Noordzeekanaal","Spaarne gemaal","VR2W-102057",52.410548,4.673446,2018-01-21 08:27:59,2018-01-21 11:31:19,14,NA,NA,NA,12072.612484,8693.10718,FALSE,NA,NA,NA,NA,NA,NA,TRUE
"3814","A69-1602-3103",3814,"Noordzeekanaal","Spaarne gemaal","VR2W-102057",52.410548,4.673446,2018-01-21 15:41:06,2018-01-21 17:22:23,6,NA,NA,NA,12072.612484,8693.10718,FALSE,NA,NA,NA,NA,NA,NA,TRUE
"3815","A69-1602-3103",3815,"Noordzeekanaal","Spaarne gemaal","VR2W-102057",52.410548,4.673446,2018-01-22 21:50:17,2018-01-22 21:50:17,1,NA,NA,NA,12072.612484,8693.10718,FALSE,NA,NA,NA,NA,NA,NA,TRUE
"3816","A69-1602-3103",3816,"Noordzeekanaal","Spaarne gemaal","VR2W-102057",52.410548,4.673446,2018-01-23 04:33:21,2018-01-23 04:33:21,1,NA,NA,NA,12072.612484,8693.10718,FALSE,NA,NA,NA,NA,NA,NA,TRUE
"3817","A69-1602-3103",3817,"Noordzeekanaal","Spaarne gemaal","VR2W-102057",52.410548,4.673446,2018-01-23 05:38:01,2018-01-23 06:32:40,2,NA,NA,NA,12072.612484,8693.10718,FALSE,NA,NA,NA,NA,NA,NA,TRUE
"3818","A69-1602-3103",3818,"Noordzeekanaal","Spaarne gemaal","VR2W-102057",52.410548,4.673446,2018-01-23 07:34:26,2018-01-23 07:34:26,1,NA,NA,NA,12072.612484,8693.10718,FALSE,NA,NA,NA,NA,NA,NA,TRUE
"3819","A69-1602-3103",3819,"Noordzeekanaal","Spaarne gemaal","VR2W-102057",52.410548,4.673446,2018-01-25 16:34:39,2018-01-25 20:06:37,30,NA,NA,NA,12072.612484,8693.10718,FALSE,NA,NA,NA,NA,NA,NA,TRUE
"3820","A69-1602-3103",3820,"Noordzeekanaal","Spaarne gemaal","VR2W-102057",52.410548,4.673446,2018-01-25 21:14:32,2018-01-26 12:36:24,317,NA,NA,NA,12072.612484,8693.10718,FALSE,NA,NA,NA,NA,NA,NA,TRUE
"3821","A69-1602-3103",3821,"Noordzeekanaal","Spaarne gemaal","VR2W-102057",52.410548,4.673446,2018-01-26 14:34:59,2018-01-26 20:06:36,118,NA,NA,NA,12072.612484,8693.10718,FALSE,NA,NA,NA,NA,NA,NA,TRUE
"3822","A69-1602-3103",3822,"Noordzeekanaal","Spaarne gemaal","VR2W-102057",52.410548,4.673446,2018-01-26 21:23:26,2018-01-27 06:20:46,214,NA,NA,NA,12072.612484,8693.10718,FALSE,NA,NA,NA,NA,NA,NA,TRUE
"3823","A69-1602-3103",3823,"Noordzeekanaal","Spaarne gemaal","VR2W-102057",52.410548,4.673446,2018-01-27 08:19:32,2018-01-27 09:38:13,5,NA,NA,NA,12072.612484,8693.10718,FALSE,NA,NA,NA,NA,NA,NA,TRUE
"3824","A69-1602-3103",3824,"Noordzeekanaal","Spaarne gemaal","VR2W-102057",52.410548,4.673446,2018-01-28 07:03:09,2018-01-28 07:03:09,1,NA,NA,NA,12072.612484,8693.10718,FALSE,NA,NA,NA,NA,NA,NA,TRUE
"3825","A69-1602-3103",3825,"Noordzeekanaal","Spaarne gemaal","VR2W-102057",52.410548,4.673446,2018-01-28 08:09:17,2018-01-28 08:09:17,1,NA,NA,NA,12072.612484,8693.10718,FALSE,NA,NA,NA,NA,NA,NA,TRUE
"3826","A69-1602-3103",3826,"Noordzeekanaal","Spaarne gemaal","VR2W-102057",52.410548,4.673446,2018-01-29 19:51:28,2018-01-30 06:08:48,143,NA,NA,NA,12072.612484,8693.10718,FALSE,NA,NA,NA,NA,NA,NA,TRUE
"3827","A69-1602-3103",3827,"Noordzeekanaal","Spaarne gemaal","VR2W-102057",52.410548,4.673446,2018-01-30 07:30:28,2018-01-30 08:33:52,16,NA,NA,NA,12072.612484,8693.10718,FALSE,NA,NA,NA,NA,NA,NA,TRUE
"3828","A69-1602-3103",3828,"Noordzeekanaal","Spaarne gemaal","VR2W-102057",52.410548,4.673446,2018-01-30 15:56:34,2018-01-30 16:27:48,4,NA,NA,NA,12072.612484,8693.10718,FALSE,NA,NA,NA,NA,NA,NA,TRUE
"3829","A69-1602-3103",3829,"Noordzeekanaal","Spaarne gemaal","VR2W-102057",52.410548,4.673446,2018-01-30 17:56:51,2018-01-30 18:04:07,4,NA,NA,NA,12072.612484,8693.10718,FALSE,NA,NA,NA,NA,NA,NA,TRUE
"3830","A69-1602-3103",3830,"Noordzeekanaal","Spaarne gemaal","VR2W-102057",52.410548,4.673446,2018-01-30 20:25:18,2018-01-30 23:46:43,83,NA,NA,NA,12072.612484,8693.10718,FALSE,NA,NA,NA,NA,NA,NA,TRUE
"3831","A69-1602-3103",3831,"Noordzeekanaal","Spaarne gemaal","VR2W-102057",52.410548,4.673446,2018-01-31 01:23:56,2018-01-31 01:23:56,1,NA,NA,NA,12072.612484,8693.10718,FALSE,NA,NA,NA,NA,NA,NA,TRUE
"3832","A69-1602-3103",3832,"Noordzeekanaal","Spaarne gemaal","VR2W-102057",52.410548,4.673446,2018-02-01 07:37:45,2018-02-01 07:39:33,2,NA,NA,NA,12072.612484,8693.10718,FALSE,NA,NA,NA,NA,NA,NA,TRUE
"3833","A69-1602-3103",3833,"Noordzeekanaal","Spaarne gemaal","VR2W-102057",52.410548,4.673446,2018-02-01 09:52:30,2018-02-01 09:52:30,1,NA,NA,NA,12072.612484,8693.10718,FALSE,NA,NA,NA,NA,NA,NA,TRUE
"3834","A69-1602-3103",3834,"Noordzeekanaal","Spaarne gemaal","VR2W-102057",52.410548,4.673446,2018-02-02 10:38:01,2018-02-02 10:53:50,2,NA,NA,NA,12072.612484,8693.10718,FALSE,NA,NA,NA,NA,NA,NA,TRUE
"3835","A69-1602-3103",3835,"Noordzeekanaal","Spaarne gemaal","VR2W-102057",52.410548,4.673446,2018-02-02 18:41:12,2018-02-03 10:04:38,349,NA,NA,NA,12072.612484,8693.10718,FALSE,NA,NA,NA,NA,NA,NA,TRUE
"3836","A69-1602-3103",3836,"Noordzeekanaal","Spaarne gemaal","VR2W-102057",52.410548,4.673446,2018-02-03 11:10:45,2018-02-03 12:29:09,3,NA,NA,NA,12072.612484,8693.10718,FALSE,NA,NA,NA,NA,NA,NA,TRUE
"3837","A69-1602-3103",3837,"Noordzeekanaal","Spaarne gemaal","VR2W-102057",52.410548,4.673446,2018-02-03 14:39:08,2018-02-03 14:49:46,4,NA,NA,NA,12072.612484,8693.10718,FALSE,NA,NA,NA,NA,NA,NA,TRUE
"3838","A69-1602-3103",3838,"Noordzeekanaal","Spaarne gemaal","VR2W-102057",52.410548,4.673446,2018-02-03 16:01:51,2018-02-03 17:47:03,28,NA,NA,NA,12072.612484,8693.10718,FALSE,NA,NA,NA,NA,NA,NA,TRUE
"3839","A69-1602-3103",3839,"Noordzeekanaal","Spaarne gemaal","VR2W-102057",52.410548,4.673446,2018-02-03 20:28:09,2018-02-03 21:47:58,6,NA,NA,NA,12072.612484,8693.10718,FALSE,NA,NA,NA,NA,NA,NA,TRUE
"3840","A69-1602-3103",3840,"Noordzeekanaal","Spaarne gemaal","VR2W-102057",52.410548,4.673446,2018-02-03 23:17:34,2018-02-03 23:17:34,1,NA,NA,NA,12072.612484,8693.10718,FALSE,NA,NA,NA,NA,NA,NA,TRUE
"3841","A69-1602-3103",3841,"Noordzeekanaal","Spaarne gemaal","VR2W-102057",52.410548,4.673446,2018-02-04 00:39:06,2018-02-04 02:29:13,10,NA,NA,NA,12072.612484,8693.10718,FALSE,NA,NA,NA,NA,NA,NA,TRUE
"3842","A69-1602-3103",3842,"Noordzeekanaal","Spaarne gemaal","VR2W-102057",52.410548,4.673446,2018-02-04 03:40:03,2018-02-04 03:40:03,1,NA,NA,NA,12072.612484,8693.10718,FALSE,NA,NA,NA,NA,NA,NA,TRUE
"3843","A69-1602-3103",3843,"Noordzeekanaal","Spaarne gemaal","VR2W-102057",52.410548,4.673446,2018-02-04 05:25:33,2018-02-04 05:51:53,3,NA,NA,NA,12072.612484,8693.10718,FALSE,NA,NA,NA,NA,NA,NA,TRUE
"3844","A69-1602-3103",3844,"Noordzeekanaal","Spaarne gemaal","VR2W-102057",52.410548,4.673446,2018-02-04 16:29:18,2018-02-04 17:38:37,6,NA,NA,NA,12072.612484,8693.10718,FALSE,NA,NA,NA,NA,NA,NA,TRUE
"3845","A69-1602-3103",3845,"Noordzeekanaal","Spaarne gemaal","VR2W-102057",52.410548,4.673446,2018-02-04 19:44:43,2018-02-04 19:44:43,1,NA,NA,NA,12072.612484,8693.10718,FALSE,NA,NA,NA,NA,NA,NA,TRUE
"3846","A69-1602-3103",3846,"Noordzeekanaal","Spaarne gemaal","VR2W-102057",52.410548,4.673446,2018-02-04 22:51:16,2018-02-04 22:51:16,1,NA,NA,NA,12072.612484,8693.10718,FALSE,NA,NA,NA,NA,NA,NA,TRUE
"3847","A69-1602-3103",3847,"Noordzeekanaal","Spaarne gemaal","VR2W-102057",52.410548,4.673446,2018-02-05 00:08:55,2018-02-05 01:23:24,4,NA,NA,NA,12072.612484,8693.10718,FALSE,NA,NA,NA,NA,NA,NA,TRUE
"3848","A69-1602-3103",3848,"Noordzeekanaal","Spaarne gemaal","VR2W-102057",52.410548,4.673446,2018-02-05 02:36:31,2018-02-05 02:36:31,1,NA,NA,NA,12072.612484,8693.10718,FALSE,NA,NA,NA,NA,NA,NA,TRUE
"3849","A69-1602-3103",3849,"Noordzeekanaal","Spaarne gemaal","VR2W-102057",52.410548,4.673446,2018-02-05 08:22:08,2018-02-05 08:40:41,6,NA,NA,NA,12072.612484,8693.10718,FALSE,NA,NA,NA,NA,NA,NA,TRUE
"3850","A69-1602-3103",3850,"Noordzeekanaal","Spaarne gemaal","VR2W-102057",52.410548,4.673446,2018-02-05 19:31:48,2018-02-05 19:31:48,1,NA,NA,NA,12072.612484,8693.10718,FALSE,NA,NA,NA,NA,NA,NA,TRUE
"3851","A69-1602-3103",3851,"Noordzeekanaal","Spaarne gemaal","VR2W-102057",52.410548,4.673446,2018-02-05 21:21:22,2018-02-05 21:33:12,2,NA,NA,NA,12072.612484,8693.10718,FALSE,NA,NA,NA,NA,NA,NA,TRUE
"3852","A69-1602-3103",3852,"Noordzeekanaal","Spaarne gemaal","VR2W-102057",52.410548,4.673446,2018-02-05 23:52:26,2018-02-06 03:23:59,20,NA,NA,NA,12072.612484,8693.10718,FALSE,NA,NA,NA,NA,NA,NA,TRUE
"3853","A69-1602-3103",3853,"Noordzeekanaal","Spaarne gemaal","VR2W-102057",52.410548,4.673446,2018-02-06 04:44:22,2018-02-06 06:34:01,17,NA,NA,NA,12072.612484,8693.10718,FALSE,NA,NA,NA,NA,NA,NA,TRUE
"3854","A69-1602-3103",3854,"Noordzeekanaal","Spaarne gemaal","VR2W-102057",52.410548,4.673446,2018-02-06 07:52:24,2018-02-06 07:52:24,1,NA,NA,NA,12072.612484,8693.10718,FALSE,NA,NA,NA,NA,NA,NA,TRUE
"3855","A69-1602-3103",3855,"Noordzeekanaal","Spaarne gemaal","VR2W-102057",52.410548,4.673446,2018-02-06 10:01:49,2018-02-06 10:01:49,1,NA,NA,NA,12072.612484,8693.10718,FALSE,NA,NA,NA,NA,NA,NA,TRUE
"3856","A69-1602-3103",3856,"Noordzeekanaal","Spaarne gemaal","VR2W-102057",52.410548,4.673446,2018-02-06 16:51:39,2018-02-06 16:51:39,1,NA,NA,NA,12072.612484,8693.10718,FALSE,NA,NA,NA,NA,NA,NA,TRUE
"3857","A69-1602-3103",3857,"Noordzeekanaal","Spaarne gemaal","VR2W-102057",52.410548,4.673446,2018-02-06 18:49:58,2018-02-06 19:26:02,7,NA,NA,NA,12072.612484,8693.10718,FALSE,NA,NA,NA,NA,NA,NA,TRUE
"3858","A69-1602-3103",3858,"Noordzeekanaal","Spaarne gemaal","VR2W-102057",52.410548,4.673446,2018-02-06 20:38:46,2018-02-06 21:02:02,2,NA,NA,NA,12072.612484,8693.10718,FALSE,NA,NA,NA,NA,NA,NA,TRUE
"3859","A69-1602-3103",3859,"Noordzeekanaal","Spaarne gemaal","VR2W-102057",52.410548,4.673446,2018-02-06 22:07:28,2018-02-08 12:51:19,1099,NA,NA,NA,12072.612484,8693.10718,FALSE,NA,NA,NA,NA,NA,NA,TRUE
"3860","A69-1602-3103",3860,"Noordzeekanaal","Spaarne gemaal","VR2W-102057",52.410548,4.673446,2018-02-08 17:15:25,2018-02-08 19:57:50,30,NA,NA,NA,12072.612484,8693.10718,FALSE,NA,NA,NA,NA,NA,NA,TRUE
"3861","A69-1602-3103",3861,"Noordzeekanaal","Spaarne gemaal","VR2W-102057",52.410548,4.673446,2018-02-09 00:26:40,2018-02-09 00:30:42,2,NA,NA,NA,12072.612484,8693.10718,FALSE,NA,NA,NA,NA,NA,NA,TRUE
"3862","A69-1602-3103",3862,"Noordzeekanaal","Spaarne gemaal","VR2W-102057",52.410548,4.673446,2018-02-09 18:51:47,2018-02-09 19:04:50,6,NA,NA,NA,12072.612484,8693.10718,FALSE,NA,NA,NA,NA,NA,NA,TRUE
"3863","A69-1602-3103",3863,"Noordzeekanaal","Spaarne gemaal","VR2W-102057",52.410548,4.673446,2018-02-09 21:41:46,2018-02-10 03:24:11,243,NA,NA,NA,12072.612484,8693.10718,FALSE,NA,NA,NA,NA,NA,NA,TRUE
"3864","A69-1602-3103",3864,"Noordzeekanaal","Spaarne gemaal","VR2W-102057",52.410548,4.673446,2018-02-10 04:57:21,2018-02-10 11:01:39,177,NA,NA,NA,12072.612484,8693.10718,FALSE,NA,NA,NA,NA,NA,NA,TRUE
"3865","A69-1602-3103",3865,"Noordzeekanaal","Spaarne gemaal","VR2W-102057",52.410548,4.673446,2018-02-11 22:52:21,2018-02-11 23:02:39,6,NA,NA,NA,12072.612484,8693.10718,FALSE,NA,NA,NA,NA,NA,NA,TRUE
"3866","A69-1602-3103",3866,"Noordzeekanaal","Spaarne gemaal","VR2W-102057",52.410548,4.673446,2018-02-12 15:24:00,2018-02-12 15:24:00,1,NA,NA,NA,12072.612484,8693.10718,FALSE,NA,NA,NA,NA,NA,NA,TRUE
"3867","A69-1602-3103",3867,"Noordzeekanaal","Spaarne gemaal","VR2W-102057",52.410548,4.673446,2018-02-12 17:41:54,2018-02-12 18:07:06,3,NA,NA,NA,12072.612484,8693.10718,FALSE,NA,NA,NA,NA,NA,NA,TRUE
"3868","A69-1602-3103",3868,"Noordzeekanaal","Spaarne gemaal","VR2W-102057",52.410548,4.673446,2018-02-12 19:38:12,2018-02-12 21:55:06,26,NA,NA,NA,12072.612484,8693.10718,FALSE,NA,NA,NA,NA,NA,NA,TRUE
"3869","A69-1602-3103",3869,"Noordzeekanaal","Spaarne gemaal","VR2W-102057",52.410548,4.673446,2018-02-12 23:22:06,2018-02-12 23:54:52,8,NA,NA,NA,12072.612484,8693.10718,FALSE,NA,NA,NA,NA,NA,NA,TRUE
"3870","A69-1602-3103",3870,"Noordzeekanaal","Spaarne gemaal","VR2W-102057",52.410548,4.673446,2018-02-13 01:14:19,2018-02-13 01:14:19,1,NA,NA,NA,12072.612484,8693.10718,FALSE,NA,NA,NA,NA,NA,NA,TRUE
"3871","A69-1602-3103",3871,"Noordzeekanaal","Spaarne gemaal","VR2W-102057",52.410548,4.673446,2018-02-13 02:18:57,2018-02-13 02:45:53,5,NA,NA,NA,12072.612484,8693.10718,FALSE,NA,NA,NA,NA,NA,NA,TRUE
"3872","A69-1602-3103",3872,"Noordzeekanaal","Spaarne gemaal","VR2W-102057",52.410548,4.673446,2018-02-13 18:25:42,2018-02-13 18:25:42,1,NA,NA,NA,12072.612484,8693.10718,FALSE,NA,NA,NA,NA,NA,NA,TRUE
"3873","A69-1602-3103",3873,"Noordzeekanaal","Spaarne gemaal","VR2W-102057",52.410548,4.673446,2018-02-13 19:26:54,2018-02-13 19:31:07,3,NA,NA,NA,12072.612484,8693.10718,FALSE,NA,NA,NA,NA,NA,NA,TRUE
"3874","A69-1602-3103",3874,"Noordzeekanaal","Spaarne gemaal","VR2W-102057",52.410548,4.673446,2018-02-13 22:08:24,2018-02-13 23:25:35,18,NA,NA,NA,12072.612484,8693.10718,FALSE,NA,NA,NA,NA,NA,NA,TRUE
"3875","A69-1602-3103",3875,"Noordzeekanaal","Spaarne gemaal","VR2W-102057",52.410548,4.673446,2018-02-14 02:01:09,2018-02-14 02:10:31,2,NA,NA,NA,12072.612484,8693.10718,FALSE,NA,NA,NA,NA,NA,NA,TRUE
"3876","A69-1602-3103",3876,"Noordzeekanaal","Spaarne gemaal","VR2W-102057",52.410548,4.673446,2018-02-14 03:11:38,2018-02-14 05:03:42,9,NA,NA,NA,12072.612484,8693.10718,FALSE,NA,NA,NA,NA,NA,NA,TRUE
"3877","A69-1602-3103",3877,"Noordzeekanaal","Spaarne gemaal","VR2W-102057",52.410548,4.673446,2018-02-15 09:25:27,2018-02-15 09:25:27,1,NA,NA,NA,12072.612484,8693.10718,FALSE,NA,NA,NA,NA,NA,NA,TRUE
"3878","A69-1602-3103",3878,"Noordzeekanaal","Spaarne gemaal","VR2W-102057",52.410548,4.673446,2018-02-15 11:04:13,2018-02-15 11:30:53,3,NA,NA,NA,12072.612484,8693.10718,FALSE,NA,NA,NA,NA,NA,NA,TRUE
"3879","A69-1602-3103",3879,"Noordzeekanaal","Spaarne gemaal","VR2W-102057",52.410548,4.673446,2018-02-15 18:54:28,2018-02-15 19:30:31,2,NA,NA,NA,12072.612484,8693.10718,FALSE,NA,NA,NA,NA,NA,NA,TRUE
"3880","A69-1602-3103",3880,"Noordzeekanaal","Spaarne gemaal","VR2W-102057",52.410548,4.673446,2018-02-15 20:51:04,2018-02-15 22:54:17,26,NA,NA,NA,12072.612484,8693.10718,FALSE,NA,NA,NA,NA,NA,NA,TRUE
"3881","A69-1602-3103",3881,"Noordzeekanaal","Spaarne gemaal","VR2W-102057",52.410548,4.673446,2018-02-16 00:23:00,2018-02-16 00:23:00,1,NA,NA,NA,12072.612484,8693.10718,FALSE,NA,NA,NA,NA,NA,NA,TRUE
"3882","A69-1602-3103",3882,"Noordzeekanaal","Spaarne gemaal","VR2W-102057",52.410548,4.673446,2018-02-16 01:32:20,2018-02-16 01:44:52,3,NA,NA,NA,12072.612484,8693.10718,FALSE,NA,NA,NA,NA,NA,NA,TRUE
"3883","A69-1602-3103",3883,"Noordzeekanaal","Spaarne gemaal","VR2W-102057",52.410548,4.673446,2018-02-16 03:23:42,2018-02-16 03:28:26,2,NA,NA,NA,12072.612484,8693.10718,FALSE,NA,NA,NA,NA,NA,NA,TRUE
"3884","A69-1602-3103",3884,"Noordzeekanaal","Spaarne gemaal","VR2W-102057",52.410548,4.673446,2018-02-16 05:12:59,2018-02-16 05:12:59,1,NA,NA,NA,12072.612484,8693.10718,FALSE,NA,NA,NA,NA,NA,NA,TRUE
"3885","A69-1602-3103",3885,"Noordzeekanaal","Spaarne gemaal","VR2W-102057",52.410548,4.673446,2018-02-16 07:00:47,2018-02-16 07:01:23,2,NA,NA,NA,12072.612484,8693.10718,FALSE,NA,NA,NA,NA,NA,NA,TRUE
"3886","A69-1602-3103",3886,"Noordzeekanaal","Spaarne gemaal","VR2W-102057",52.410548,4.673446,2018-02-16 15:08:03,2018-02-16 15:08:03,1,NA,NA,NA,12072.612484,8693.10718,FALSE,NA,NA,NA,NA,NA,NA,TRUE
"3887","A69-1602-3103",3887,"Noordzeekanaal","Spaarne gemaal","VR2W-102057",52.410548,4.673446,2018-02-16 16:24:00,2018-02-18 08:54:20,1378,NA,NA,NA,12072.612484,8693.10718,FALSE,NA,NA,NA,NA,NA,NA,TRUE
"3888","A69-1602-3103",3888,"Noordzeekanaal","Spaarne gemaal","VR2W-102057",52.410548,4.673446,2018-02-18 10:06:58,2018-02-18 10:20:10,6,NA,NA,NA,12072.612484,8693.10718,FALSE,NA,NA,NA,NA,NA,NA,TRUE
"3889","A69-1602-3103",3889,"Noordzeekanaal","Spaarne gemaal","VR2W-102057",52.410548,4.673446,2018-02-18 17:17:33,2018-02-18 18:18:29,26,NA,NA,NA,12072.612484,8693.10718,FALSE,NA,NA,NA,NA,NA,NA,TRUE
"3890","A69-1602-3103",3890,"Noordzeekanaal","Spaarne gemaal","VR2W-102057",52.410548,4.673446,2018-02-18 19:44:18,2018-02-18 22:03:37,28,NA,NA,NA,12072.612484,8693.10718,FALSE,NA,NA,NA,NA,NA,NA,TRUE
"3891","A69-1602-3103",3891,"Noordzeekanaal","Spaarne gemaal","VR2W-102057",52.410548,4.673446,2018-02-18 23:10:14,2018-02-19 03:03:51,27,NA,NA,NA,12072.612484,8693.10718,FALSE,NA,NA,NA,NA,NA,NA,TRUE
"3892","A69-1602-3103",3892,"Noordzeekanaal","Spaarne gemaal","VR2W-102057",52.410548,4.673446,2018-02-19 04:04:29,2018-02-19 04:05:47,3,NA,NA,NA,12072.612484,8693.10718,FALSE,NA,NA,NA,NA,NA,NA,TRUE
"3893","A69-1602-3103",3893,"Noordzeekanaal","Spaarne gemaal","VR2W-102057",52.410548,4.673446,2018-02-19 05:24:42,2018-02-19 06:12:37,8,NA,NA,NA,12072.612484,8693.10718,FALSE,NA,NA,NA,NA,NA,NA,TRUE
"3894","A69-1602-3103",3894,"Noordzeekanaal","Spaarne gemaal","VR2W-102057",52.410548,4.673446,2018-02-19 15:59:19,2018-02-19 17:39:18,34,NA,NA,NA,12072.612484,8693.10718,FALSE,NA,NA,NA,NA,NA,NA,TRUE
"3895","A69-1602-3103",3895,"Noordzeekanaal","Spaarne gemaal","VR2W-102057",52.410548,4.673446,2018-02-19 21:20:48,2018-02-19 23:13:42,45,NA,NA,NA,12072.612484,8693.10718,FALSE,NA,NA,NA,NA,NA,NA,TRUE
"3896","A69-1602-3103",3896,"Noordzeekanaal","Spaarne gemaal","VR2W-102057",52.410548,4.673446,2018-02-20 00:22:02,2018-02-20 04:09:36,32,NA,NA,NA,12072.612484,8693.10718,FALSE,NA,NA,NA,NA,NA,NA,TRUE
"3897","A69-1602-3103",3897,"Noordzeekanaal","Spaarne gemaal","VR2W-102057",52.410548,4.673446,2018-02-20 05:34:31,2018-02-20 13:08:18,99,NA,NA,NA,12072.612484,8693.10718,FALSE,NA,NA,NA,NA,NA,NA,TRUE
"3898","A69-1602-3103",3898,"Noordzeekanaal","Spaarne gemaal","VR2W-102057",52.410548,4.673446,2018-02-20 14:22:27,2018-02-20 14:22:27,1,NA,NA,NA,12072.612484,8693.10718,FALSE,NA,NA,NA,NA,NA,NA,TRUE
"3899","A69-1602-3103",3899,"Noordzeekanaal","Spaarne gemaal","VR2W-102057",52.410548,4.673446,2018-02-20 15:57:36,2018-02-20 15:57:36,1,NA,NA,NA,12072.612484,8693.10718,FALSE,NA,NA,NA,NA,NA,NA,TRUE
"3900","A69-1602-3103",3900,"Noordzeekanaal","Spaarne gemaal","VR2W-102057",52.410548,4.673446,2018-02-20 17:27:58,2018-02-20 18:35:11,11,NA,NA,NA,12072.612484,8693.10718,FALSE,NA,NA,NA,NA,NA,NA,TRUE
"3901","A69-1602-3103",3901,"Noordzeekanaal","Spaarne gemaal","VR2W-102057",52.410548,4.673446,2018-02-20 19:50:48,2018-02-20 19:50:48,1,NA,NA,NA,12072.612484,8693.10718,FALSE,NA,NA,NA,NA,NA,NA,TRUE
"3902","A69-1602-3103",3902,"Noordzeekanaal","Spaarne gemaal","VR2W-102057",52.410548,4.673446,2018-02-20 20:52:28,2018-02-20 21:13:58,2,NA,NA,NA,12072.612484,8693.10718,FALSE,NA,NA,NA,NA,NA,NA,TRUE
"3903","A69-1602-3103",3903,"Noordzeekanaal","Spaarne gemaal","VR2W-102057",52.410548,4.673446,2018-02-20 23:38:44,2018-02-20 23:38:44,1,NA,NA,NA,12072.612484,8693.10718,FALSE,NA,NA,NA,NA,NA,NA,TRUE
"3904","A69-1602-3103",3904,"Noordzeekanaal","Spaarne gemaal","VR2W-102057",52.410548,4.673446,2018-02-21 00:51:42,2018-02-21 10:28:45,164,NA,NA,NA,12072.612484,8693.10718,FALSE,NA,NA,NA,NA,NA,NA,TRUE
"3905","A69-1602-3103",3905,"Noordzeekanaal","Spaarne gemaal","VR2W-102057",52.410548,4.673446,2018-02-21 11:35:07,2018-02-21 11:35:07,1,NA,NA,NA,12072.612484,8693.10718,FALSE,NA,NA,NA,NA,NA,NA,TRUE
"3906","A69-1602-3103",3906,"Noordzeekanaal","Spaarne gemaal","VR2W-102057",52.410548,4.673446,2018-02-21 21:03:04,2018-02-21 21:31:40,14,NA,NA,NA,12072.612484,8693.10718,FALSE,NA,NA,NA,NA,NA,NA,TRUE
"3907","A69-1602-3103",3907,"Noordzeekanaal","Spaarne gemaal","VR2W-102057",52.410548,4.673446,2018-02-21 23:48:10,2018-02-21 23:58:32,2,NA,NA,NA,12072.612484,8693.10718,FALSE,NA,NA,NA,NA,NA,NA,TRUE
"3908","A69-1602-3103",3908,"Noordzeekanaal","Spaarne gemaal","VR2W-102057",52.410548,4.673446,2018-02-22 01:01:21,2018-02-22 01:29:58,8,NA,NA,NA,12072.612484,8693.10718,FALSE,NA,NA,NA,NA,NA,NA,TRUE
"3909","A69-1602-3103",3909,"Noordzeekanaal","Spaarne gemaal","VR2W-102057",52.410548,4.673446,2018-02-22 03:34:37,2018-02-22 03:34:37,1,NA,NA,NA,12072.612484,8693.10718,FALSE,NA,NA,NA,NA,NA,NA,TRUE
"3910","A69-1602-3103",3910,"Noordzeekanaal","Spaarne gemaal","VR2W-102057",52.410548,4.673446,2018-02-22 05:18:13,2018-02-22 06:25:29,24,NA,NA,NA,12072.612484,8693.10718,FALSE,NA,NA,NA,NA,NA,NA,TRUE
"3911","A69-1602-3103",3911,"Noordzeekanaal","Spaarne gemaal","VR2W-102057",52.410548,4.673446,2018-02-22 07:33:23,2018-02-22 07:33:23,1,NA,NA,NA,12072.612484,8693.10718,FALSE,NA,NA,NA,NA,NA,NA,TRUE
"3912","A69-1602-3103",3912,"Noordzeekanaal","Spaarne gemaal","VR2W-102057",52.410548,4.673446,2018-02-26 21:46:30,2018-02-26 22:37:38,2,NA,NA,NA,12072.612484,8693.10718,FALSE,NA,NA,NA,NA,NA,NA,TRUE
"3913","A69-1602-3103",3913,"Noordzeekanaal","Spaarne gemaal","VR2W-102057",52.410548,4.673446,2018-02-27 03:19:03,2018-02-27 03:19:03,1,NA,NA,NA,12072.612484,8693.10718,FALSE,NA,NA,NA,NA,NA,NA,TRUE
"3914","A69-1602-3103",3914,"Noordzeekanaal","Spaarne gemaal","VR2W-102057",52.410548,4.673446,2018-02-27 04:39:32,2018-02-27 04:45:34,3,NA,NA,NA,12072.612484,8693.10718,FALSE,NA,NA,NA,NA,NA,NA,TRUE
"3915","A69-1602-3103",3915,"Noordzeekanaal","Spaarne gemaal","VR2W-102057",52.410548,4.673446,2018-02-27 06:33:49,2018-02-27 08:14:56,8,NA,NA,NA,12072.612484,8693.10718,FALSE,NA,NA,NA,NA,NA,NA,TRUE
"3916","A69-1602-3103",3916,"Noordzeekanaal","Spaarne gemaal","VR2W-102057",52.410548,4.673446,2018-03-04 10:39:42,2018-03-04 11:29:48,6,NA,NA,NA,12072.612484,8693.10718,FALSE,NA,NA,NA,NA,NA,NA,TRUE
"3917","A69-1602-3103",3917,"Noordzeekanaal","Spaarne gemaal","VR2W-102057",52.410548,4.673446,2018-03-05 14:44:02,2018-03-05 14:44:02,1,NA,NA,NA,12072.612484,8693.10718,FALSE,NA,NA,NA,NA,NA,NA,TRUE
"3918","A69-1602-3103",3918,"Noordzeekanaal","Spaarne gemaal","VR2W-102057",52.410548,4.673446,2018-03-05 16:26:05,2018-03-05 16:49:57,6,NA,NA,NA,12072.612484,8693.10718,FALSE,NA,NA,NA,NA,NA,NA,TRUE
"3919","A69-1602-3103",3919,"Noordzeekanaal","Spaarne gemaal","VR2W-102057",52.410548,4.673446,2018-03-05 18:22:02,2018-03-05 18:24:25,3,NA,NA,NA,12072.612484,8693.10718,FALSE,NA,NA,NA,NA,NA,NA,TRUE
"3920","A69-1602-3103",3920,"Noordzeekanaal","Spaarne gemaal","VR2W-102057",52.410548,4.673446,2018-03-06 01:08:08,2018-03-06 01:08:08,1,NA,NA,NA,12072.612484,8693.10718,FALSE,NA,NA,NA,NA,NA,NA,TRUE
"3921","A69-1602-3103",3921,"Noordzeekanaal","Spaarne gemaal","VR2W-102057",52.410548,4.673446,2018-03-06 02:18:57,2018-03-06 02:22:49,3,NA,NA,NA,12072.612484,8693.10718,FALSE,NA,NA,NA,NA,NA,NA,TRUE
"3922","A69-1602-3103",3922,"Noordzeekanaal","Spaarne gemaal","VR2W-102057",52.410548,4.673446,2018-03-06 04:02:32,2018-03-06 04:07:58,5,NA,NA,NA,12072.612484,8693.10718,FALSE,NA,NA,NA,NA,NA,NA,TRUE
"3923","A69-1602-3103",3923,"Noordzeekanaal","Spaarne gemaal","VR2W-102057",52.410548,4.673446,2018-03-06 06:19:05,2018-03-06 06:19:05,1,NA,NA,NA,12072.612484,8693.10718,FALSE,NA,NA,NA,NA,NA,NA,TRUE
"3924","A69-1602-3103",3924,"Noordzeekanaal","Spaarne gemaal","VR2W-102057",52.410548,4.673446,2018-03-06 08:07:50,2018-03-06 08:12:29,3,NA,NA,NA,12072.612484,8693.10718,FALSE,NA,NA,NA,NA,NA,NA,TRUE
"3925","A69-1602-3103",3925,"Noordzeekanaal","Spaarne gemaal","VR2W-102057",52.410548,4.673446,2018-03-06 09:27:30,2018-03-06 09:31:05,2,NA,NA,NA,12072.612484,8693.10718,FALSE,NA,NA,NA,NA,NA,NA,TRUE
"3926","A69-1602-3103",3926,"Noordzeekanaal","Spaarne gemaal","VR2W-102057",52.410548,4.673446,2018-03-06 20:27:41,2018-03-06 20:27:41,1,NA,NA,NA,12072.612484,8693.10718,FALSE,NA,NA,NA,NA,NA,NA,TRUE
"3927","A69-1602-3103",3927,"Noordzeekanaal","Spaarne gemaal","VR2W-102057",52.410548,4.673446,2018-03-08 05:05:50,2018-03-08 05:05:50,1,NA,NA,NA,12072.612484,8693.10718,FALSE,NA,NA,NA,NA,NA,NA,TRUE
"3928","A69-1602-3103",3928,"Noordzeekanaal","Spaarne gemaal","VR2W-102057",52.410548,4.673446,2018-03-08 06:19:09,2018-03-08 06:19:09,1,NA,NA,NA,12072.612484,8693.10718,FALSE,NA,NA,NA,NA,NA,NA,TRUE
"3929","A69-1602-3103",3929,"Noordzeekanaal","Spaarne gemaal","VR2W-102057",52.410548,4.673446,2018-03-09 05:54:17,2018-03-09 06:49:55,4,NA,NA,NA,12072.612484,8693.10718,FALSE,NA,NA,NA,NA,NA,NA,TRUE
"3930","A69-1602-3103",3930,"Noordzeekanaal","Spaarne gemaal","VR2W-102057",52.410548,4.673446,2018-03-09 15:46:05,2018-03-09 17:43:30,15,NA,NA,NA,12072.612484,8693.10718,FALSE,NA,NA,NA,NA,NA,NA,TRUE
"3931","A69-1602-3103",3931,"Noordzeekanaal","Spaarne gemaal","VR2W-102057",52.410548,4.673446,2018-03-09 21:50:29,2018-03-09 21:55:22,6,NA,NA,NA,12072.612484,8693.10718,FALSE,NA,NA,NA,NA,NA,NA,TRUE
"3932","A69-1602-3103",3932,"Noordzeekanaal","Spaarne gemaal","VR2W-102057",52.410548,4.673446,2018-03-10 01:32:49,2018-03-10 01:32:49,1,NA,NA,NA,12072.612484,8693.10718,FALSE,NA,NA,NA,NA,NA,NA,TRUE
"3933","A69-1602-3103",3933,"Noordzeekanaal","Spaarne gemaal","VR2W-102057",52.410548,4.673446,2018-03-10 03:22:20,2018-03-10 04:35:18,14,NA,NA,NA,12072.612484,8693.10718,FALSE,NA,NA,NA,NA,NA,NA,TRUE
"3934","A69-1602-3103",3934,"Noordzeekanaal","Spaarne gemaal","VR2W-102057",52.410548,4.673446,2018-03-10 06:37:04,2018-03-10 06:54:29,7,NA,NA,NA,12072.612484,8693.10718,FALSE,NA,NA,NA,NA,NA,NA,TRUE
"3935","A69-1602-3103",3935,"Noordzeekanaal","Spaarne gemaal","VR2W-102057",52.410548,4.673446,2018-03-11 00:33:20,2018-03-11 05:02:56,36,NA,NA,NA,12072.612484,8693.10718,FALSE,NA,NA,NA,NA,NA,NA,TRUE
"3936","A69-1602-3103",3936,"Noordzeekanaal","Spaarne gemaal","VR2W-102057",52.410548,4.673446,2018-03-11 17:40:06,2018-03-11 17:40:06,1,NA,NA,NA,12072.612484,8693.10718,FALSE,NA,NA,NA,NA,NA,NA,TRUE
"3937","A69-1602-3103",3937,"Noordzeekanaal","Spaarne gemaal","VR2W-102057",52.410548,4.673446,2018-03-11 19:53:19,2018-03-11 19:54:12,2,NA,NA,NA,12072.612484,8693.10718,FALSE,NA,NA,NA,NA,NA,NA,TRUE
"3938","A69-1602-3103",3938,"Noordzeekanaal","Spaarne gemaal","VR2W-102057",52.410548,4.673446,2018-03-11 22:56:04,2018-03-11 23:40:07,5,NA,NA,NA,12072.612484,8693.10718,FALSE,NA,NA,NA,NA,NA,NA,TRUE
"3939","A69-1602-3103",3939,"Noordzeekanaal","Spaarne gemaal","VR2W-102057",52.410548,4.673446,2018-03-12 03:29:36,2018-03-12 05:04:50,11,NA,NA,NA,12072.612484,8693.10718,FALSE,NA,NA,NA,NA,NA,NA,TRUE
"3940","A69-1602-3103",3940,"Noordzeekanaal","Spaarne gemaal","VR2W-102057",52.410548,4.673446,2018-03-12 06:10:32,2018-03-12 06:10:32,1,NA,NA,NA,12072.612484,8693.10718,FALSE,NA,NA,NA,NA,NA,NA,TRUE
"3941","A69-1602-3103",3941,"Noordzeekanaal","Spaarne gemaal","VR2W-102057",52.410548,4.673446,2018-03-12 08:58:04,2018-03-12 09:28:30,5,NA,NA,NA,12072.612484,8693.10718,FALSE,NA,NA,NA,NA,NA,NA,TRUE
"3942","A69-1602-3103",3942,"Noordzeekanaal","Spaarne gemaal","VR2W-102057",52.410548,4.673446,2018-03-12 14:47:05,2018-03-12 14:47:05,1,NA,NA,NA,12072.612484,8693.10718,FALSE,NA,NA,NA,NA,NA,NA,TRUE
"3943","A69-1602-3103",3943,"Noordzeekanaal","Spaarne gemaal","VR2W-102057",52.410548,4.673446,2018-03-12 18:12:18,2018-03-12 18:46:05,7,NA,NA,NA,12072.612484,8693.10718,FALSE,NA,NA,NA,NA,NA,NA,TRUE
"3944","A69-1602-3103",3944,"Noordzeekanaal","Spaarne gemaal","VR2W-102057",52.410548,4.673446,2018-03-12 20:14:17,2018-03-12 20:14:17,1,NA,NA,NA,12072.612484,8693.10718,FALSE,NA,NA,NA,NA,NA,NA,TRUE
"3945","A69-1602-3103",3945,"Noordzeekanaal","Spaarne gemaal","VR2W-102057",52.410548,4.673446,2018-03-12 21:45:23,2018-03-12 21:46:41,2,NA,NA,NA,12072.612484,8693.10718,FALSE,NA,NA,NA,NA,NA,NA,TRUE
"3946","A69-1602-3103",3946,"Noordzeekanaal","Spaarne gemaal","VR2W-102057",52.410548,4.673446,2018-03-12 23:53:46,2018-03-13 01:38:06,12,NA,NA,NA,12072.612484,8693.10718,FALSE,NA,NA,NA,NA,NA,NA,TRUE
"3947","A69-1602-3103",3947,"Noordzeekanaal","Spaarne gemaal","VR2W-102057",52.410548,4.673446,2018-03-13 03:17:49,2018-03-13 03:56:20,19,NA,NA,NA,12072.612484,8693.10718,FALSE,NA,NA,NA,NA,NA,NA,TRUE
"3948","A69-1602-3103",3948,"Noordzeekanaal","Spaarne gemaal","VR2W-102057",52.410548,4.673446,2018-03-13 20:43:30,2018-03-13 21:25:04,3,NA,NA,NA,12072.612484,8693.10718,FALSE,NA,NA,NA,NA,NA,NA,TRUE
"3949","A69-1602-3103",3949,"Noordzeekanaal","Spaarne gemaal","VR2W-102057",52.410548,4.673446,2018-03-14 02:44:56,2018-03-14 02:44:56,1,NA,NA,NA,12072.612484,8693.10718,FALSE,NA,NA,NA,NA,NA,NA,TRUE
"3950","A69-1602-3103",3950,"Noordzeekanaal","Spaarne gemaal","VR2W-102057",52.410548,4.673446,2018-03-14 04:58:03,2018-03-14 08:00:02,11,NA,NA,NA,12072.612484,8693.10718,FALSE,NA,NA,NA,NA,NA,NA,TRUE
"3951","A69-1602-3103",3951,"Noordzeekanaal","Spaarne gemaal","VR2W-102057",52.410548,4.673446,2018-03-15 01:06:01,2018-03-15 01:06:01,1,NA,NA,NA,12072.612484,8693.10718,FALSE,NA,NA,NA,NA,NA,NA,TRUE
"3952","A69-1602-3103",3952,"Noordzeekanaal","Spaarne gemaal","VR2W-102057",52.410548,4.673446,2018-03-19 19:01:38,2018-03-19 19:04:31,2,NA,NA,NA,12072.612484,8693.10718,FALSE,NA,NA,NA,NA,NA,NA,TRUE
"3953","A69-1602-3103",3953,"Noordzeekanaal","Spaarne gemaal","VR2W-102057",52.410548,4.673446,2018-03-19 20:58:56,2018-03-19 21:26:35,7,NA,NA,NA,12072.612484,8693.10718,FALSE,NA,NA,NA,NA,NA,NA,TRUE
"3954","A69-1602-3103",3954,"Noordzeekanaal","Spaarne gemaal","VR2W-102057",52.410548,4.673446,2018-03-19 22:27:47,2018-03-19 23:26:05,7,NA,NA,NA,12072.612484,8693.10718,FALSE,NA,NA,NA,NA,NA,NA,TRUE
"3955","A69-1602-3103",3955,"Noordzeekanaal","Spaarne gemaal","VR2W-102057",52.410548,4.673446,2018-03-20 18:46:03,2018-03-20 18:46:03,1,NA,NA,NA,12072.612484,8693.10718,FALSE,NA,NA,NA,NA,NA,NA,TRUE
"3956","A69-1602-3103",3956,"Noordzeekanaal","Spaarne gemaal","VR2W-102057",52.410548,4.673446,2018-03-20 20:35:36,2018-03-20 21:03:24,4,NA,NA,NA,12072.612484,8693.10718,FALSE,NA,NA,NA,NA,NA,NA,TRUE
"3957","A69-1602-3103",3957,"Noordzeekanaal","Spaarne gemaal","VR2W-102057",52.410548,4.673446,2018-03-21 00:02:45,2018-03-21 07:19:21,84,NA,NA,NA,12072.612484,8693.10718,FALSE,NA,NA,NA,NA,NA,NA,TRUE
"3958","A69-1602-3103",3958,"Noordzeekanaal","Spaarne gemaal","VR2W-102057",52.410548,4.673446,2018-03-22 18:48:44,2018-03-22 20:30:23,9,NA,NA,NA,12072.612484,8693.10718,FALSE,NA,NA,NA,NA,NA,NA,TRUE
"3959","A69-1602-3103",3959,"Noordzeekanaal","Spaarne gemaal","VR2W-102057",52.410548,4.673446,2018-03-24 00:23:30,2018-03-24 00:54:16,13,NA,NA,NA,12072.612484,8693.10718,FALSE,NA,NA,NA,NA,NA,NA,TRUE
"3960","A69-1602-3103",3960,"Noordzeekanaal","Spaarne gemaal","VR2W-102057",52.410548,4.673446,2018-03-24 01:56:46,2018-03-24 04:20:55,32,NA,NA,NA,12072.612484,8693.10718,FALSE,NA,NA,NA,NA,NA,NA,TRUE
"3961","A69-1602-3103",3961,"Noordzeekanaal","Spaarne gemaal","VR2W-102057",52.410548,4.673446,2018-03-24 05:21:51,2018-03-24 07:17:42,17,NA,NA,NA,12072.612484,8693.10718,FALSE,NA,NA,NA,NA,NA,NA,TRUE
"3962","A69-1602-3103",3962,"Noordzeekanaal","Spaarne gemaal","VR2W-102057",52.410548,4.673446,2018-03-24 08:18:30,2018-03-24 08:18:30,1,NA,NA,NA,12072.612484,8693.10718,FALSE,NA,NA,NA,NA,NA,NA,TRUE
"3963","A69-1602-3103",3963,"Noordzeekanaal","Spaarne gemaal","VR2W-102057",52.410548,4.673446,2018-03-24 13:01:53,2018-03-24 13:01:53,1,NA,NA,NA,12072.612484,8693.10718,FALSE,NA,NA,NA,NA,NA,NA,TRUE
"3964","A69-1602-3103",3964,"Noordzeekanaal","Spaarne gemaal","VR2W-102057",52.410548,4.673446,2018-03-24 18:27:44,2018-03-24 18:27:44,1,NA,NA,NA,12072.612484,8693.10718,FALSE,NA,NA,NA,NA,NA,NA,TRUE
"3965","A69-1602-3103",3965,"Noordzeekanaal","Spaarne gemaal","VR2W-102057",52.410548,4.673446,2018-03-24 22:20:45,2018-03-25 00:41:50,15,NA,NA,NA,12072.612484,8693.10718,FALSE,NA,NA,NA,NA,NA,NA,TRUE
"3966","A69-1602-3103",3966,"Noordzeekanaal","Spaarne gemaal","VR2W-102057",52.410548,4.673446,2018-03-25 01:41:51,2018-03-25 01:41:51,1,NA,NA,NA,12072.612484,8693.10718,FALSE,NA,NA,NA,NA,NA,NA,TRUE
"3967","A69-1602-3103",3967,"Noordzeekanaal","Spaarne gemaal","VR2W-102057",52.410548,4.673446,2018-03-25 03:00:36,2018-03-25 03:20:02,17,NA,NA,NA,12072.612484,8693.10718,FALSE,NA,NA,NA,NA,NA,NA,TRUE
"3968","A69-1602-3103",3968,"Noordzeekanaal","Spaarne gemaal","VR2W-102057",52.410548,4.673446,2018-03-25 04:22:47,2018-03-25 04:55:37,6,NA,NA,NA,12072.612484,8693.10718,FALSE,NA,NA,NA,NA,NA,NA,TRUE
"3969","A69-1602-3103",3969,"Noordzeekanaal","Spaarne gemaal","VR2W-102057",52.410548,4.673446,2018-03-25 06:41:56,2018-03-25 07:43:07,19,NA,NA,NA,12072.612484,8693.10718,FALSE,NA,NA,NA,NA,NA,NA,TRUE
"3970","A69-1602-3103",3970,"Noordzeekanaal","Spaarne gemaal","VR2W-102057",52.410548,4.673446,2018-03-25 18:28:22,2018-03-25 18:29:10,2,NA,NA,NA,12072.612484,8693.10718,FALSE,NA,NA,NA,NA,NA,NA,TRUE
"3971","A69-1602-3103",3971,"Noordzeekanaal","Spaarne gemaal","VR2W-102057",52.410548,4.673446,2018-03-25 21:20:57,2018-03-25 21:20:57,1,NA,NA,NA,12072.612484,8693.10718,FALSE,NA,NA,NA,NA,NA,NA,TRUE
"3972","A69-1602-3103",3972,"Noordzeekanaal","Spaarne gemaal","VR2W-102057",52.410548,4.673446,2018-03-25 23:15:28,2018-03-26 01:48:01,21,NA,NA,NA,12072.612484,8693.10718,FALSE,NA,NA,NA,NA,NA,NA,TRUE
"3973","A69-1602-3103",3973,"Noordzeekanaal","Spaarne gemaal","VR2W-102057",52.410548,4.673446,2018-03-26 22:44:04,2018-03-26 22:44:04,1,NA,NA,NA,12072.612484,8693.10718,FALSE,NA,NA,NA,NA,NA,NA,TRUE
"3974","A69-1602-3103",3974,"Noordzeekanaal","Spaarne gemaal","VR2W-102057",52.410548,4.673446,2018-03-26 23:58:25,2018-03-27 00:12:28,2,NA,NA,NA,12072.612484,8693.10718,FALSE,NA,NA,NA,NA,NA,NA,TRUE
"3975","A69-1602-3103",3975,"Noordzeekanaal","Spaarne gemaal","VR2W-102057",52.410548,4.673446,2018-03-27 02:00:27,2018-03-27 04:12:01,12,NA,NA,NA,12072.612484,8693.10718,NA,NA,NA,NA,NA,NA,NA,TRUE
"3976","A69-1602-3104",3976,"Noordzeekanaal","rel_noordzeekanaal7","none",52.385734,4.749574,2017-10-12 11:00:00,2017-10-12 11:00:00,1,NA,NA,NA,0,0,TRUE,8693.10718,2,2017-10-13 01:23:14,8693.10718,51794,0.167840042862108,TRUE
"3977","A69-1602-3104",3977,"Noordzeekanaal","Spaarne gemaal","VR2W-102057",52.410548,4.673446,2017-10-13 01:23:14,2017-10-13 07:00:25,134,51794,8693.10718,0.16784,8693.10718,8693.10718,NA,NA,NA,NA,NA,NA,NA,TRUE
"3978","A69-1602-3104",3978,"Noordzeekanaal","Spaarne sluis","VR2W-102063",52.412068,4.680792,2017-10-13 16:55:06,2017-11-05 10:33:50,21471,35681,582.774677,0.016333,9275.881857,8934.500919,FALSE,NA,NA,NA,NA,NA,NA,TRUE
"3979","A69-1602-3104",3979,"Noordzeekanaal","Spaarne gemaal","VR2W-102057",52.410548,4.673446,2017-11-05 11:33:56,2017-11-09 10:43:39,3671,3606,582.774677,0.161613,9858.656534,8693.10718,NA,NA,NA,NA,NA,NA,NA,TRUE
"3980","A69-1602-3104",3980,"Noordzeekanaal","Spaarne sluis","VR2W-102063",52.412068,4.680792,2017-11-09 11:57:38,2017-11-09 11:57:38,1,4439,582.774677,0.131285,10441.431211,8934.500919,FALSE,NA,NA,NA,NA,NA,NA,TRUE
"3981","A69-1602-3104",3981,"Noordzeekanaal","Spaarne sluis","VR2W-102063",52.412068,4.680792,2017-11-09 12:58:27,2017-11-10 05:21:11,489,NA,NA,NA,10441.431211,8934.500919,FALSE,NA,NA,NA,NA,NA,NA,TRUE
"3982","A69-1602-3104",3982,"Noordzeekanaal","Spaarne gemaal","VR2W-102057",52.410548,4.673446,2017-11-10 06:44:56,2017-11-10 06:47:53,2,5025,582.774677,0.115975,11024.205888,8693.10718,FALSE,NA,NA,NA,NA,NA,NA,TRUE
"3983","A69-1602-3104",3983,"Noordzeekanaal","Spaarne gemaal","VR2W-102057",52.410548,4.673446,2017-11-10 08:46:54,2017-11-10 08:50:50,2,NA,NA,NA,11024.205888,8693.10718,FALSE,NA,NA,NA,NA,NA,NA,TRUE
"3984","A69-1602-3104",3984,"Noordzeekanaal","Spaarne gemaal","VR2W-102057",52.410548,4.673446,2017-11-10 10:04:15,2017-11-10 10:35:59,15,NA,NA,NA,11024.205888,8693.10718,FALSE,NA,NA,NA,NA,NA,NA,TRUE
"3985","A69-1602-3104",3985,"Noordzeekanaal","Spaarne gemaal","VR2W-102057",52.410548,4.673446,2017-11-10 11:37:30,2017-11-11 09:10:41,395,NA,NA,NA,11024.205888,8693.10718,FALSE,NA,NA,NA,NA,NA,NA,TRUE
"3986","A69-1602-3104",3986,"Noordzeekanaal","Spaarne gemaal","VR2W-102057",52.410548,4.673446,2017-11-11 10:13:54,2017-11-13 13:26:10,1815,NA,NA,NA,11024.205888,8693.10718,NA,NA,NA,NA,NA,NA,NA,TRUE
"3987","A69-1602-3104",3987,"Noordzeekanaal","Spaarne sluis","VR2W-102063",52.412068,4.680792,2017-11-13 14:57:11,2017-11-14 07:35:17,539,5461,582.774677,0.106716,11606.980565,8934.500919,FALSE,NA,NA,NA,NA,NA,NA,TRUE
"3988","A69-1602-3104",3988,"Noordzeekanaal","Spaarne gemaal","VR2W-102057",52.410548,4.673446,2017-11-14 08:36:31,2017-11-18 09:02:38,3690,3674,582.774677,0.158621,12189.755242,8693.10718,FALSE,NA,NA,NA,NA,NA,NA,TRUE
"3989","A69-1602-3104",3989,"Noordzeekanaal","Spaarne gemaal","VR2W-102057",52.410548,4.673446,2017-11-18 10:24:18,2017-11-20 04:55:45,1652,NA,NA,NA,12189.755242,8693.10718,FALSE,NA,NA,NA,NA,NA,NA,TRUE
"3990","A69-1602-3104",3990,"Noordzeekanaal","Spaarne gemaal","VR2W-102057",52.410548,4.673446,2017-11-20 06:48:34,2017-11-20 10:37:01,52,NA,NA,NA,12189.755242,8693.10718,NA,NA,NA,NA,NA,NA,NA,TRUE
"3991","A69-1602-3104",3991,"Noordzeekanaal","Spaarne sluis","VR2W-102063",52.412068,4.680792,2017-11-20 12:04:43,2017-11-20 12:44:58,7,5262,582.774677,0.110752,12772.529919,8934.500919,FALSE,NA,NA,NA,NA,NA,NA,TRUE
"3992","A69-1602-3104",3992,"Noordzeekanaal","Spaarne sluis","VR2W-102063",52.412068,4.680792,2017-11-20 14:05:02,2017-11-20 14:11:46,4,NA,NA,NA,12772.529919,8934.500919,FALSE,NA,NA,NA,NA,NA,NA,TRUE
"3993","A69-1602-3104",3993,"Noordzeekanaal","Spaarne gemaal","VR2W-102057",52.410548,4.673446,2017-11-20 15:58:54,2017-11-20 16:21:40,6,6428,582.774677,0.090662,13355.304596,8693.10718,NA,NA,NA,NA,NA,NA,NA,TRUE
"3994","A69-1602-3104",3994,"Noordzeekanaal","Spaarne sluis","VR2W-102063",52.412068,4.680792,2017-11-20 19:07:36,2017-11-21 10:15:06,699,9956,582.774677,0.058535,13938.079273,8934.500919,FALSE,NA,NA,NA,NA,NA,NA,TRUE
"3995","A69-1602-3104",3995,"Noordzeekanaal","Spaarne sluis","VR2W-102063",52.412068,4.680792,2017-11-21 11:19:15,2017-11-21 12:14:46,17,NA,NA,NA,13938.079273,8934.500919,FALSE,NA,NA,NA,NA,NA,NA,TRUE
"3996","A69-1602-3104",3996,"Noordzeekanaal","Spaarne gemaal","VR2W-102057",52.410548,4.673446,2017-11-21 15:59:49,2017-11-21 17:53:15,8,13503,582.774677,0.043159,14520.85395,8693.10718,FALSE,NA,NA,NA,NA,NA,NA,TRUE
"3997","A69-1602-3104",3997,"Noordzeekanaal","Spaarne gemaal","VR2W-102057",52.410548,4.673446,2017-11-21 19:21:27,2017-11-21 19:54:45,2,NA,NA,NA,14520.85395,8693.10718,FALSE,NA,NA,NA,NA,NA,NA,TRUE
"3998","A69-1602-3104",3998,"Noordzeekanaal","Spaarne gemaal","VR2W-102057",52.410548,4.673446,2017-11-22 06:43:16,2017-11-22 06:43:16,1,NA,NA,NA,14520.85395,8693.10718,FALSE,NA,NA,NA,NA,NA,NA,TRUE
"3999","A69-1602-3104",3999,"Noordzeekanaal","Spaarne gemaal","VR2W-102057",52.410548,4.673446,2017-11-22 08:17:13,2017-11-23 06:10:46,317,NA,NA,NA,14520.85395,8693.10718,FALSE,NA,NA,NA,NA,NA,NA,TRUE
"4000","A69-1602-3104",4000,"Noordzeekanaal","Spaarne gemaal","VR2W-102057",52.410548,4.673446,2017-11-23 13:31:40,2017-11-23 16:10:56,24,NA,NA,NA,14520.85395,8693.10718,FALSE,NA,NA,NA,NA,NA,NA,TRUE
"4001","A69-1602-3104",4001,"Noordzeekanaal","Spaarne gemaal","VR2W-102057",52.410548,4.673446,2017-11-23 18:18:54,2017-11-23 18:23:57,6,NA,NA,NA,14520.85395,8693.10718,FALSE,NA,NA,NA,NA,NA,NA,TRUE
"4002","A69-1602-3104",4002,"Noordzeekanaal","Spaarne gemaal","VR2W-102057",52.410548,4.673446,2017-11-23 19:53:14,2017-11-25 09:56:32,1834,NA,NA,NA,14520.85395,8693.10718,NA,NA,NA,NA,NA,NA,NA,TRUE
"4003","A69-1602-3104",4003,"Noordzeekanaal","Spaarne sluis","VR2W-102063",52.412068,4.680792,2017-11-25 11:35:07,2017-11-26 03:21:39,611,5915,582.774677,0.098525,15103.628627,8934.500919,FALSE,NA,NA,NA,NA,NA,NA,TRUE
"4004","A69-1602-3104",4004,"Noordzeekanaal","Spaarne sluis","VR2W-102063",52.412068,4.680792,2017-11-26 04:25:06,2017-11-27 03:40:06,1195,NA,NA,NA,15103.628627,8934.500919,FALSE,NA,NA,NA,NA,NA,NA,TRUE
"4005","A69-1602-3104",4005,"Noordzeekanaal","Spaarne gemaal","VR2W-102057",52.410548,4.673446,2017-11-27 05:54:34,2017-11-27 05:54:34,1,8068,582.774677,0.072233,15686.403304,8693.10718,FALSE,NA,NA,NA,NA,NA,NA,TRUE
"4006","A69-1602-3104",4006,"Noordzeekanaal","Spaarne gemaal","VR2W-102057",52.410548,4.673446,2017-11-27 10:07:26,2017-11-27 18:46:58,145,NA,NA,NA,15686.403304,8693.10718,FALSE,NA,NA,NA,NA,NA,NA,TRUE
"4007","A69-1602-3104",4007,"Noordzeekanaal","Spaarne gemaal","VR2W-102057",52.410548,4.673446,2017-11-27 20:07:11,2017-11-27 20:07:11,1,NA,NA,NA,15686.403304,8693.10718,FALSE,NA,NA,NA,NA,NA,NA,TRUE
"4008","A69-1602-3104",4008,"Noordzeekanaal","Spaarne gemaal","VR2W-102057",52.410548,4.673446,2017-11-27 21:18:04,2017-11-28 00:24:19,23,NA,NA,NA,15686.403304,8693.10718,FALSE,NA,NA,NA,NA,NA,NA,TRUE
"4009","A69-1602-3104",4009,"Noordzeekanaal","Spaarne gemaal","VR2W-102057",52.410548,4.673446,2017-11-28 01:40:20,2017-11-28 07:21:04,80,NA,NA,NA,15686.403304,8693.10718,NA,NA,NA,NA,NA,NA,NA,TRUE
"4010","A69-1602-3104",4010,"Noordzeekanaal","Spaarne sluis","VR2W-102063",52.412068,4.680792,2017-11-28 09:31:08,2017-11-28 09:32:17,2,7804,582.774677,0.074676,16269.177981,8934.500919,FALSE,NA,NA,NA,NA,NA,NA,TRUE
"4011","A69-1602-3104",4011,"Noordzeekanaal","Spaarne sluis","VR2W-102063",52.412068,4.680792,2017-11-28 11:01:02,2017-11-28 11:08:26,3,NA,NA,NA,16269.177981,8934.500919,FALSE,NA,NA,NA,NA,NA,NA,TRUE
"4012","A69-1602-3104",4012,"Noordzeekanaal","Spaarne sluis","VR2W-102063",52.412068,4.680792,2017-11-28 12:26:58,2017-11-30 01:54:42,1313,NA,NA,NA,16269.177981,8934.500919,FALSE,NA,NA,NA,NA,NA,NA,TRUE
"4013","A69-1602-3104",4013,"Noordzeekanaal","Spaarne gemaal","VR2W-102057",52.410548,4.673446,2017-11-30 03:21:15,2017-12-02 14:33:23,2317,5193,582.774677,0.112223,16851.952658,8693.10718,FALSE,NA,NA,NA,NA,NA,NA,TRUE
"4014","A69-1602-3104",4014,"Noordzeekanaal","Spaarne gemaal","VR2W-102057",52.410548,4.673446,2017-12-02 15:33:49,2017-12-02 19:17:03,21,NA,NA,NA,16851.952658,8693.10718,FALSE,NA,NA,NA,NA,NA,NA,TRUE
"4015","A69-1602-3104",4015,"Noordzeekanaal","Spaarne gemaal","VR2W-102057",52.410548,4.673446,2017-12-02 20:29:39,2017-12-07 05:39:06,4557,NA,NA,NA,16851.952658,8693.10718,FALSE,NA,NA,NA,NA,NA,NA,TRUE
"4016","A69-1602-3104",4016,"Noordzeekanaal","Spaarne gemaal","VR2W-102057",52.410548,4.673446,2017-12-07 10:35:15,2017-12-07 10:35:15,1,NA,NA,NA,16851.952658,8693.10718,FALSE,NA,NA,NA,NA,NA,NA,TRUE
"4017","A69-1602-3104",4017,"Noordzeekanaal","Spaarne gemaal","VR2W-102057",52.410548,4.673446,2017-12-07 12:00:29,2017-12-07 12:00:29,1,NA,NA,NA,16851.952658,8693.10718,FALSE,NA,NA,NA,NA,NA,NA,TRUE
"4018","A69-1602-3104",4018,"Noordzeekanaal","Spaarne gemaal","VR2W-102057",52.410548,4.673446,2017-12-07 16:25:43,2017-12-08 16:40:46,858,NA,NA,NA,16851.952658,8693.10718,FALSE,NA,NA,NA,NA,NA,NA,TRUE
"4019","A69-1602-3104",4019,"Noordzeekanaal","Spaarne gemaal","VR2W-102057",52.410548,4.673446,2017-12-08 17:44:24,2017-12-09 01:34:38,43,NA,NA,NA,16851.952658,8693.10718,FALSE,NA,NA,NA,NA,NA,NA,TRUE
"4020","A69-1602-3104",4020,"Noordzeekanaal","Spaarne gemaal","VR2W-102057",52.410548,4.673446,2017-12-09 04:55:21,2017-12-10 06:24:12,1202,NA,NA,NA,16851.952658,8693.10718,NA,NA,NA,NA,NA,NA,NA,TRUE
"4021","A69-1602-3104",4021,"Noordzeekanaal","Spaarne sluis","VR2W-102063",52.412068,4.680792,2017-12-10 07:40:16,2017-12-10 10:46:35,76,4564,582.774677,0.127689,17434.727335,8934.500919,FALSE,NA,NA,NA,NA,NA,NA,TRUE
"4022","A69-1602-3104",4022,"Noordzeekanaal","Spaarne gemaal","VR2W-102057",52.410548,4.673446,2017-12-10 15:48:53,2017-12-10 15:48:53,1,18138,582.774677,0.03213,18017.502012,8693.10718,FALSE,NA,NA,NA,NA,NA,NA,TRUE
"4023","A69-1602-3104",4023,"Noordzeekanaal","Spaarne gemaal","VR2W-102057",52.410548,4.673446,2017-12-10 17:26:01,2017-12-11 11:32:00,827,NA,NA,NA,18017.502012,8693.10718,FALSE,NA,NA,NA,NA,NA,NA,TRUE
"4024","A69-1602-3104",4024,"Noordzeekanaal","Spaarne gemaal","VR2W-102057",52.410548,4.673446,2017-12-11 13:32:38,2017-12-11 14:21:18,17,NA,NA,NA,18017.502012,8693.10718,FALSE,NA,NA,NA,NA,NA,NA,TRUE
"4025","A69-1602-3104",4025,"Noordzeekanaal","Spaarne gemaal","VR2W-102057",52.410548,4.673446,2017-12-11 17:12:04,2017-12-13 03:27:12,826,NA,NA,NA,18017.502012,8693.10718,FALSE,NA,NA,NA,NA,NA,NA,TRUE
"4026","A69-1602-3104",4026,"Noordzeekanaal","Spaarne gemaal","VR2W-102057",52.410548,4.673446,2017-12-13 11:13:32,2017-12-13 15:29:11,43,NA,NA,NA,18017.502012,8693.10718,FALSE,NA,NA,NA,NA,NA,NA,TRUE
"4027","A69-1602-3104",4027,"Noordzeekanaal","Spaarne gemaal","VR2W-102057",52.410548,4.673446,2017-12-13 17:54:16,2017-12-13 18:13:51,2,NA,NA,NA,18017.502012,8693.10718,FALSE,NA,NA,NA,NA,NA,NA,TRUE
"4028","A69-1602-3104",4028,"Noordzeekanaal","Spaarne gemaal","VR2W-102057",52.410548,4.673446,2017-12-13 19:36:34,2017-12-14 02:32:24,100,NA,NA,NA,18017.502012,8693.10718,FALSE,NA,NA,NA,NA,NA,NA,TRUE
"4029","A69-1602-3104",4029,"Noordzeekanaal","Spaarne gemaal","VR2W-102057",52.410548,4.673446,2017-12-14 03:43:25,2017-12-15 08:36:46,529,NA,NA,NA,18017.502012,8693.10718,NA,NA,NA,NA,NA,NA,NA,TRUE
"4030","A69-1602-3104",4030,"Noordzeekanaal","Spaarne sluis","VR2W-102063",52.412068,4.680792,2017-12-15 10:33:42,2017-12-16 12:28:21,843,7016,582.774677,0.083064,18600.276689,8934.500919,FALSE,NA,NA,NA,NA,NA,NA,TRUE
"4031","A69-1602-3104",4031,"Noordzeekanaal","Spaarne sluis","VR2W-102063",52.412068,4.680792,2017-12-16 14:10:07,2017-12-16 14:14:11,2,NA,NA,NA,18600.276689,8934.500919,FALSE,NA,NA,NA,NA,NA,NA,TRUE
"4032","A69-1602-3104",4032,"Noordzeekanaal","Spaarne sluis","VR2W-102063",52.412068,4.680792,2017-12-16 15:43:33,2017-12-16 16:50:55,6,NA,NA,NA,18600.276689,8934.500919,FALSE,NA,NA,NA,NA,NA,NA,TRUE
"4033","A69-1602-3104",4033,"Noordzeekanaal","Spaarne gemaal","VR2W-102057",52.410548,4.673446,2017-12-16 17:55:38,2017-12-16 19:08:49,9,3883,582.774677,0.150084,19183.051366,8693.10718,NA,NA,NA,NA,NA,NA,NA,TRUE
"4034","A69-1602-3104",4034,"Noordzeekanaal","Spaarne sluis","VR2W-102063",52.412068,4.680792,2017-12-16 20:34:20,2017-12-16 20:34:20,1,5131,582.774677,0.113579,19765.826043,8934.500919,FALSE,NA,NA,NA,NA,NA,NA,TRUE
"4035","A69-1602-3104",4035,"Noordzeekanaal","Spaarne sluis","VR2W-102063",52.412068,4.680792,2017-12-16 22:11:14,2017-12-17 01:54:49,19,NA,NA,NA,19765.826043,8934.500919,FALSE,NA,NA,NA,NA,NA,NA,TRUE
"4036","A69-1602-3104",4036,"Noordzeekanaal","Spaarne gemaal","VR2W-102057",52.410548,4.673446,2017-12-17 03:09:42,2017-12-17 18:45:01,357,4493,582.774677,0.129707,20348.60072,8693.10718,FALSE,NA,NA,NA,NA,NA,NA,TRUE
"4037","A69-1602-3104",4037,"Noordzeekanaal","Spaarne gemaal","VR2W-102057",52.410548,4.673446,2017-12-17 21:35:50,2017-12-17 21:51:06,2,NA,NA,NA,20348.60072,8693.10718,FALSE,NA,NA,NA,NA,NA,NA,TRUE
"4038","A69-1602-3104",4038,"Noordzeekanaal","Spaarne gemaal","VR2W-102057",52.410548,4.673446,2017-12-17 23:24:08,2017-12-18 20:15:16,204,NA,NA,NA,20348.60072,8693.10718,NA,NA,NA,NA,NA,NA,NA,TRUE
"4039","A69-1602-3104",4039,"Noordzeekanaal","Spaarne sluis","VR2W-102063",52.412068,4.680792,2017-12-18 21:24:31,2017-12-19 14:25:08,509,4155,582.774677,0.140259,20931.375397,8934.500919,FALSE,NA,NA,NA,NA,NA,NA,TRUE
"4040","A69-1602-3104",4040,"Noordzeekanaal","Spaarne sluis","VR2W-102063",52.412068,4.680792,2017-12-19 15:28:02,2017-12-19 15:39:21,3,NA,NA,NA,20931.375397,8934.500919,FALSE,NA,NA,NA,NA,NA,NA,TRUE
"4041","A69-1602-3104",4041,"Noordzeekanaal","Spaarne sluis","VR2W-102063",52.412068,4.680792,2017-12-19 17:01:44,2017-12-25 23:39:14,12978,NA,NA,NA,20931.375397,8934.500919,FALSE,NA,NA,NA,NA,NA,NA,TRUE
"4042","A69-1602-3104",4042,"Noordzeekanaal","Spaarne gemaal","VR2W-102057",52.410548,4.673446,2017-12-26 01:42:38,2017-12-26 02:46:54,15,7404,582.774677,0.078711,21514.150074,8693.10718,FALSE,NA,NA,NA,NA,NA,NA,TRUE
"4043","A69-1602-3104",4043,"Noordzeekanaal","Spaarne gemaal","VR2W-102057",52.410548,4.673446,2017-12-26 04:24:53,2017-12-26 04:24:53,1,NA,NA,NA,21514.150074,8693.10718,FALSE,NA,NA,NA,NA,NA,NA,TRUE
"4044","A69-1602-3104",4044,"Noordzeekanaal","Spaarne gemaal","VR2W-102057",52.410548,4.673446,2017-12-26 06:00:43,2017-12-26 12:31:36,167,NA,NA,NA,21514.150074,8693.10718,FALSE,NA,NA,NA,NA,NA,NA,TRUE
"4045","A69-1602-3104",4045,"Noordzeekanaal","Spaarne gemaal","VR2W-102057",52.410548,4.673446,2017-12-26 14:03:31,2017-12-27 07:44:52,487,NA,NA,NA,21514.150074,8693.10718,FALSE,NA,NA,NA,NA,NA,NA,TRUE
"4046","A69-1602-3104",4046,"Noordzeekanaal","Spaarne gemaal","VR2W-102057",52.410548,4.673446,2017-12-27 09:48:24,2017-12-29 12:24:55,3317,NA,NA,NA,21514.150074,8693.10718,FALSE,NA,NA,NA,NA,NA,NA,TRUE
"4047","A69-1602-3104",4047,"Noordzeekanaal","Spaarne gemaal","VR2W-102057",52.410548,4.673446,2017-12-29 13:27:06,2017-12-29 15:04:42,30,NA,NA,NA,21514.150074,8693.10718,FALSE,NA,NA,NA,NA,NA,NA,TRUE
"4048","A69-1602-3104",4048,"Noordzeekanaal","Spaarne gemaal","VR2W-102057",52.410548,4.673446,2017-12-29 16:40:23,2017-12-29 17:50:42,23,NA,NA,NA,21514.150074,8693.10718,NA,NA,NA,NA,NA,NA,NA,TRUE
"4049","A69-1602-3104",4049,"Noordzeekanaal","Spaarne sluis","VR2W-102063",52.412068,4.680792,2017-12-29 21:05:00,2017-12-30 10:18:04,805,11658,582.774677,0.049989,22096.924751,8934.500919,FALSE,NA,NA,NA,NA,NA,NA,TRUE
"4050","A69-1602-3104",4050,"Noordzeekanaal","Spaarne gemaal","VR2W-102057",52.410548,4.673446,2017-12-30 12:54:35,2017-12-30 14:51:51,17,9391,582.774677,0.062057,22679.699428,8693.10718,FALSE,NA,NA,NA,NA,NA,NA,TRUE
"4051","A69-1602-3104",4051,"Noordzeekanaal","Spaarne gemaal","VR2W-102057",52.410548,4.673446,2017-12-30 16:02:56,2017-12-31 04:49:09,563,NA,NA,NA,22679.699428,8693.10718,NA,NA,NA,NA,NA,NA,NA,TRUE
"4052","A69-1602-3104",4052,"Noordzeekanaal","Spaarne sluis","VR2W-102063",52.412068,4.680792,2017-12-31 09:41:00,2017-12-31 09:41:00,1,17511,582.774677,0.03328,23262.474105,8934.500919,FALSE,NA,NA,NA,NA,NA,NA,TRUE
"4053","A69-1602-3104",4053,"Noordzeekanaal","Spaarne gemaal","VR2W-102057",52.410548,4.673446,2017-12-31 15:48:32,2017-12-31 21:21:42,165,22052,582.774677,0.026427,23845.248782,8693.10718,FALSE,NA,NA,NA,NA,NA,NA,TRUE
"4054","A69-1602-3104",4054,"Noordzeekanaal","Spaarne gemaal","VR2W-102057",52.410548,4.673446,2017-12-31 22:37:00,2017-12-31 22:38:28,2,NA,NA,NA,23845.248782,8693.10718,FALSE,NA,NA,NA,NA,NA,NA,TRUE
"4055","A69-1602-3104",4055,"Noordzeekanaal","Spaarne gemaal","VR2W-102057",52.410548,4.673446,2018-01-01 00:20:30,2018-01-01 00:21:52,2,NA,NA,NA,23845.248782,8693.10718,FALSE,NA,NA,NA,NA,NA,NA,TRUE
"4056","A69-1602-3104",4056,"Noordzeekanaal","Spaarne gemaal","VR2W-102057",52.410548,4.673446,2018-01-01 05:14:19,2018-01-03 01:55:14,4062,NA,NA,NA,23845.248782,8693.10718,FALSE,NA,NA,NA,NA,NA,NA,TRUE
"4057","A69-1602-3104",4057,"Noordzeekanaal","Spaarne gemaal","VR2W-102057",52.410548,4.673446,2018-01-03 03:36:29,2018-01-03 05:06:53,91,NA,NA,NA,23845.248782,8693.10718,FALSE,NA,NA,NA,NA,NA,NA,TRUE
"4058","A69-1602-3104",4058,"Noordzeekanaal","Spaarne gemaal","VR2W-102057",52.410548,4.673446,2018-01-03 06:09:18,2018-01-03 08:03:40,28,NA,NA,NA,23845.248782,8693.10718,FALSE,NA,NA,NA,NA,NA,NA,TRUE
"4059","A69-1602-3104",4059,"Noordzeekanaal","Spaarne gemaal","VR2W-102057",52.410548,4.673446,2018-01-03 16:43:17,2018-01-04 15:46:58,1873,NA,NA,NA,23845.248782,8693.10718,FALSE,NA,NA,NA,NA,NA,NA,TRUE
"4060","A69-1602-3104",4060,"Noordzeekanaal","Spaarne gemaal","VR2W-102057",52.410548,4.673446,2018-01-04 17:17:43,2018-01-04 18:07:41,5,NA,NA,NA,23845.248782,8693.10718,NA,NA,NA,NA,NA,NA,NA,TRUE
"4061","A69-1602-3104",4061,"Noordzeekanaal","Spaarne sluis","VR2W-102063",52.412068,4.680792,2018-01-04 20:04:27,2018-01-15 11:02:06,29131,7006,582.774677,0.083182,24428.023459,8934.500919,FALSE,NA,NA,NA,NA,NA,NA,TRUE
"4062","A69-1602-3104",4062,"Noordzeekanaal","Spaarne sluis","VR2W-102063",52.412068,4.680792,2018-01-15 13:07:01,2018-01-15 13:07:01,1,NA,NA,NA,24428.023459,8934.500919,FALSE,NA,NA,NA,NA,NA,NA,TRUE
"4063","A69-1602-3104",4063,"Noordzeekanaal","Spaarne gemaal","VR2W-102057",52.410548,4.673446,2018-01-15 17:26:30,2018-01-17 10:20:44,2448,15569,582.774677,0.037432,25010.798136,8693.10718,NA,NA,NA,NA,NA,NA,NA,TRUE
"4064","A69-1602-3104",4064,"Noordzeekanaal","Spaarne sluis","VR2W-102063",52.412068,4.680792,2018-01-17 11:31:33,2018-01-17 11:32:51,2,4249,582.774677,0.137156,25593.572813,8934.500919,FALSE,NA,NA,NA,NA,NA,NA,TRUE
"4065","A69-1602-3104",4065,"Noordzeekanaal","Spaarne gemaal","VR2W-102057",52.410548,4.673446,2018-01-17 13:03:40,2018-01-18 05:09:02,656,5449,582.774677,0.106951,26176.34749,8693.10718,FALSE,NA,NA,NA,NA,NA,NA,TRUE
"4066","A69-1602-3104",4066,"Noordzeekanaal","Spaarne gemaal","VR2W-102057",52.410548,4.673446,2018-01-18 10:29:20,2018-01-23 19:28:33,13981,NA,NA,NA,26176.34749,8693.10718,NA,NA,NA,NA,NA,NA,NA,TRUE
"4067","A69-1602-3104",4067,"Noordzeekanaal","Spaarne sluis","VR2W-102063",52.412068,4.680792,2018-01-23 21:51:18,2018-01-24 16:40:21,773,8565,582.774677,0.068041,26759.122167,8934.500919,FALSE,NA,NA,NA,NA,NA,NA,TRUE
"4068","A69-1602-3104",4068,"Noordzeekanaal","Spaarne gemaal","VR2W-102057",52.410548,4.673446,2018-01-24 18:28:11,2018-01-27 19:04:09,6312,6470,582.774677,0.090073,27341.896844,8693.10718,FALSE,NA,NA,NA,NA,NA,NA,TRUE
"4069","A69-1602-3104",4069,"Noordzeekanaal","Spaarne gemaal","VR2W-102057",52.410548,4.673446,2018-01-27 21:34:50,2018-01-27 21:34:50,1,NA,NA,NA,27341.896844,8693.10718,FALSE,NA,NA,NA,NA,NA,NA,TRUE
"4070","A69-1602-3104",4070,"Noordzeekanaal","Spaarne gemaal","VR2W-102057",52.410548,4.673446,2018-01-28 00:28:23,2018-01-28 00:28:23,1,NA,NA,NA,27341.896844,8693.10718,FALSE,NA,NA,NA,NA,NA,NA,TRUE
"4071","A69-1602-3104",4071,"Noordzeekanaal","Spaarne gemaal","VR2W-102057",52.410548,4.673446,2018-01-28 01:29:24,2018-01-28 11:50:49,561,NA,NA,NA,27341.896844,8693.10718,FALSE,NA,NA,NA,NA,NA,NA,TRUE
"4072","A69-1602-3104",4072,"Noordzeekanaal","Spaarne gemaal","VR2W-102057",52.410548,4.673446,2018-01-28 16:57:34,2018-01-28 16:57:34,1,NA,NA,NA,27341.896844,8693.10718,FALSE,NA,NA,NA,NA,NA,NA,TRUE
"4073","A69-1602-3104",4073,"Noordzeekanaal","Spaarne gemaal","VR2W-102057",52.410548,4.673446,2018-01-28 18:48:00,2018-01-29 07:29:29,522,NA,NA,NA,27341.896844,8693.10718,FALSE,NA,NA,NA,NA,NA,NA,TRUE
"4074","A69-1602-3104",4074,"Noordzeekanaal","Spaarne gemaal","VR2W-102057",52.410548,4.673446,2018-01-29 08:38:05,2018-01-29 08:51:26,4,NA,NA,NA,27341.896844,8693.10718,FALSE,NA,NA,NA,NA,NA,NA,TRUE
"4075","A69-1602-3104",4075,"Noordzeekanaal","Spaarne gemaal","VR2W-102057",52.410548,4.673446,2018-01-29 09:59:30,2018-01-29 10:35:19,4,NA,NA,NA,27341.896844,8693.10718,FALSE,NA,NA,NA,NA,NA,NA,TRUE
"4076","A69-1602-3104",4076,"Noordzeekanaal","Spaarne gemaal","VR2W-102057",52.410548,4.673446,2018-01-29 14:50:53,2018-01-31 02:32:02,2612,NA,NA,NA,27341.896844,8693.10718,FALSE,NA,NA,NA,NA,NA,NA,TRUE
"4077","A69-1602-3104",4077,"Noordzeekanaal","Spaarne gemaal","VR2W-102057",52.410548,4.673446,2018-01-31 11:52:05,2018-02-01 01:03:38,747,NA,NA,NA,27341.896844,8693.10718,NA,NA,NA,NA,NA,NA,NA,TRUE
"4078","A69-1602-3104",4078,"Noordzeekanaal","Spaarne sluis","VR2W-102063",52.412068,4.680792,2018-02-01 02:17:38,2018-02-10 18:17:11,20941,4440,582.774677,0.131256,27924.671521,8934.500919,FALSE,NA,NA,NA,NA,NA,NA,TRUE
"4079","A69-1602-3104",4079,"Noordzeekanaal","Spaarne gemaal","VR2W-102057",52.410548,4.673446,2018-02-11 03:58:39,2018-02-18 10:25:21,11493,34888,582.774677,0.016704,28507.446198,8693.10718,FALSE,NA,NA,NA,NA,NA,NA,TRUE
"4080","A69-1602-3104",4080,"Noordzeekanaal","Spaarne gemaal","VR2W-102057",52.410548,4.673446,2018-02-18 13:46:39,2018-02-22 10:54:08,6528,NA,NA,NA,28507.446198,8693.10718,NA,NA,NA,NA,NA,NA,NA,TRUE
"4081","A69-1602-3104",4081,"Noordzeekanaal","Spaarne sluis","VR2W-102063",52.412068,4.680792,2018-02-22 15:00:30,2018-02-22 15:00:30,1,14782,582.774677,0.039425,29090.220875,8934.500919,FALSE,NA,NA,NA,NA,NA,NA,TRUE
"4082","A69-1602-3104",4082,"Noordzeekanaal","Spaarne gemaal","VR2W-102057",52.410548,4.673446,2018-02-22 20:49:26,2018-02-22 21:37:09,5,20936,582.774677,0.027836,29672.995552,8693.10718,NA,NA,NA,NA,NA,NA,NA,TRUE
"4083","A69-1602-3104",4083,"Noordzeekanaal","Spaarne sluis","VR2W-102063",52.412068,4.680792,2018-02-23 00:05:28,2018-02-23 03:06:14,46,8899,582.774677,0.065488,30255.770229,8934.500919,FALSE,NA,NA,NA,NA,NA,NA,TRUE
"4084","A69-1602-3104",4084,"Noordzeekanaal","Spaarne sluis","VR2W-102063",52.412068,4.680792,2018-02-23 06:22:12,2018-02-23 07:25:19,6,NA,NA,NA,30255.770229,8934.500919,FALSE,NA,NA,NA,NA,NA,NA,TRUE
"4085","A69-1602-3104",4085,"Noordzeekanaal","Spaarne sluis","VR2W-102063",52.412068,4.680792,2018-02-23 10:08:25,2018-02-23 10:22:29,6,NA,NA,NA,30255.770229,8934.500919,FALSE,NA,NA,NA,NA,NA,NA,TRUE
"4086","A69-1602-3104",4086,"Noordzeekanaal","Spaarne sluis","VR2W-102063",52.412068,4.680792,2018-02-23 13:06:54,2018-02-23 18:22:17,76,NA,NA,NA,30255.770229,8934.500919,FALSE,NA,NA,NA,NA,NA,NA,TRUE
"4087","A69-1602-3104",4087,"Noordzeekanaal","Spaarne sluis","VR2W-102063",52.412068,4.680792,2018-02-23 20:08:42,2018-02-23 20:12:27,2,NA,NA,NA,30255.770229,8934.500919,FALSE,NA,NA,NA,NA,NA,NA,TRUE
"4088","A69-1602-3104",4088,"Noordzeekanaal","Spaarne sluis","VR2W-102063",52.412068,4.680792,2018-02-24 01:00:48,2018-02-24 01:00:48,1,NA,NA,NA,30255.770229,8934.500919,FALSE,NA,NA,NA,NA,NA,NA,TRUE
"4089","A69-1602-3104",4089,"Noordzeekanaal","Spaarne gemaal","VR2W-102057",52.410548,4.673446,2018-02-24 02:09:51,2018-02-24 03:25:49,5,4143,582.774677,0.140665,30838.544906,8693.10718,NA,NA,NA,NA,NA,NA,NA,TRUE
"4090","A69-1602-3104",4090,"Noordzeekanaal","Spaarne sluis","VR2W-102063",52.412068,4.680792,2018-02-24 05:40:00,2018-02-24 05:54:26,3,8051,582.774677,0.072385,31421.319583,8934.500919,FALSE,NA,NA,NA,NA,NA,NA,TRUE
"4091","A69-1602-3104",4091,"Noordzeekanaal","Spaarne sluis","VR2W-102063",52.412068,4.680792,2018-02-24 07:08:28,2018-02-24 18:31:38,91,NA,NA,NA,31421.319583,8934.500919,FALSE,NA,NA,NA,NA,NA,NA,TRUE
"4092","A69-1602-3104",4092,"Noordzeekanaal","Spaarne gemaal","VR2W-102057",52.410548,4.673446,2018-02-24 20:18:20,2018-02-24 20:18:20,1,6402,582.774677,0.09103,32004.09426,8693.10718,NA,NA,NA,NA,NA,NA,NA,TRUE
"4093","A69-1602-3104",4093,"Noordzeekanaal","Spaarne sluis","VR2W-102063",52.412068,4.680792,2018-02-24 22:53:02,2018-02-24 22:53:02,1,9282,582.774677,0.062785,32586.868937,8934.500919,FALSE,NA,NA,NA,NA,NA,NA,TRUE
"4094","A69-1602-3104",4094,"Noordzeekanaal","Spaarne sluis","VR2W-102063",52.412068,4.680792,2018-02-25 03:01:15,2018-02-25 03:01:15,1,NA,NA,NA,32586.868937,8934.500919,FALSE,NA,NA,NA,NA,NA,NA,TRUE
"4095","A69-1602-3104",4095,"Noordzeekanaal","Spaarne sluis","VR2W-102063",52.412068,4.680792,2018-02-25 04:26:53,2018-02-25 04:48:20,3,NA,NA,NA,32586.868937,8934.500919,FALSE,NA,NA,NA,NA,NA,NA,TRUE
"4096","A69-1602-3104",4096,"Noordzeekanaal","Spaarne gemaal","VR2W-102057",52.410548,4.673446,2018-02-25 10:04:23,2018-02-25 11:18:03,12,18963,582.774677,0.030732,33169.643614,8693.10718,NA,NA,NA,NA,NA,NA,NA,TRUE
"4097","A69-1602-3104",4097,"Noordzeekanaal","Spaarne sluis","VR2W-102063",52.412068,4.680792,2018-02-25 12:32:13,2018-02-25 13:48:14,14,4450,582.774677,0.130961,33752.418291,8934.500919,FALSE,NA,NA,NA,NA,NA,NA,TRUE
"4098","A69-1602-3104",4098,"Noordzeekanaal","Spaarne sluis","VR2W-102063",52.412068,4.680792,2018-02-25 15:01:20,2018-02-25 15:13:56,5,NA,NA,NA,33752.418291,8934.500919,FALSE,NA,NA,NA,NA,NA,NA,TRUE
"4099","A69-1602-3104",4099,"Noordzeekanaal","Spaarne gemaal","VR2W-102057",52.410548,4.673446,2018-02-25 17:00:04,2018-02-25 17:42:47,5,6368,582.774677,0.091516,34335.192968,8693.10718,NA,NA,NA,NA,NA,NA,NA,TRUE
"4100","A69-1602-3104",4100,"Noordzeekanaal","Spaarne sluis","VR2W-102063",52.412068,4.680792,2018-02-25 20:23:32,2018-02-25 20:23:32,1,9645,582.774677,0.060422,34917.967645,8934.500919,FALSE,NA,NA,NA,NA,NA,NA,TRUE
"4101","A69-1602-3104",4101,"Noordzeekanaal","Spaarne sluis","VR2W-102063",52.412068,4.680792,2018-02-26 00:55:23,2018-02-26 00:55:23,1,NA,NA,NA,34917.967645,8934.500919,FALSE,NA,NA,NA,NA,NA,NA,TRUE
"4102","A69-1602-3104",4102,"Noordzeekanaal","Spaarne sluis","VR2W-102063",52.412068,4.680792,2018-02-26 02:56:59,2018-02-26 02:57:34,2,NA,NA,NA,34917.967645,8934.500919,FALSE,NA,NA,NA,NA,NA,NA,TRUE
"4103","A69-1602-3104",4103,"Noordzeekanaal","Spaarne sluis","VR2W-102063",52.412068,4.680792,2018-02-26 06:29:03,2018-02-26 08:41:51,24,NA,NA,NA,34917.967645,8934.500919,FALSE,NA,NA,NA,NA,NA,NA,TRUE
"4104","A69-1602-3104",4104,"Noordzeekanaal","Spaarne gemaal","VR2W-102057",52.410548,4.673446,2018-02-26 11:19:05,2018-02-27 13:42:33,760,9434,582.774677,0.061774,35500.742322,8693.10718,FALSE,NA,NA,NA,NA,NA,NA,TRUE
"4105","A69-1602-3104",4105,"Noordzeekanaal","Spaarne gemaal","VR2W-102057",52.410548,4.673446,2018-02-27 21:09:11,2018-02-28 02:44:06,39,NA,NA,NA,35500.742322,8693.10718,FALSE,NA,NA,NA,NA,NA,NA,TRUE
"4106","A69-1602-3104",4106,"Noordzeekanaal","Spaarne gemaal","VR2W-102057",52.410548,4.673446,2018-02-28 03:45:20,2018-02-28 04:24:24,2,NA,NA,NA,35500.742322,8693.10718,FALSE,NA,NA,NA,NA,NA,NA,TRUE
"4107","A69-1602-3104",4107,"Noordzeekanaal","Spaarne gemaal","VR2W-102057",52.410548,4.673446,2018-02-28 05:58:58,2018-02-28 07:15:14,20,NA,NA,NA,35500.742322,8693.10718,FALSE,NA,NA,NA,NA,NA,NA,TRUE
"4108","A69-1602-3104",4108,"Noordzeekanaal","Spaarne gemaal","VR2W-102057",52.410548,4.673446,2018-02-28 10:46:06,2018-02-28 12:49:35,13,NA,NA,NA,35500.742322,8693.10718,FALSE,NA,NA,NA,NA,NA,NA,TRUE
"4109","A69-1602-3104",4109,"Noordzeekanaal","Spaarne gemaal","VR2W-102057",52.410548,4.673446,2018-03-01 05:15:17,2018-03-01 05:56:47,4,NA,NA,NA,35500.742322,8693.10718,FALSE,NA,NA,NA,NA,NA,NA,TRUE
"4110","A69-1602-3104",4110,"Noordzeekanaal","Spaarne gemaal","VR2W-102057",52.410548,4.673446,2018-03-01 16:35:21,2018-03-01 16:35:21,1,NA,NA,NA,35500.742322,8693.10718,FALSE,NA,NA,NA,NA,NA,NA,TRUE
"4111","A69-1602-3104",4111,"Noordzeekanaal","Spaarne gemaal","VR2W-102057",52.410548,4.673446,2018-03-02 18:27:17,2018-03-02 18:27:17,1,NA,NA,NA,35500.742322,8693.10718,NA,NA,NA,NA,NA,NA,NA,TRUE
"4112","A69-1602-3104",4112,"Noordzeekanaal","Spaarne sluis","VR2W-102063",52.412068,4.680792,2018-03-03 01:23:54,2018-03-03 03:08:56,7,24997,582.774677,0.023314,36083.516999,8934.500919,FALSE,NA,NA,NA,NA,NA,NA,TRUE
"4113","A69-1602-3104",4113,"Noordzeekanaal","Spaarne sluis","VR2W-102063",52.412068,4.680792,2018-03-03 04:11:04,2018-03-03 04:11:04,1,NA,NA,NA,36083.516999,8934.500919,FALSE,NA,NA,NA,NA,NA,NA,TRUE
"4114","A69-1602-3104",4114,"Noordzeekanaal","Spaarne sluis","VR2W-102063",52.412068,4.680792,2018-03-03 05:18:39,2018-03-03 05:55:16,2,NA,NA,NA,36083.516999,8934.500919,FALSE,NA,NA,NA,NA,NA,NA,TRUE
"4115","A69-1602-3104",4115,"Noordzeekanaal","Spaarne sluis","VR2W-102063",52.412068,4.680792,2018-03-03 11:01:08,2018-03-03 11:01:08,1,NA,NA,NA,36083.516999,8934.500919,FALSE,NA,NA,NA,NA,NA,NA,TRUE
"4116","A69-1602-3104",4116,"Noordzeekanaal","Spaarne gemaal","VR2W-102057",52.410548,4.673446,2018-03-03 15:10:54,2018-03-04 03:17:46,511,14986,582.774677,0.038888,36666.291676,8693.10718,FALSE,NA,NA,NA,NA,NA,NA,TRUE
"4117","A69-1602-3104",4117,"Noordzeekanaal","Spaarne gemaal","VR2W-102057",52.410548,4.673446,2018-03-04 05:21:10,2018-03-04 21:00:18,585,NA,NA,NA,36666.291676,8693.10718,FALSE,NA,NA,NA,NA,NA,NA,TRUE
"4118","A69-1602-3104",4118,"Noordzeekanaal","Spaarne gemaal","VR2W-102057",52.410548,4.673446,2018-03-04 22:01:39,2018-03-04 22:53:10,6,NA,NA,NA,36666.291676,8693.10718,FALSE,NA,NA,NA,NA,NA,NA,TRUE
"4119","A69-1602-3104",4119,"Noordzeekanaal","Spaarne gemaal","VR2W-102057",52.410548,4.673446,2018-03-05 07:31:06,2018-03-05 08:26:27,3,NA,NA,NA,36666.291676,8693.10718,FALSE,NA,NA,NA,NA,NA,NA,TRUE
"4120","A69-1602-3104",4120,"Noordzeekanaal","Spaarne gemaal","VR2W-102057",52.410548,4.673446,2018-03-05 10:43:15,2018-03-06 10:01:57,1079,NA,NA,NA,36666.291676,8693.10718,FALSE,NA,NA,NA,NA,NA,NA,TRUE
"4121","A69-1602-3104",4121,"Noordzeekanaal","Spaarne gemaal","VR2W-102057",52.410548,4.673446,2018-03-06 11:20:31,2018-03-06 12:59:07,8,NA,NA,NA,36666.291676,8693.10718,FALSE,NA,NA,NA,NA,NA,NA,TRUE
"4122","A69-1602-3104",4122,"Noordzeekanaal","Spaarne gemaal","VR2W-102057",52.410548,4.673446,2018-03-06 14:50:07,2018-03-07 16:51:44,1573,NA,NA,NA,36666.291676,8693.10718,FALSE,NA,NA,NA,NA,NA,NA,TRUE
"4123","A69-1602-3104",4123,"Noordzeekanaal","Spaarne gemaal","VR2W-102057",52.410548,4.673446,2018-03-07 18:09:34,2018-03-08 08:21:25,336,NA,NA,NA,36666.291676,8693.10718,FALSE,NA,NA,NA,NA,NA,NA,TRUE
"4124","A69-1602-3104",4124,"Noordzeekanaal","Spaarne gemaal","VR2W-102057",52.410548,4.673446,2018-03-09 03:54:41,2018-03-09 04:31:06,8,NA,NA,NA,36666.291676,8693.10718,FALSE,NA,NA,NA,NA,NA,NA,TRUE
"4125","A69-1602-3104",4125,"Noordzeekanaal","Spaarne gemaal","VR2W-102057",52.410548,4.673446,2018-03-09 05:58:41,2018-03-09 19:39:19,321,NA,NA,NA,36666.291676,8693.10718,NA,NA,NA,NA,NA,NA,NA,TRUE
"4126","A69-1602-3104",4126,"Noordzeekanaal","Spaarne sluis","VR2W-102063",52.412068,4.680792,2018-03-09 21:05:46,2018-03-09 22:59:09,41,5187,582.774677,0.112353,37249.066353,8934.500919,FALSE,NA,NA,NA,NA,NA,NA,TRUE
"4127","A69-1602-3104",4127,"Noordzeekanaal","Spaarne sluis","VR2W-102063",52.412068,4.680792,2018-03-10 01:12:06,2018-03-10 10:36:21,373,NA,NA,NA,37249.066353,8934.500919,FALSE,NA,NA,NA,NA,NA,NA,TRUE
"4128","A69-1602-3104",4128,"Noordzeekanaal","Spaarne sluis","VR2W-102063",52.412068,4.680792,2018-03-10 12:21:48,2018-03-10 16:01:56,70,NA,NA,NA,37249.066353,8934.500919,FALSE,NA,NA,NA,NA,NA,NA,TRUE
"4129","A69-1602-3104",4129,"Noordzeekanaal","Spaarne gemaal","VR2W-102057",52.410548,4.673446,2018-03-10 17:12:05,2018-03-12 11:56:08,2132,4209,582.774677,0.138459,37831.84103,8693.10718,NA,NA,NA,NA,NA,NA,NA,TRUE
"4130","A69-1602-3104",4130,"Noordzeekanaal","Spaarne sluis","VR2W-102063",52.412068,4.680792,2018-03-12 13:31:19,2018-03-12 16:11:09,68,5711,582.774677,0.102044,38414.615707,8934.500919,FALSE,NA,NA,NA,NA,NA,NA,TRUE
"4131","A69-1602-3104",4131,"Noordzeekanaal","Spaarne gemaal","VR2W-102057",52.410548,4.673446,2018-03-12 17:18:22,2018-03-16 19:25:58,5376,4033,582.774677,0.144502,38997.390384,8693.10718,NA,NA,NA,NA,NA,NA,NA,TRUE
"4132","A69-1602-3104",4132,"Noordzeekanaal","Spaarne sluis","VR2W-102063",52.412068,4.680792,2018-03-16 20:31:13,2018-03-16 22:40:23,17,3915,582.774677,0.148857,39580.165061,8934.500919,FALSE,NA,NA,NA,NA,NA,NA,TRUE
"4133","A69-1602-3104",4133,"Noordzeekanaal","Spaarne gemaal","VR2W-102057",52.410548,4.673446,2018-03-17 00:00:58,2018-03-17 03:51:10,104,4835,582.774677,0.120533,40162.939738,8693.10718,NA,NA,NA,NA,NA,NA,NA,TRUE
"4134","A69-1602-3104",4134,"Noordzeekanaal","Spaarne sluis","VR2W-102063",52.412068,4.680792,2018-03-17 04:57:14,2018-03-17 04:57:14,1,3964,582.774677,0.147017,40745.714415,8934.500919,FALSE,NA,NA,NA,NA,NA,NA,TRUE
"4135","A69-1602-3104",4135,"Noordzeekanaal","Spaarne sluis","VR2W-102063",52.412068,4.680792,2018-03-17 06:09:57,2018-03-17 09:32:26,22,NA,NA,NA,40745.714415,8934.500919,FALSE,NA,NA,NA,NA,NA,NA,TRUE
"4136","A69-1602-3104",4136,"Noordzeekanaal","Spaarne gemaal","VR2W-102057",52.410548,4.673446,2018-03-17 12:36:57,2018-03-17 12:36:57,1,11071,582.774677,0.05264,41328.489092,8693.10718,FALSE,NA,NA,NA,NA,NA,NA,TRUE
"4137","A69-1602-3104",4137,"Noordzeekanaal","Spaarne gemaal","VR2W-102057",52.410548,4.673446,2018-03-17 14:20:14,2018-03-17 14:20:14,1,NA,NA,NA,41328.489092,8693.10718,FALSE,NA,NA,NA,NA,NA,NA,TRUE
"4138","A69-1602-3104",4138,"Noordzeekanaal","Spaarne gemaal","VR2W-102057",52.410548,4.673446,2018-03-17 15:31:02,2018-03-17 15:31:02,1,NA,NA,NA,41328.489092,8693.10718,FALSE,NA,NA,NA,NA,NA,NA,TRUE
"4139","A69-1602-3104",4139,"Noordzeekanaal","Spaarne gemaal","VR2W-102057",52.410548,4.673446,2018-03-17 18:04:03,2018-03-17 19:13:52,7,NA,NA,NA,41328.489092,8693.10718,FALSE,NA,NA,NA,NA,NA,NA,TRUE
"4140","A69-1602-3104",4140,"Noordzeekanaal","Spaarne gemaal","VR2W-102057",52.410548,4.673446,2018-03-18 03:03:10,2018-03-18 03:03:10,1,NA,NA,NA,41328.489092,8693.10718,FALSE,NA,NA,NA,NA,NA,NA,TRUE
"4141","A69-1602-3104",4141,"Noordzeekanaal","Spaarne gemaal","VR2W-102057",52.410548,4.673446,2018-03-18 04:17:19,2018-03-18 05:11:17,11,NA,NA,NA,41328.489092,8693.10718,FALSE,NA,NA,NA,NA,NA,NA,TRUE
"4142","A69-1602-3104",4142,"Noordzeekanaal","Spaarne gemaal","VR2W-102057",52.410548,4.673446,2018-03-18 07:52:20,2018-03-18 10:56:31,23,NA,NA,NA,41328.489092,8693.10718,FALSE,NA,NA,NA,NA,NA,NA,TRUE
"4143","A69-1602-3104",4143,"Noordzeekanaal","Spaarne gemaal","VR2W-102057",52.410548,4.673446,2018-03-18 13:48:16,2018-03-18 15:09:08,6,NA,NA,NA,41328.489092,8693.10718,FALSE,NA,NA,NA,NA,NA,NA,TRUE
"4144","A69-1602-3104",4144,"Noordzeekanaal","Spaarne gemaal","VR2W-102057",52.410548,4.673446,2018-03-18 16:40:22,2018-03-19 06:54:44,704,NA,NA,NA,41328.489092,8693.10718,FALSE,NA,NA,NA,NA,NA,NA,TRUE
"4145","A69-1602-3104",4145,"Noordzeekanaal","Spaarne gemaal","VR2W-102057",52.410548,4.673446,2018-03-19 08:17:17,2018-03-19 11:57:18,83,NA,NA,NA,41328.489092,8693.10718,NA,NA,NA,NA,NA,NA,NA,TRUE
"4146","A69-1602-3104",4146,"Noordzeekanaal","Spaarne sluis","VR2W-102063",52.412068,4.680792,2018-03-19 13:16:08,2018-03-19 13:38:36,13,4730,582.774677,0.123208,41911.263769,8934.500919,FALSE,NA,NA,NA,NA,NA,NA,TRUE
"4147","A69-1602-3104",4147,"Noordzeekanaal","Spaarne gemaal","VR2W-102057",52.410548,4.673446,2018-03-19 15:04:52,2018-03-20 02:24:35,542,5176,582.774677,0.112592,42494.038446,8693.10718,NA,NA,NA,NA,NA,NA,NA,TRUE
"4148","A69-1602-3104",4148,"Noordzeekanaal","Spaarne sluis","VR2W-102063",52.412068,4.680792,2018-03-20 04:31:48,2018-03-20 04:44:40,2,7633,582.774677,0.076349,43076.813123,8934.500919,FALSE,NA,NA,NA,NA,NA,NA,TRUE
"4149","A69-1602-3104",4149,"Noordzeekanaal","Spaarne gemaal","VR2W-102057",52.410548,4.673446,2018-03-20 06:03:16,2018-03-20 10:58:47,72,4716,582.774677,0.123574,43659.5878,8693.10718,NA,NA,NA,NA,NA,NA,NA,TRUE
"4150","A69-1602-3104",4150,"Noordzeekanaal","Spaarne sluis","VR2W-102063",52.412068,4.680792,2018-03-20 13:22:41,2018-03-22 05:27:19,1441,8634,582.774677,0.067498,44242.362477,8934.500919,FALSE,NA,NA,NA,NA,NA,NA,TRUE
"4151","A69-1602-3104",4151,"Noordzeekanaal","Spaarne gemaal","VR2W-102057",52.410548,4.673446,2018-03-22 06:32:31,2018-03-23 11:29:18,2078,3912,582.774677,0.148971,44825.137154,8693.10718,NA,NA,NA,NA,NA,NA,NA,TRUE
"4152","A69-1602-3104",4152,"Noordzeekanaal","Spaarne sluis","VR2W-102063",52.412068,4.680792,2018-03-23 14:47:01,2018-03-27 07:59:05,9174,11863,582.774677,0.049125,45407.911831,8934.500919,NA,NA,NA,NA,NA,NA,NA,TRUE
"4153","A69-1602-3105",4153,"Noordzeekanaal","rel_noordzeekanaal7","none",52.385734,4.749574,2017-10-12 11:00:00,2017-10-12 11:00:00,1,NA,NA,NA,0,0,FALSE,NA,NA,NA,NA,NA,NA,FALSE
"4154","A69-1602-3105",4154,"Noordzeekanaal","Cruquius","VR2W-103671",52.338227,4.63522,2017-10-15 03:14:42,2017-10-15 03:54:16,31,231282,11772.646358,0.050902,11772.646358,-11772.646358,NA,NA,NA,NA,NA,NA,NA,FALSE
"4155","A69-1602-3106",4155,"Noordzeekanaal","rel_noordzeekanaal7","none",52.385734,4.749574,2017-10-12 11:00:00,2017-10-12 11:00:00,1,NA,NA,NA,0,0,TRUE,1689.752652,2,2017-10-12 13:06:08,1689.752652,7568,0.223275984672304,TRUE
"4156","A69-1602-3106",4156,"Noordzeekanaal","Halfweg boezemzijde","VR2W-119056",52.391732,4.770434,2017-10-12 13:06:08,2017-10-12 16:17:40,108,7568,1689.752652,0.223276,1689.752652,1689.752652,FALSE,8693.10718,35,2017-10-26 23:03:03,7003.354528,1245415,0.00562330992319829,TRUE
"4157","A69-1602-3106",4157,"Noordzeekanaal","Halfweg boezemzijde","VR2W-119056",52.391732,4.770434,2017-10-12 17:47:29,2017-10-12 23:37:20,243,NA,NA,NA,1689.752652,1689.752652,FALSE,8693.10718,35,2017-10-26 23:03:03,7003.354528,1228534,0.00570057851715948,TRUE
"4158","A69-1602-3106",4158,"Noordzeekanaal","Halfweg boezemzijde","VR2W-119056",52.391732,4.770434,2017-10-13 11:24:31,2017-10-13 11:28:10,5,NA,NA,NA,1689.752652,1689.752652,FALSE,8693.10718,35,2017-10-26 23:03:03,7003.354528,1165112,0.0060108852436504,TRUE
"4159","A69-1602-3106",4159,"Noordzeekanaal","Halfweg boezemzijde","VR2W-119056",52.391732,4.770434,2017-10-13 15:20:26,2017-10-13 20:08:39,167,NA,NA,NA,1689.752652,1689.752652,FALSE,NA,NA,NA,NA,NA,NA,TRUE
"4160","A69-1602-3106",4160,"Noordzeekanaal","Zwanenburg","VR2W-107052",52.369568,4.758351,2017-10-13 22:07:07,2017-10-13 22:57:29,55,7108,3538.070425,0.497759,5227.823077,-1989.722301,TRUE,1689.752652,7,2017-10-14 01:31:36,3679.474953,12269,0.299900151031054,TRUE
"4161","A69-1602-3106",4161,"Noordzeekanaal","Halfweg boezemzijde","VR2W-119056",52.391732,4.770434,2017-10-14 01:31:36,2017-10-14 01:57:23,8,9247,3538.070425,0.382618,8765.893502,1689.752652,FALSE,8693.10718,35,2017-10-26 23:03:03,7003.354528,1114287,0.00628505450391147,TRUE
"4162","A69-1602-3106",4162,"Noordzeekanaal","Halfweg boezemzijde","VR2W-119056",52.391732,4.770434,2017-10-14 17:24:19,2017-10-14 18:53:55,73,NA,NA,NA,8765.893502,1689.752652,FALSE,8693.10718,35,2017-10-26 23:03:03,7003.354528,1057124,0.00662491299790753,TRUE
"4163","A69-1602-3106",4163,"Noordzeekanaal","Halfweg boezemzijde","VR2W-119056",52.391732,4.770434,2017-10-14 22:02:39,2017-10-15 04:31:43,89,NA,NA,NA,8765.893502,1689.752652,FALSE,8693.10718,35,2017-10-26 23:03:03,7003.354528,1040424,0.00673125045942808,TRUE
"4164","A69-1602-3106",4164,"Noordzeekanaal","Halfweg boezemzijde","VR2W-119056",52.391732,4.770434,2017-10-15 06:33:00,2017-10-15 18:21:30,535,NA,NA,NA,8765.893502,1689.752652,FALSE,NA,NA,NA,NA,NA,NA,TRUE
"4165","A69-1602-3106",4165,"Noordzeekanaal","Zwanenburg","VR2W-107052",52.369568,4.758351,2017-10-15 21:17:43,2017-10-15 22:37:27,64,10573,3538.070425,0.334633,12303.963927,-1989.722301,TRUE,1689.752652,12,2017-10-16 08:30:13,3679.474953,40350,0.0911889703345725,TRUE
"4166","A69-1602-3106",4166,"Noordzeekanaal","Halfweg boezemzijde","VR2W-119056",52.391732,4.770434,2017-10-16 08:30:13,2017-10-16 19:49:47,537,35566,3538.070425,0.099479,15842.034352,1689.752652,FALSE,8693.10718,35,2017-10-26 23:03:03,7003.354528,916370,0.00764249651123455,TRUE
"4167","A69-1602-3106",4167,"Noordzeekanaal","Halfweg boezemzijde","VR2W-119056",52.391732,4.770434,2017-10-16 21:47:11,2017-10-16 21:53:32,6,NA,NA,NA,15842.034352,1689.752652,FALSE,8693.10718,35,2017-10-26 23:03:03,7003.354528,868552,0.00806325300960679,TRUE
"4168","A69-1602-3106",4168,"Noordzeekanaal","Halfweg boezemzijde","VR2W-119056",52.391732,4.770434,2017-10-17 01:41:12,2017-10-17 05:27:36,271,NA,NA,NA,15842.034352,1689.752652,FALSE,8693.10718,35,2017-10-26 23:03:03,7003.354528,854511,0.00819574531866764,TRUE
"4169","A69-1602-3106",4169,"Noordzeekanaal","Halfweg boezemzijde","VR2W-119056",52.391732,4.770434,2017-10-17 07:20:40,2017-10-17 08:09:29,17,NA,NA,NA,15842.034352,1689.752652,FALSE,8693.10718,35,2017-10-26 23:03:03,7003.354528,834143,0.00839586800824319,TRUE
"4170","A69-1602-3106",4170,"Noordzeekanaal","Halfweg boezemzijde","VR2W-119056",52.391732,4.770434,2017-10-17 09:20:34,2017-10-17 10:32:50,67,NA,NA,NA,15842.034352,1689.752652,FALSE,8693.10718,35,2017-10-26 23:03:03,7003.354528,826949,0.00846890742718112,TRUE
"4171","A69-1602-3106",4171,"Noordzeekanaal","Halfweg boezemzijde","VR2W-119056",52.391732,4.770434,2017-10-17 15:48:51,2017-10-18 09:16:46,1052,NA,NA,NA,15842.034352,1689.752652,FALSE,8693.10718,35,2017-10-26 23:03:03,7003.354528,803652,0.0087144118698143,TRUE
"4172","A69-1602-3106",4172,"Noordzeekanaal","Halfweg boezemzijde","VR2W-119056",52.391732,4.770434,2017-10-18 13:02:09,2017-10-18 15:34:36,26,NA,NA,NA,15842.034352,1689.752652,FALSE,8693.10718,35,2017-10-26 23:03:03,7003.354528,727254,0.00962986044490646,TRUE
"4173","A69-1602-3106",4173,"Noordzeekanaal","Halfweg boezemzijde","VR2W-119056",52.391732,4.770434,2017-10-18 16:36:29,2017-10-19 00:27:51,389,NA,NA,NA,15842.034352,1689.752652,FALSE,8693.10718,35,2017-10-26 23:03:03,7003.354528,714394,0.00980321017253784,TRUE
"4174","A69-1602-3106",4174,"Noordzeekanaal","Halfweg boezemzijde","VR2W-119056",52.391732,4.770434,2017-10-19 04:44:38,2017-10-20 00:45:41,1022,NA,NA,NA,15842.034352,1689.752652,FALSE,8693.10718,35,2017-10-26 23:03:03,7003.354528,670705,0.0104417807053772,TRUE
"4175","A69-1602-3106",4175,"Noordzeekanaal","Halfweg boezemzijde","VR2W-119056",52.391732,4.770434,2017-10-20 04:53:17,2017-10-20 04:53:17,1,NA,NA,NA,15842.034352,1689.752652,FALSE,8693.10718,35,2017-10-26 23:03:03,7003.354528,583786,0.011996441380917,TRUE
"4176","A69-1602-3106",4176,"Noordzeekanaal","Halfweg boezemzijde","VR2W-119056",52.391732,4.770434,2017-10-20 17:50:29,2017-10-21 00:57:49,345,NA,NA,NA,15842.034352,1689.752652,FALSE,8693.10718,35,2017-10-26 23:03:03,7003.354528,537154,0.0130378895586741,TRUE
"4177","A69-1602-3106",4177,"Noordzeekanaal","Halfweg boezemzijde","VR2W-119056",52.391732,4.770434,2017-10-21 17:44:52,2017-10-21 18:50:03,5,NA,NA,NA,15842.034352,1689.752652,FALSE,8693.10718,35,2017-10-26 23:03:03,7003.354528,451091,0.0155253696659876,TRUE
"4178","A69-1602-3106",4178,"Noordzeekanaal","Halfweg boezemzijde","VR2W-119056",52.391732,4.770434,2017-10-22 04:53:07,2017-10-22 06:10:33,9,NA,NA,NA,15842.034352,1689.752652,FALSE,8693.10718,35,2017-10-26 23:03:03,7003.354528,410996,0.0170399578779356,TRUE
"4179","A69-1602-3106",4179,"Noordzeekanaal","Halfweg boezemzijde","VR2W-119056",52.391732,4.770434,2017-10-22 20:19:53,2017-10-22 20:29:42,3,NA,NA,NA,15842.034352,1689.752652,FALSE,8693.10718,35,2017-10-26 23:03:03,7003.354528,355390,0.0197061102675933,TRUE
"4180","A69-1602-3106",4180,"Noordzeekanaal","Halfweg boezemzijde","VR2W-119056",52.391732,4.770434,2017-10-22 23:00:38,2017-10-22 23:00:38,1,NA,NA,NA,15842.034352,1689.752652,FALSE,8693.10718,35,2017-10-26 23:03:03,7003.354528,345745,0.0202558374755962,TRUE
"4181","A69-1602-3106",4181,"Noordzeekanaal","Halfweg boezemzijde","VR2W-119056",52.391732,4.770434,2017-10-23 02:35:47,2017-10-23 04:35:39,8,NA,NA,NA,15842.034352,1689.752652,FALSE,8693.10718,35,2017-10-26 23:03:03,7003.354528,332836,0.0210414574384982,TRUE
"4182","A69-1602-3106",4182,"Noordzeekanaal","Halfweg boezemzijde","VR2W-119056",52.391732,4.770434,2017-10-23 14:10:14,2017-10-23 15:14:58,46,NA,NA,NA,15842.034352,1689.752652,FALSE,8693.10718,35,2017-10-26 23:03:03,7003.354528,291169,0.0240525417472327,TRUE
"4183","A69-1602-3106",4183,"Noordzeekanaal","Halfweg boezemzijde","VR2W-119056",52.391732,4.770434,2017-10-23 17:16:59,2017-10-23 18:53:26,76,NA,NA,NA,15842.034352,1689.752652,FALSE,8693.10718,35,2017-10-26 23:03:03,7003.354528,279964,0.0250151966967182,TRUE
"4184","A69-1602-3106",4184,"Noordzeekanaal","Halfweg boezemzijde","VR2W-119056",52.391732,4.770434,2017-10-24 05:16:02,2017-10-24 05:24:08,4,NA,NA,NA,15842.034352,1689.752652,FALSE,8693.10718,35,2017-10-26 23:03:03,7003.354528,236821,0.029572354343576,TRUE
"4185","A69-1602-3106",4185,"Noordzeekanaal","Halfweg boezemzijde","VR2W-119056",52.391732,4.770434,2017-10-25 17:01:09,2017-10-25 18:39:33,65,NA,NA,NA,15842.034352,1689.752652,FALSE,8693.10718,35,2017-10-26 23:03:03,7003.354528,108114,0.0647774990103039,TRUE
"4186","A69-1602-3106",4186,"Noordzeekanaal","Halfweg boezemzijde","VR2W-119056",52.391732,4.770434,2017-10-26 05:28:50,2017-10-26 06:31:28,26,NA,NA,NA,15842.034352,1689.752652,FALSE,8693.10718,35,2017-10-26 23:03:03,7003.354528,63253,0.110719721246423,TRUE
"4187","A69-1602-3106",4187,"Noordzeekanaal","Halfweg boezemzijde","VR2W-119056",52.391732,4.770434,2017-10-26 07:38:45,2017-10-26 07:58:09,13,NA,NA,NA,15842.034352,1689.752652,FALSE,8693.10718,35,2017-10-26 23:03:03,7003.354528,55458,0.126282132929424,TRUE
"4188","A69-1602-3106",4188,"Noordzeekanaal","Halfweg boezemzijde","VR2W-119056",52.391732,4.770434,2017-10-26 09:33:28,2017-10-26 09:50:40,9,NA,NA,NA,15842.034352,1689.752652,TRUE,8693.10718,35,2017-10-26 23:03:03,7003.354528,48575,0.144176109686053,TRUE
"4189","A69-1602-3106",4189,"Noordzeekanaal","Spaarne gemaal","VR2W-102057",52.410548,4.673446,2017-10-26 23:03:03,2017-10-26 23:06:42,2,47543,10382.859832,0.218389,26224.894184,8693.10718,FALSE,16459.109571,63,2017-12-15 11:15:56,7766.002391,4277573,0.00181551603935222,TRUE
"4190","A69-1602-3106",4190,"Noordzeekanaal","Spaarne gemaal","VR2W-102057",52.410548,4.673446,2017-10-27 01:37:29,2017-10-27 06:34:38,194,NA,NA,NA,26224.894184,8693.10718,FALSE,16459.109571,63,2017-12-15 11:15:56,7766.002391,4268307,0.00181945731434032,TRUE
"4191","A69-1602-3106",4191,"Noordzeekanaal","Spaarne gemaal","VR2W-102057",52.410548,4.673446,2017-10-27 16:45:18,2017-10-27 18:38:00,70,NA,NA,NA,26224.894184,8693.10718,FALSE,NA,NA,NA,NA,NA,NA,TRUE
"4192","A69-1602-3106",4192,"Noordzeekanaal","Halfweg boezemzijde","VR2W-119056",52.391732,4.770434,2017-11-22 01:03:38,2017-11-22 02:17:28,53,2183138,10382.859832,0.004756,36607.754016,1689.752652,FALSE,16459.109571,63,2017-12-15 11:15:56,14769.356919,2023938,0.0072973366372883,TRUE
"4193","A69-1602-3106",4193,"Noordzeekanaal","Halfweg boezemzijde","VR2W-119056",52.391732,4.770434,2017-11-22 16:41:31,2017-11-23 01:12:17,363,NA,NA,NA,36607.754016,1689.752652,FALSE,16459.109571,63,2017-12-15 11:15:56,14769.356919,1967665,0.0075060322356702,TRUE
"4194","A69-1602-3106",4194,"Noordzeekanaal","Halfweg boezemzijde","VR2W-119056",52.391732,4.770434,2017-11-23 02:22:53,2017-11-23 20:35:08,913,NA,NA,NA,36607.754016,1689.752652,FALSE,16459.109571,63,2017-12-15 11:15:56,14769.356919,1932783,0.00764149773616593,TRUE
"4195","A69-1602-3106",4195,"Noordzeekanaal","Halfweg boezemzijde","VR2W-119056",52.391732,4.770434,2017-11-23 23:28:38,2017-11-24 03:14:31,175,NA,NA,NA,36607.754016,1689.752652,FALSE,16459.109571,63,2017-12-15 11:15:56,14769.356919,1856838,0.00795403633434904,TRUE
"4196","A69-1602-3106",4196,"Noordzeekanaal","Halfweg boezemzijde","VR2W-119056",52.391732,4.770434,2017-11-24 08:13:39,2017-11-24 08:35:57,25,NA,NA,NA,36607.754016,1689.752652,FALSE,16459.109571,63,2017-12-15 11:15:56,14769.356919,1825337,0.00809130419149998,TRUE
"4197","A69-1602-3106",4197,"Noordzeekanaal","Halfweg boezemzijde","VR2W-119056",52.391732,4.770434,2017-11-24 14:59:03,2017-11-24 15:03:01,2,NA,NA,NA,36607.754016,1689.752652,FALSE,16459.109571,63,2017-12-15 11:15:56,14769.356919,1801013,0.00820058318235349,TRUE
"4198","A69-1602-3106",4198,"Noordzeekanaal","Halfweg boezemzijde","VR2W-119056",52.391732,4.770434,2017-11-24 16:25:11,2017-11-25 02:18:46,481,NA,NA,NA,36607.754016,1689.752652,FALSE,16459.109571,63,2017-12-15 11:15:56,14769.356919,1795845,0.00822418244280548,TRUE
"4199","A69-1602-3106",4199,"Noordzeekanaal","Halfweg boezemzijde","VR2W-119056",52.391732,4.770434,2017-11-30 16:16:04,2017-11-30 16:19:22,4,NA,NA,NA,36607.754016,1689.752652,FALSE,16459.109571,63,2017-12-15 11:15:56,14769.356919,1277992,0.011556689649857,TRUE
"4200","A69-1602-3106",4200,"Noordzeekanaal","Halfweg boezemzijde","VR2W-119056",52.391732,4.770434,2017-12-01 08:28:06,2017-12-01 08:31:30,3,NA,NA,NA,36607.754016,1689.752652,FALSE,16459.109571,63,2017-12-15 11:15:56,14769.356919,1219670,0.0121093057294186,TRUE
"4201","A69-1602-3106",4201,"Noordzeekanaal","Halfweg boezemzijde","VR2W-119056",52.391732,4.770434,2017-12-01 11:26:36,2017-12-01 12:37:35,20,NA,NA,NA,36607.754016,1689.752652,FALSE,16459.109571,63,2017-12-15 11:15:56,14769.356919,1208960,0.0122165802995963,TRUE
"4202","A69-1602-3106",4202,"Noordzeekanaal","Halfweg boezemzijde","VR2W-119056",52.391732,4.770434,2017-12-01 16:43:26,2017-12-01 17:48:01,22,NA,NA,NA,36607.754016,1689.752652,FALSE,16459.109571,63,2017-12-15 11:15:56,14769.356919,1189950,0.0124117458036052,TRUE
"4203","A69-1602-3106",4203,"Noordzeekanaal","Halfweg boezemzijde","VR2W-119056",52.391732,4.770434,2017-12-03 15:50:31,2017-12-03 20:43:42,104,NA,NA,NA,36607.754016,1689.752652,FALSE,16459.109571,63,2017-12-15 11:15:56,14769.356919,1020325,0.0144751495053047,TRUE
"4204","A69-1602-3106",4204,"Noordzeekanaal","Halfweg boezemzijde","VR2W-119056",52.391732,4.770434,2017-12-03 21:47:42,2017-12-03 21:54:02,6,NA,NA,NA,36607.754016,1689.752652,FALSE,16459.109571,63,2017-12-15 11:15:56,14769.356919,998894,0.0147857099141651,TRUE
"4205","A69-1602-3106",4205,"Noordzeekanaal","Halfweg boezemzijde","VR2W-119056",52.391732,4.770434,2017-12-04 02:25:20,2017-12-04 05:08:56,64,NA,NA,NA,36607.754016,1689.752652,FALSE,16459.109571,63,2017-12-15 11:15:56,14769.356919,982236,0.0150364646775317,TRUE
"4206","A69-1602-3106",4206,"Noordzeekanaal","Halfweg boezemzijde","VR2W-119056",52.391732,4.770434,2017-12-04 14:18:07,2017-12-04 15:37:54,4,NA,NA,NA,36607.754016,1689.752652,FALSE,16459.109571,63,2017-12-15 11:15:56,14769.356919,939469,0.0157209625000931,TRUE
"4207","A69-1602-3106",4207,"Noordzeekanaal","Halfweg boezemzijde","VR2W-119056",52.391732,4.770434,2017-12-04 20:40:57,2017-12-04 20:45:59,2,NA,NA,NA,36607.754016,1689.752652,FALSE,16459.109571,63,2017-12-15 11:15:56,14769.356919,916499,0.0161149733049354,TRUE
"4208","A69-1602-3106",4208,"Noordzeekanaal","Halfweg boezemzijde","VR2W-119056",52.391732,4.770434,2017-12-05 20:31:45,2017-12-05 20:31:45,1,NA,NA,NA,36607.754016,1689.752652,FALSE,16459.109571,63,2017-12-15 11:15:56,14769.356919,830651,0.0177804600476012,TRUE
"4209","A69-1602-3106",4209,"Noordzeekanaal","Halfweg boezemzijde","VR2W-119056",52.391732,4.770434,2017-12-10 20:57:58,2017-12-10 21:31:29,11,NA,NA,NA,36607.754016,1689.752652,FALSE,16459.109571,63,2017-12-15 11:15:56,14769.356919,397078,0.037195102521419,TRUE
"4210","A69-1602-3106",4210,"Noordzeekanaal","Halfweg boezemzijde","VR2W-119056",52.391732,4.770434,2017-12-11 00:20:40,2017-12-11 00:20:40,1,NA,NA,NA,36607.754016,1689.752652,FALSE,16459.109571,63,2017-12-15 11:15:56,14769.356919,384916,0.0383703377334276,TRUE
"4211","A69-1602-3106",4211,"Noordzeekanaal","Halfweg boezemzijde","VR2W-119056",52.391732,4.770434,2017-12-11 01:40:03,2017-12-11 02:04:29,9,NA,NA,NA,36607.754016,1689.752652,FALSE,16459.109571,63,2017-12-15 11:15:56,14769.356919,380153,0.0388510860600863,TRUE
"4212","A69-1602-3106",4212,"Noordzeekanaal","Halfweg boezemzijde","VR2W-119056",52.391732,4.770434,2017-12-11 05:43:40,2017-12-11 06:26:52,2,NA,NA,NA,36607.754016,1689.752652,FALSE,16459.109571,63,2017-12-15 11:15:56,14769.356919,365536,0.0404046575959687,TRUE
"4213","A69-1602-3106",4213,"Noordzeekanaal","Halfweg boezemzijde","VR2W-119056",52.391732,4.770434,2017-12-11 22:43:54,2017-12-11 22:47:09,3,NA,NA,NA,36607.754016,1689.752652,FALSE,16459.109571,63,2017-12-15 11:15:56,14769.356919,304322,0.0485320053068789,TRUE
"4214","A69-1602-3106",4214,"Noordzeekanaal","Halfweg boezemzijde","VR2W-119056",52.391732,4.770434,2017-12-12 01:34:28,2017-12-12 01:34:28,1,NA,NA,NA,36607.754016,1689.752652,FALSE,16459.109571,63,2017-12-15 11:15:56,14769.356919,294088,0.0502208757888795,TRUE
"4215","A69-1602-3106",4215,"Noordzeekanaal","Halfweg boezemzijde","VR2W-119056",52.391732,4.770434,2017-12-12 07:20:34,2017-12-12 07:20:34,1,NA,NA,NA,36607.754016,1689.752652,FALSE,16459.109571,63,2017-12-15 11:15:56,14769.356919,273322,0.0540364731671801,TRUE
"4216","A69-1602-3106",4216,"Noordzeekanaal","Halfweg boezemzijde","VR2W-119056",52.391732,4.770434,2017-12-14 17:21:29,2017-12-14 18:14:59,46,NA,NA,NA,36607.754016,1689.752652,TRUE,16459.109571,63,2017-12-15 11:15:56,14769.356919,64467,0.229099491507283,TRUE
"4217","A69-1602-3106",4217,"Noordzeekanaal","Noordzeekanaal","VR2W-114165",52.462798,4.633995,2017-12-15 11:15:56,2017-12-15 11:49:06,25,61257,14769.356919,0.241105,51377.110935,16459.109571,TRUE,18066.028569,64,2017-12-15 11:49:53,1606.918998,2037,0.788865487481589,TRUE
"4218","A69-1602-3106",4218,"Noordzeekanaal","Grote sluis NZK","VR2W-114178",52.467488,4.613347,2017-12-15 11:49:53,2017-12-15 13:31:17,37,47,1606.918999,34.189766,52984.029934,18066.028569,TRUE,19483.017987,66,2017-12-15 21:11:49,1416.989418,33716,0.0420272101672797,TRUE
"4219","A69-1602-3106",4219,"Noordzeekanaal","Spuisluis NZK","VR2W-114167",52.470646,4.607811,2017-12-15 19:21:55,2017-12-15 21:09:58,40,21038,565.620125,0.026886,53549.650059,18631.648694,NA,NA,NA,NA,NA,NA,NA,TRUE
"4220","A69-1602-3106",4220,"Noordzeekanaal","Middensluis Noordzee","VR2W-132411",52.465373,4.592419,2017-12-15 21:11:49,2017-12-15 21:26:13,23,111,1348.371211,12.147488,54898.02127,19483.017987,NA,NA,NA,NA,NA,NA,NA,TRUE
"4221","A69-1602-3107",4221,"Noordzeekanaal","rel_noordzeekanaal7","none",52.385734,4.749574,2017-10-12 11:00:00,2017-10-12 11:00:00,1,NA,NA,NA,0,0,TRUE,1689.752652,2,2017-10-12 14:41:51,1689.752652,13311,0.126944080234393,TRUE
"4222","A69-1602-3107",4222,"Noordzeekanaal","Halfweg boezemzijde","VR2W-119056",52.391732,4.770434,2017-10-12 14:41:51,2017-10-12 16:26:11,74,13311,1689.752652,0.126944,1689.752652,1689.752652,FALSE,8693.10718,3,2018-01-08 05:26:19,7003.354528,7569868,0.000925162040870462,TRUE
"4223","A69-1602-3107",4223,"Noordzeekanaal","Spaarne gemaal","VR2W-102057",52.410548,4.673446,2018-01-08 05:26:19,2018-01-08 05:54:16,8,7563608,10382.859832,0.001373,12072.612484,8693.10718,FALSE,NA,NA,NA,NA,NA,NA,TRUE
"4224","A69-1602-3107",4224,"Noordzeekanaal","Spaarne gemaal","VR2W-102057",52.410548,4.673446,2018-01-10 10:56:57,2018-01-10 11:02:28,2,NA,NA,NA,12072.612484,8693.10718,FALSE,NA,NA,NA,NA,NA,NA,TRUE
"4225","A69-1602-3107",4225,"Noordzeekanaal","Spaarne gemaal","VR2W-102057",52.410548,4.673446,2018-01-10 14:21:22,2018-01-10 15:23:54,16,NA,NA,NA,12072.612484,8693.10718,FALSE,NA,NA,NA,NA,NA,NA,TRUE
"4226","A69-1602-3107",4226,"Noordzeekanaal","Spaarne gemaal","VR2W-102057",52.410548,4.673446,2018-01-10 16:37:54,2018-01-11 00:17:57,179,NA,NA,NA,12072.612484,8693.10718,FALSE,NA,NA,NA,NA,NA,NA,TRUE
"4227","A69-1602-3107",4227,"Noordzeekanaal","Spaarne gemaal","VR2W-102057",52.410548,4.673446,2018-01-11 01:22:20,2018-01-11 08:59:42,225,NA,NA,NA,12072.612484,8693.10718,FALSE,NA,NA,NA,NA,NA,NA,TRUE
"4228","A69-1602-3107",4228,"Noordzeekanaal","Spaarne gemaal","VR2W-102057",52.410548,4.673446,2018-01-11 11:13:26,2018-01-11 11:18:28,6,NA,NA,NA,12072.612484,8693.10718,NA,NA,NA,NA,NA,NA,NA,TRUE
"4229","A69-1602-3108",4229,"Noordzeekanaal","rel_noordzeekanaal7","none",52.385734,4.749574,2017-10-12 11:00:00,2017-10-12 11:00:00,1,NA,NA,NA,0,0,TRUE,1689.752652,2,2017-10-12 18:11:53,1689.752652,25913,0.0652086849071894,TRUE
"4230","A69-1602-3108",4230,"Noordzeekanaal","Halfweg boezemzijde","VR2W-119056",52.391732,4.770434,2017-10-12 18:11:53,2017-10-12 19:38:31,44,25913,1689.752652,0.065209,1689.752652,1689.752652,FALSE,8693.10718,9,2017-10-23 00:32:17,7003.354528,886824,0.00789711885109108,TRUE
"4231","A69-1602-3108",4231,"Noordzeekanaal","Halfweg boezemzijde","VR2W-119056",52.391732,4.770434,2017-10-13 18:03:38,2017-10-13 18:45:25,41,NA,NA,NA,1689.752652,1689.752652,FALSE,NA,NA,NA,NA,NA,NA,TRUE
"4232","A69-1602-3108",4232,"Noordzeekanaal","Cruquius","VR2W-103671",52.338227,4.63522,2017-10-19 02:35:03,2017-10-19 05:19:41,103,460178,13462.39901,0.029255,15152.151662,-11772.646358,FALSE,8693.10718,9,2017-10-23 00:32:17,20465.753538,338234,0.0605076767504154,TRUE
"4233","A69-1602-3108",4233,"Noordzeekanaal","Cruquius","VR2W-103671",52.338227,4.63522,2017-10-19 17:21:01,2017-10-19 17:24:05,2,NA,NA,NA,15152.151662,-11772.646358,FALSE,8693.10718,9,2017-10-23 00:32:17,20465.753538,285076,0.0717905173988691,TRUE
"4234","A69-1602-3108",4234,"Noordzeekanaal","Cruquius","VR2W-103671",52.338227,4.63522,2017-10-19 21:41:13,2017-10-19 22:34:01,45,NA,NA,NA,15152.151662,-11772.646358,FALSE,8693.10718,9,2017-10-23 00:32:17,20465.753538,269464,0.0759498617180774,TRUE
"4235","A69-1602-3108",4235,"Noordzeekanaal","Cruquius","VR2W-103671",52.338227,4.63522,2017-10-22 05:18:53,2017-10-22 05:41:00,21,NA,NA,NA,15152.151662,-11772.646358,FALSE,8693.10718,9,2017-10-23 00:32:17,20465.753538,69204,0.295730789231836,TRUE
"4236","A69-1602-3108",4236,"Noordzeekanaal","Cruquius","VR2W-103671",52.338227,4.63522,2017-10-22 16:55:27,2017-10-22 17:16:24,6,NA,NA,NA,15152.151662,-11772.646358,TRUE,8693.10718,9,2017-10-23 00:32:17,20465.753538,27410,0.74665281058008,TRUE
"4237","A69-1602-3108",4237,"Noordzeekanaal","Spaarne gemaal","VR2W-102057",52.410548,4.673446,2017-10-23 00:32:17,2017-11-18 06:21:48,49756,26153,9424.407702,0.360357,24576.559364,8693.10718,NA,NA,NA,NA,NA,NA,NA,TRUE
"4238","A69-1602-3109",4238,"Noordzeekanaal","rel_noordzeekanaal7","none",52.385734,4.749574,2017-10-12 11:00:00,2017-10-12 11:00:00,1,NA,NA,NA,0,0,TRUE,1689.752652,2,2017-10-12 13:42:51,1689.752652,9771,0.172935487872275,TRUE
"4239","A69-1602-3109",4239,"Noordzeekanaal","Halfweg boezemzijde","VR2W-119056",52.391732,4.770434,2017-10-12 13:42:51,2017-10-12 22:10:11,297,9771,1689.752652,0.172935,1689.752652,1689.752652,FALSE,16459.109571,14,2017-11-25 01:59:04,14769.356919,3759373,0.00392867558473182,TRUE
"4240","A69-1602-3109",4240,"Noordzeekanaal","Halfweg boezemzijde","VR2W-119056",52.391732,4.770434,2017-10-20 14:36:25,2017-10-20 15:16:26,49,NA,NA,NA,1689.752652,1689.752652,FALSE,16459.109571,14,2017-11-25 01:59:04,14769.356919,3064959,0.00481877797353896,TRUE
"4241","A69-1602-3109",4241,"Noordzeekanaal","Halfweg boezemzijde","VR2W-119056",52.391732,4.770434,2017-10-20 16:24:40,2017-10-20 22:30:46,253,NA,NA,NA,1689.752652,1689.752652,FALSE,16459.109571,14,2017-11-25 01:59:04,14769.356919,3058464,0.00482901120268213,TRUE
"4242","A69-1602-3109",4242,"Noordzeekanaal","Halfweg boezemzijde","VR2W-119056",52.391732,4.770434,2017-10-21 00:17:53,2017-10-21 01:59:16,88,NA,NA,NA,1689.752652,1689.752652,FALSE,16459.109571,14,2017-11-25 01:59:04,14769.356919,3030071,0.00487426100543519,TRUE
"4243","A69-1602-3109",4243,"Noordzeekanaal","Halfweg boezemzijde","VR2W-119056",52.391732,4.770434,2017-11-04 23:30:14,2017-11-05 01:05:38,55,NA,NA,NA,1689.752652,1689.752652,FALSE,16459.109571,14,2017-11-25 01:59:04,14769.356919,1736930,0.00850313882482311,TRUE
"4244","A69-1602-3109",4244,"Noordzeekanaal","Halfweg boezemzijde","VR2W-119056",52.391732,4.770434,2017-11-10 18:43:16,2017-11-10 21:14:32,113,NA,NA,NA,1689.752652,1689.752652,FALSE,16459.109571,14,2017-11-25 01:59:04,14769.356919,1235748,0.0119517546611445,TRUE
"4245","A69-1602-3109",4245,"Noordzeekanaal","Halfweg boezemzijde","VR2W-119056",52.391732,4.770434,2017-11-16 23:49:13,2017-11-17 02:27:12,157,NA,NA,NA,1689.752652,1689.752652,FALSE,16459.109571,14,2017-11-25 01:59:04,14769.356919,698991,0.0211295380326785,TRUE
"4246","A69-1602-3109",4246,"Noordzeekanaal","Halfweg boezemzijde","VR2W-119056",52.391732,4.770434,2017-11-17 16:22:36,2017-11-17 17:58:57,95,NA,NA,NA,1689.752652,1689.752652,FALSE,16459.109571,14,2017-11-25 01:59:04,14769.356919,639388,0.0230992088043567,TRUE
"4247","A69-1602-3109",4247,"Noordzeekanaal","Halfweg boezemzijde","VR2W-119056",52.391732,4.770434,2017-11-17 20:41:17,2017-11-17 20:42:24,3,NA,NA,NA,1689.752652,1689.752652,FALSE,16459.109571,14,2017-11-25 01:59:04,14769.356919,623867,0.0236738870929221,TRUE
"4248","A69-1602-3109",4248,"Noordzeekanaal","Halfweg boezemzijde","VR2W-119056",52.391732,4.770434,2017-11-20 22:29:40,2017-11-21 00:32:13,97,NA,NA,NA,1689.752652,1689.752652,FALSE,16459.109571,14,2017-11-25 01:59:04,14769.356919,358164,0.0412362965540925,TRUE
"4249","A69-1602-3109",4249,"Noordzeekanaal","Halfweg boezemzijde","VR2W-119056",52.391732,4.770434,2017-11-21 17:16:52,2017-11-21 19:50:31,144,NA,NA,NA,1689.752652,1689.752652,FALSE,16459.109571,14,2017-11-25 01:59:04,14769.356919,290532,0.0508355600037173,TRUE
"4250","A69-1602-3109",4250,"Noordzeekanaal","Halfweg boezemzijde","VR2W-119056",52.391732,4.770434,2017-11-21 21:08:30,2017-11-21 23:37:31,168,NA,NA,NA,1689.752652,1689.752652,TRUE,16459.109571,14,2017-11-25 01:59:04,14769.356919,276634,0.0533895216025507,TRUE
"4251","A69-1602-3109",4251,"Noordzeekanaal","Noordzeekanaal","VR2W-114165",52.462798,4.633995,2017-11-25 01:59:04,2017-11-25 03:11:49,77,267693,14769.356919,0.055173,16459.109571,16459.109571,TRUE,18783.100554,15,2017-11-25 03:11:57,2323.990983,4373,0.531440883375257,TRUE
"4252","A69-1602-3109",4252,"Noordzeekanaal","Middensluis NZK","VR2W-132417",52.465373,4.601803,2017-11-25 03:11:57,2017-11-25 03:12:11,2,8,2323.990983,290.498873,18783.100554,18783.100554,FALSE,NA,NA,NA,NA,NA,NA,TRUE
"4253","A69-1602-3109",4253,"Noordzeekanaal","Noordzeekanaal","VR2W-114164",52.465232,4.633992,2017-11-25 03:12:42,2017-11-25 03:12:42,1,31,2323.990983,74.967451,21107.091537,16459.109571,TRUE,18783.100554,17,2017-11-25 03:15:21,2323.990983,159,14.616295490566,TRUE
"4254","A69-1602-3109",4254,"Noordzeekanaal","Middensluis NZK","VR2W-132417",52.465373,4.601803,2017-11-25 03:15:21,2017-11-25 03:18:30,2,159,2323.990983,14.616295,23431.08252,18783.100554,FALSE,NA,NA,NA,NA,NA,NA,TRUE
"4255","A69-1602-3109",4255,"Noordzeekanaal","Noordzeekanaal","VR2W-114164",52.465232,4.633992,2017-11-25 03:18:53,2017-11-25 03:18:53,1,23,2323.990983,101.043086,25755.073503,16459.109571,TRUE,18066.028569,19,2017-11-25 03:19:01,1606.918998,8,200.86487475,TRUE
"4256","A69-1602-3109",4256,"Noordzeekanaal","Grote sluis NZK","VR2W-114178",52.467488,4.613347,2017-11-25 03:19:01,2017-11-25 03:50:47,27,8,1606.918999,200.864875,27361.992502,18066.028569,FALSE,NA,NA,NA,NA,NA,NA,TRUE
"4257","A69-1602-3109",4257,"Noordzeekanaal","Noordzeekanaal","VR2W-114164",52.465232,4.633992,2017-11-25 03:53:41,2017-11-25 03:53:41,1,174,1606.918999,9.235167,28968.911501,16459.109571,TRUE,18783.100554,21,2017-11-25 03:54:07,2323.990983,26,89.3842685769231,TRUE
"4258","A69-1602-3109",4258,"Noordzeekanaal","Middensluis NZK","VR2W-132417",52.465373,4.601803,2017-11-25 03:54:07,2017-11-25 04:17:07,18,26,2323.990983,89.384269,31292.902484,18783.100554,FALSE,NA,NA,NA,NA,NA,NA,TRUE
"4259","A69-1602-3109",4259,"Noordzeekanaal","Noordzeekanaal","VR2W-114164",52.465232,4.633992,2017-11-25 04:17:42,2017-11-25 04:17:42,1,35,2323.990983,66.399742,33616.893467,16459.109571,TRUE,18783.100554,23,2017-11-25 04:17:50,2323.990983,8,290.498872875,TRUE
"4260","A69-1602-3109",4260,"Noordzeekanaal","Middensluis NZK","VR2W-132417",52.465373,4.601803,2017-11-25 04:17:50,2017-11-25 04:23:32,5,8,2323.990983,290.498873,35940.88445,18783.100554,FALSE,NA,NA,NA,NA,NA,NA,TRUE
"4261","A69-1602-3109",4261,"Noordzeekanaal","Noordzeekanaal","VR2W-114164",52.465232,4.633992,2017-11-25 04:27:29,2017-11-25 04:27:29,1,237,2323.990983,9.805869,38264.875433,16459.109571,TRUE,18066.028569,25,2017-11-25 04:28:52,1606.918998,83,19.3604698554217,TRUE
"4262","A69-1602-3109",4262,"Noordzeekanaal","Grote sluis NZK","VR2W-114178",52.467488,4.613347,2017-11-25 04:28:52,2017-11-25 06:10:00,63,83,1606.918999,19.36047,39871.794432,18066.028569,FALSE,19341.612956,64,2017-12-04 12:58:30,1275.584387,808178,0.00157834584336619,TRUE
"4263","A69-1602-3109",4263,"Noordzeekanaal","Middensluis NZK","VR2W-132417",52.465373,4.601803,2017-11-25 08:53:05,2017-11-25 11:10:25,16,9785,882.739291,0.090214,40754.533723,18783.100554,FALSE,NA,NA,NA,NA,NA,NA,TRUE
"4264","A69-1602-3109",4264,"Noordzeekanaal","Middensluis NZK","VR2W-132417",52.465373,4.601803,2017-11-25 13:34:48,2017-11-25 13:41:54,3,NA,NA,NA,40754.533723,18783.100554,FALSE,NA,NA,NA,NA,NA,NA,TRUE
"4265","A69-1602-3109",4265,"Noordzeekanaal","Middensluis NZK","VR2W-132417",52.465373,4.601803,2017-11-25 17:37:25,2017-11-25 18:15:17,2,NA,NA,NA,40754.533723,18783.100554,FALSE,NA,NA,NA,NA,NA,NA,TRUE
"4266","A69-1602-3109",4266,"Noordzeekanaal","Middensluis NZK","VR2W-132417",52.465373,4.601803,2017-11-26 02:20:36,2017-11-26 02:20:36,1,NA,NA,NA,40754.533723,18783.100554,FALSE,NA,NA,NA,NA,NA,NA,TRUE
"4267","A69-1602-3109",4267,"Noordzeekanaal","Middensluis NZK","VR2W-132417",52.465373,4.601803,2017-11-26 20:03:25,2017-11-26 22:07:43,23,NA,NA,NA,40754.533723,18783.100554,FALSE,NA,NA,NA,NA,NA,NA,TRUE
"4268","A69-1602-3109",4268,"Noordzeekanaal","Grote sluis NZK","VR2W-114178",52.467488,4.613347,2017-11-27 11:31:43,2017-11-27 11:31:43,1,48240,882.739291,0.018299,41637.273014,18066.028569,FALSE,19341.612956,64,2017-12-04 12:58:30,1275.584387,610007,0.00209109794969566,TRUE
"4269","A69-1602-3109",4269,"Noordzeekanaal","Middensluis NZK","VR2W-132417",52.465373,4.601803,2017-11-27 19:02:12,2017-11-27 19:02:12,1,27029,882.739291,0.032659,42520.012305,18783.100554,FALSE,NA,NA,NA,NA,NA,NA,TRUE
"4270","A69-1602-3109",4270,"Noordzeekanaal","Middensluis NZK","VR2W-132417",52.465373,4.601803,2017-11-28 10:08:50,2017-11-28 10:08:50,1,NA,NA,NA,42520.012305,18783.100554,FALSE,NA,NA,NA,NA,NA,NA,TRUE
"4271","A69-1602-3109",4271,"Noordzeekanaal","Middensluis NZK","VR2W-132417",52.465373,4.601803,2017-11-28 17:21:47,2017-11-28 17:21:47,1,NA,NA,NA,42520.012305,18783.100554,FALSE,NA,NA,NA,NA,NA,NA,TRUE
"4272","A69-1602-3109",4272,"Noordzeekanaal","Middensluis NZK","VR2W-132417",52.465373,4.601803,2017-11-28 18:37:33,2017-11-29 17:06:39,255,NA,NA,NA,42520.012305,18783.100554,FALSE,NA,NA,NA,NA,NA,NA,TRUE
"4273","A69-1602-3109",4273,"Noordzeekanaal","Noordzeekanaal","VR2W-114164",52.465232,4.633992,2017-11-29 17:09:02,2017-11-29 17:09:02,1,143,2323.990983,16.251685,44844.003288,16459.109571,TRUE,18066.028569,37,2017-11-29 17:10:29,1606.918998,87,18.4703333103448,TRUE
"4274","A69-1602-3109",4274,"Noordzeekanaal","Grote sluis NZK","VR2W-114178",52.467488,4.613347,2017-11-29 17:10:29,2017-11-29 22:58:09,113,87,1606.918999,18.470333,46450.922287,18066.028569,FALSE,NA,NA,NA,NA,NA,NA,TRUE
"4275","A69-1602-3109",4275,"Noordzeekanaal","Noordzeekanaal","VR2W-114165",52.462798,4.633995,2017-11-29 23:07:45,2017-11-29 23:07:45,1,576,1606.918999,2.78979,48057.841286,16459.109571,TRUE,18783.100554,39,2017-11-29 23:12:57,2323.990983,312,7.44868904807692,TRUE
"4276","A69-1602-3109",4276,"Noordzeekanaal","Middensluis NZK","VR2W-132417",52.465373,4.601803,2017-11-29 23:12:57,2017-11-30 00:50:38,25,312,2323.990983,7.448689,50381.832269,18783.100554,FALSE,NA,NA,NA,NA,NA,NA,TRUE
"4277","A69-1602-3109",4277,"Noordzeekanaal","Noordzeekanaal","VR2W-114164",52.465232,4.633992,2017-11-30 00:50:48,2017-11-30 00:50:48,1,10,2323.990983,232.399098,52705.823252,16459.109571,TRUE,18783.100554,41,2017-11-30 00:57:28,2323.990983,400,5.8099774575,TRUE
"4278","A69-1602-3109",4278,"Noordzeekanaal","Middensluis NZK","VR2W-132417",52.465373,4.601803,2017-11-30 00:57:28,2017-11-30 10:19:45,137,400,2323.990983,5.809977,55029.814235,18783.100554,FALSE,NA,NA,NA,NA,NA,NA,TRUE
"4279","A69-1602-3109",4279,"Noordzeekanaal","Noordzeekanaal","VR2W-114164",52.465232,4.633992,2017-11-30 10:23:48,2017-11-30 11:00:18,2,243,2323.990983,9.563749,57353.805218,16459.109571,TRUE,18066.028569,43,2017-11-30 11:05:13,1606.918998,2485,0.646647484104627,TRUE
"4280","A69-1602-3109",4280,"Noordzeekanaal","Grote sluis NZK","VR2W-114178",52.467488,4.613347,2017-11-30 11:05:13,2017-11-30 11:26:43,12,295,1606.918999,5.447183,58960.724217,18066.028569,FALSE,NA,NA,NA,NA,NA,NA,TRUE
"4281","A69-1602-3109",4281,"Noordzeekanaal","Noordzeekanaal","VR2W-114164",52.465232,4.633992,2017-11-30 11:31:39,2017-11-30 11:31:39,1,296,1606.918999,5.42878,60567.643216,16459.109571,TRUE,18066.028569,45,2017-11-30 11:31:42,1606.918998,3,535.639665999999,TRUE
"4282","A69-1602-3109",4282,"Noordzeekanaal","Grote sluis NZK","VR2W-114178",52.467488,4.613347,2017-11-30 11:31:42,2017-11-30 11:31:57,2,3,1606.918999,535.639666,62174.562215,18066.028569,FALSE,NA,NA,NA,NA,NA,NA,TRUE
"4283","A69-1602-3109",4283,"Noordzeekanaal","Noordzeekanaal","VR2W-114164",52.465232,4.633992,2017-11-30 11:32:18,2017-11-30 11:32:18,1,21,1606.918999,76.519952,63781.481214,16459.109571,TRUE,18783.100554,47,2017-11-30 11:32:44,2323.990983,26,89.3842685769231,TRUE
"4284","A69-1602-3109",4284,"Noordzeekanaal","Middensluis NZK","VR2W-132417",52.465373,4.601803,2017-11-30 11:32:44,2017-11-30 11:36:39,3,26,2323.990983,89.384269,66105.472197,18783.100554,FALSE,NA,NA,NA,NA,NA,NA,TRUE
"4285","A69-1602-3109",4285,"Noordzeekanaal","Noordzeekanaal","VR2W-114164",52.465232,4.633992,2017-11-30 11:39:34,2017-11-30 11:39:34,1,175,2323.990983,13.279948,68429.46318,16459.109571,TRUE,18066.028569,49,2017-11-30 11:40:14,1606.918998,40,40.1729749499999,TRUE
"4286","A69-1602-3109",4286,"Noordzeekanaal","Grote sluis NZK","VR2W-114178",52.467488,4.613347,2017-11-30 11:40:14,2017-11-30 11:43:59,5,40,1606.918999,40.172975,70036.382179,18066.028569,FALSE,NA,NA,NA,NA,NA,NA,TRUE
"4287","A69-1602-3109",4287,"Noordzeekanaal","Noordzeekanaal","VR2W-114164",52.465232,4.633992,2017-11-30 11:45:50,2017-11-30 11:45:50,1,111,1606.918999,14.476748,71643.301178,16459.109571,TRUE,18066.028569,51,2017-11-30 11:46:03,1606.918998,13,123.609153692307,TRUE
"4288","A69-1602-3109",4288,"Noordzeekanaal","Grote sluis NZK","VR2W-114178",52.467488,4.613347,2017-11-30 11:46:03,2017-11-30 11:47:37,3,13,1606.918999,123.609154,73250.220177,18066.028569,FALSE,NA,NA,NA,NA,NA,NA,TRUE
"4289","A69-1602-3109",4289,"Noordzeekanaal","Noordzeekanaal","VR2W-114164",52.465232,4.633992,2017-11-30 11:48:04,2017-11-30 11:48:04,1,27,1606.918999,59.515518,74857.139176,16459.109571,TRUE,18783.100554,53,2017-11-30 12:20:24,2323.990983,1940,1.19793349639175,TRUE
"4290","A69-1602-3109",4290,"Noordzeekanaal","Middensluis NZK","VR2W-132417",52.465373,4.601803,2017-11-30 12:20:24,2017-11-30 12:23:24,5,1940,2323.990983,1.197933,77181.130159,18783.100554,FALSE,NA,NA,NA,NA,NA,NA,TRUE
"4291","A69-1602-3109",4291,"Noordzeekanaal","Noordzeekanaal","VR2W-114164",52.465232,4.633992,2017-11-30 12:26:03,2017-11-30 12:26:03,1,159,2323.990983,14.616295,79505.121142,16459.109571,TRUE,18783.100554,55,2017-11-30 12:26:32,2323.990983,29,80.1376201034483,TRUE
"4292","A69-1602-3109",4292,"Noordzeekanaal","Middensluis NZK","VR2W-132417",52.465373,4.601803,2017-11-30 12:26:32,2017-11-30 12:26:33,2,29,2323.990983,80.13762,81829.112125,18783.100554,FALSE,NA,NA,NA,NA,NA,NA,TRUE
"4293","A69-1602-3109",4293,"Noordzeekanaal","Noordzeekanaal","VR2W-114164",52.465232,4.633992,2017-11-30 12:26:42,2017-11-30 12:26:42,1,9,2323.990983,258.22122,84153.103108,16459.109571,TRUE,18783.100554,57,2017-11-30 12:27:08,2323.990983,26,89.3842685769231,TRUE
"4294","A69-1602-3109",4294,"Noordzeekanaal","Middensluis NZK","VR2W-132417",52.465373,4.601803,2017-11-30 12:27:08,2017-11-30 12:27:08,1,26,2323.990983,89.384269,86477.094091,18783.100554,FALSE,NA,NA,NA,NA,NA,NA,TRUE
"4295","A69-1602-3109",4295,"Noordzeekanaal","Noordzeekanaal","VR2W-114164",52.465232,4.633992,2017-11-30 12:27:27,2017-11-30 12:28:03,2,19,2323.990983,122.315315,88801.085074,16459.109571,TRUE,18783.100554,59,2017-11-30 12:28:32,2323.990983,65,35.7537074307692,TRUE
"4296","A69-1602-3109",4296,"Noordzeekanaal","Middensluis NZK","VR2W-132417",52.465373,4.601803,2017-11-30 12:28:32,2017-11-30 12:28:32,1,29,2323.990983,80.13762,91125.076057,18783.100554,FALSE,NA,NA,NA,NA,NA,NA,TRUE
"4297","A69-1602-3109",4297,"Noordzeekanaal","Noordzeekanaal","VR2W-114164",52.465232,4.633992,2017-11-30 12:28:41,2017-11-30 12:28:41,1,9,2323.990983,258.22122,93449.06704,16459.109571,TRUE,18066.028569,61,2017-11-30 12:29:02,1606.918998,21,76.5199522857142,TRUE
"4298","A69-1602-3109",4298,"Noordzeekanaal","Grote sluis NZK","VR2W-114178",52.467488,4.613347,2017-11-30 12:29:02,2017-11-30 12:29:46,3,21,1606.918999,76.519952,95055.986039,18066.028569,FALSE,NA,NA,NA,NA,NA,NA,TRUE
"4299","A69-1602-3109",4299,"Noordzeekanaal","Noordzeekanaal","VR2W-114164",52.465232,4.633992,2017-11-30 12:30:18,2017-11-30 12:30:18,1,32,1606.918999,50.216219,96662.905038,16459.109571,TRUE,18066.028569,63,2017-11-30 12:30:26,1606.918998,8,200.86487475,TRUE
"4300","A69-1602-3109",4300,"Noordzeekanaal","Grote sluis NZK","VR2W-114178",52.467488,4.613347,2017-11-30 12:30:26,2017-11-30 13:22:12,22,8,1606.918999,200.864875,98269.824037,18066.028569,FALSE,19341.612956,64,2017-12-04 12:58:30,1275.584387,347284,0.00367302952914618,TRUE
"4301","A69-1602-3109",4301,"Noordzeekanaal","Kleine sluis NZK","VR2W-132415",52.464559,4.592909,2017-12-04 12:58:30,2017-12-04 12:58:30,1,344178,1524.085346,0.004428,99793.909383,19341.612956,FALSE,NA,NA,NA,NA,NA,NA,TRUE
"4302","A69-1602-3109",4302,"Noordzeekanaal","Kleine sluis NZK","VR2W-132415",52.464559,4.592909,2017-12-04 15:02:26,2017-12-04 17:08:13,66,NA,NA,NA,99793.909383,19341.612956,NA,NA,NA,NA,NA,NA,NA,TRUE
"4303","A69-1602-3110",4303,"Noordzeekanaal","rel_noordzeekanaal7","none",52.385734,4.749574,2017-10-12 11:00:00,2017-10-12 11:00:00,1,NA,NA,NA,0,0,FALSE,1689.752652,2,2017-10-22 22:40:30,1689.752652,906030,0.00186500739710606,FALSE
"4304","A69-1602-3110",4304,"Noordzeekanaal","Halfweg boezemzijde","VR2W-119056",52.391732,4.770434,2017-10-22 22:40:30,2017-10-23 01:20:06,171,906030,1689.752652,0.001865,1689.752652,1689.752652,FALSE,6586.251186,14,2017-12-26 16:19:13,4896.498534,5593123,0.000875449821861597,FALSE
"4305","A69-1602-3110",4305,"Noordzeekanaal","Halfweg boezemzijde","VR2W-119056",52.391732,4.770434,2017-10-28 22:37:22,2017-10-29 02:12:10,140,NA,NA,NA,1689.752652,1689.752652,FALSE,6586.251186,14,2017-12-26 16:19:13,4896.498534,5074911,0.000964844217760666,FALSE
"4306","A69-1602-3110",4306,"Noordzeekanaal","Halfweg boezemzijde","VR2W-119056",52.391732,4.770434,2017-11-05 00:36:25,2017-11-05 02:42:34,73,NA,NA,NA,1689.752652,1689.752652,FALSE,6586.251186,14,2017-12-26 16:19:13,4896.498534,4462968,0.00109713951209151,FALSE
"4307","A69-1602-3110",4307,"Noordzeekanaal","Halfweg boezemzijde","VR2W-119056",52.391732,4.770434,2017-11-06 19:13:45,2017-11-06 22:24:35,164,NA,NA,NA,1689.752652,1689.752652,FALSE,6586.251186,14,2017-12-26 16:19:13,4896.498534,4309528,0.00113620297489655,FALSE
"4308","A69-1602-3110",4308,"Noordzeekanaal","Halfweg boezemzijde","VR2W-119056",52.391732,4.770434,2017-11-12 02:08:24,2017-11-12 05:27:59,184,NA,NA,NA,1689.752652,1689.752652,FALSE,6586.251186,14,2017-12-26 16:19:13,4896.498534,3852649,0.00127094332600764,FALSE
"4309","A69-1602-3110",4309,"Noordzeekanaal","Halfweg boezemzijde","VR2W-119056",52.391732,4.770434,2017-11-21 23:27:02,2017-11-22 04:14:54,311,NA,NA,NA,1689.752652,1689.752652,FALSE,6586.251186,14,2017-12-26 16:19:13,4896.498534,2998331,0.00163307471189805,FALSE
"4310","A69-1602-3110",4310,"Noordzeekanaal","Halfweg boezemzijde","VR2W-119056",52.391732,4.770434,2017-11-22 06:46:53,2017-11-22 06:46:53,1,NA,NA,NA,1689.752652,1689.752652,FALSE,6586.251186,14,2017-12-26 16:19:13,4896.498534,2971940,0.00164757651029294,FALSE
"4311","A69-1602-3110",4311,"Noordzeekanaal","Halfweg boezemzijde","VR2W-119056",52.391732,4.770434,2017-11-22 18:44:40,2017-11-22 20:37:33,116,NA,NA,NA,1689.752652,1689.752652,FALSE,6586.251186,14,2017-12-26 16:19:13,4896.498534,2928873,0.00167180295424213,FALSE
"4312","A69-1602-3110",4312,"Noordzeekanaal","Halfweg boezemzijde","VR2W-119056",52.391732,4.770434,2017-11-22 21:48:51,2017-11-23 02:02:51,224,NA,NA,NA,1689.752652,1689.752652,FALSE,6586.251186,14,2017-12-26 16:19:13,4896.498534,2917822,0.00167813476421797,FALSE
"4313","A69-1602-3110",4313,"Noordzeekanaal","Halfweg boezemzijde","VR2W-119056",52.391732,4.770434,2017-11-23 06:22:15,2017-11-23 06:22:15,1,NA,NA,NA,1689.752652,1689.752652,FALSE,6586.251186,14,2017-12-26 16:19:13,4896.498534,2887018,0.00169604018194552,FALSE
"4314","A69-1602-3110",4314,"Noordzeekanaal","Halfweg boezemzijde","VR2W-119056",52.391732,4.770434,2017-11-24 23:45:56,2017-11-25 02:27:16,177,NA,NA,NA,1689.752652,1689.752652,FALSE,6586.251186,14,2017-12-26 16:19:13,4896.498534,2737997,0.00178835058402182,FALSE
"4315","A69-1602-3110",4315,"Noordzeekanaal","Halfweg boezemzijde","VR2W-119056",52.391732,4.770434,2017-12-24 18:37:19,2017-12-24 20:11:17,111,NA,NA,NA,1689.752652,1689.752652,TRUE,6586.251186,14,2017-12-26 16:19:13,4896.498534,164514,0.029763415478318,TRUE
"4316","A69-1602-3110",4316,"Noordzeekanaal","Overtoom 1","VR2W-119065",52.430117,4.784283,2017-12-26 16:19:13,2017-12-26 16:20:02,2,158876,4896.498534,0.03082,6586.251186,6586.251186,FALSE,16459.109571,17,2017-12-28 01:43:46,9872.858385,120273,0.0820870717866853,TRUE
"4317","A69-1602-3110",4317,"Noordzeekanaal","Overtoom 1","VR2W-119065",52.430117,4.784283,2017-12-26 20:06:32,2017-12-26 20:07:20,2,NA,NA,NA,6586.251186,6586.251186,FALSE,16459.109571,17,2017-12-28 01:43:46,9872.858385,106634,0.0925864019449706,TRUE
"4318","A69-1602-3110",4318,"Noordzeekanaal","Overtoom 1","VR2W-119065",52.430117,4.784283,2017-12-27 00:02:04,2017-12-27 00:02:04,1,NA,NA,NA,6586.251186,6586.251186,TRUE,16459.109571,17,2017-12-28 01:43:46,9872.858385,92502,0.106731296458455,TRUE
"4319","A69-1602-3110",4319,"Noordzeekanaal","Noordzeekanaal","VR2W-114165",52.462798,4.633995,2017-12-28 01:43:46,2017-12-28 02:06:43,29,92502,11955.458146,0.129245,18541.709332,16459.109571,TRUE,18066.028569,18,2017-12-28 02:21:31,1606.918998,2265,0.709456511258277,TRUE
"4320","A69-1602-3110",4320,"Noordzeekanaal","Grote sluis NZK","VR2W-114178",52.467488,4.613347,2017-12-28 02:21:31,2017-12-28 03:16:57,14,888,1606.918999,1.809593,20148.628331,18066.028569,TRUE,19490.12571,19,2017-12-28 04:04:33,1424.097141,6182,0.230361879812359,TRUE
"4321","A69-1602-3110",4321,"Noordzeekanaal","Spuisluis Noordzee","VR2W-132409",52.471207,4.595198,2017-12-28 04:04:33,2017-12-28 04:48:53,86,2856,1424.097141,0.498633,21572.725472,19490.12571,FALSE,NA,NA,NA,NA,NA,NA,TRUE
"4322","A69-1602-3110",4322,"Noordzeekanaal","Spuisluis Noordzee","VR2W-132408",52.470319,4.594701,2017-12-28 06:18:38,2017-12-28 07:15:20,63,NA,NA,NA,21572.725472,19490.12571,FALSE,NA,NA,NA,NA,NA,NA,TRUE
"4323","A69-1602-3110",4323,"Noordzeekanaal","Middensluis Noordzee","VR2W-132411",52.465373,4.592419,2017-12-29 09:56:30,2017-12-29 12:17:12,63,96070,582.776187,0.006066,22155.501659,19483.017987,NA,NA,NA,NA,NA,NA,NA,TRUE
"4324","A69-1602-3111",4324,"Noordzeekanaal","rel_noordzeekanaal7","none",52.385734,4.749574,2017-10-12 11:00:00,2017-10-12 11:00:00,1,NA,NA,NA,0,0,TRUE,1689.752652,2,2017-10-12 17:02:32,1689.752652,21752,0.0776826338727473,TRUE
"4325","A69-1602-3111",4325,"Noordzeekanaal","Halfweg boezemzijde","VR2W-119056",52.391732,4.770434,2017-10-12 17:02:32,2017-10-12 19:02:03,60,21752,1689.752652,0.077683,1689.752652,1689.752652,FALSE,8693.10718,56,2018-01-06 18:08:44,7003.354528,7434372,0.000942023687811156,TRUE
"4326","A69-1602-3111",4326,"Noordzeekanaal","Halfweg boezemzijde","VR2W-119056",52.391732,4.770434,2017-10-12 20:13:58,2017-10-12 23:08:30,118,NA,NA,NA,1689.752652,1689.752652,FALSE,8693.10718,56,2018-01-06 18:08:44,7003.354528,7422886,0.00094348135320952,TRUE
"4327","A69-1602-3111",4327,"Noordzeekanaal","Halfweg boezemzijde","VR2W-119056",52.391732,4.770434,2017-10-13 14:30:45,2017-10-13 22:03:25,251,NA,NA,NA,1689.752652,1689.752652,FALSE,8693.10718,56,2018-01-06 18:08:44,7003.354528,7357079,0.000951920528242255,TRUE
"4328","A69-1602-3111",4328,"Noordzeekanaal","Halfweg boezemzijde","VR2W-119056",52.391732,4.770434,2017-10-14 02:24:05,2017-10-14 04:40:09,8,NA,NA,NA,1689.752652,1689.752652,FALSE,8693.10718,56,2018-01-06 18:08:44,7003.354528,7314279,0.000957490755821592,TRUE
"4329","A69-1602-3111",4329,"Noordzeekanaal","Halfweg boezemzijde","VR2W-119056",52.391732,4.770434,2017-10-14 07:03:18,2017-10-14 13:09:30,57,NA,NA,NA,1689.752652,1689.752652,FALSE,8693.10718,56,2018-01-06 18:08:44,7003.354528,7297526,0.000959688876476768,TRUE
"4330","A69-1602-3111",4330,"Noordzeekanaal","Halfweg boezemzijde","VR2W-119056",52.391732,4.770434,2017-10-14 14:18:21,2017-10-14 14:46:10,3,NA,NA,NA,1689.752652,1689.752652,FALSE,8693.10718,56,2018-01-06 18:08:44,7003.354528,7271423,0.000963133973638998,TRUE
"4331","A69-1602-3111",4331,"Noordzeekanaal","Halfweg boezemzijde","VR2W-119056",52.391732,4.770434,2017-10-14 16:22:29,2017-10-14 23:15:41,184,NA,NA,NA,1689.752652,1689.752652,FALSE,8693.10718,56,2018-01-06 18:08:44,7003.354528,7263975,0.000964121507576775,TRUE
"4332","A69-1602-3111",4332,"Noordzeekanaal","Halfweg boezemzijde","VR2W-119056",52.391732,4.770434,2017-10-15 00:34:27,2017-10-15 00:38:24,5,NA,NA,NA,1689.752652,1689.752652,FALSE,8693.10718,56,2018-01-06 18:08:44,7003.354528,7234457,0.000968055311960525,TRUE
"4333","A69-1602-3111",4333,"Noordzeekanaal","Halfweg boezemzijde","VR2W-119056",52.391732,4.770434,2017-10-15 09:31:23,2017-10-15 12:07:14,30,NA,NA,NA,1689.752652,1689.752652,FALSE,8693.10718,56,2018-01-06 18:08:44,7003.354528,7202241,0.000972385473910134,TRUE
"4334","A69-1602-3111",4334,"Noordzeekanaal","Halfweg boezemzijde","VR2W-119056",52.391732,4.770434,2017-10-15 14:28:39,2017-10-15 21:04:38,249,NA,NA,NA,1689.752652,1689.752652,FALSE,8693.10718,56,2018-01-06 18:08:44,7003.354528,7184405,0.000974799517566173,TRUE
"4335","A69-1602-3111",4335,"Noordzeekanaal","Halfweg boezemzijde","VR2W-119056",52.391732,4.770434,2017-10-16 11:43:46,2017-10-16 20:49:18,404,NA,NA,NA,1689.752652,1689.752652,FALSE,8693.10718,56,2018-01-06 18:08:44,7003.354528,7107898,0.000985291928499818,TRUE
"4336","A69-1602-3111",4336,"Noordzeekanaal","Halfweg boezemzijde","VR2W-119056",52.391732,4.770434,2017-10-17 17:07:32,2017-10-17 18:36:13,97,NA,NA,NA,1689.752652,1689.752652,FALSE,8693.10718,56,2018-01-06 18:08:44,7003.354528,7002072,0.00100018316406915,TRUE
"4337","A69-1602-3111",4337,"Noordzeekanaal","Halfweg boezemzijde","VR2W-119056",52.391732,4.770434,2017-10-18 17:01:34,2017-10-19 23:14:03,1441,NA,NA,NA,1689.752652,1689.752652,FALSE,8693.10718,56,2018-01-06 18:08:44,7003.354528,6916030,0.00101262639520072,TRUE
"4338","A69-1602-3111",4338,"Noordzeekanaal","Halfweg boezemzijde","VR2W-119056",52.391732,4.770434,2017-10-20 00:24:19,2017-10-20 01:35:42,55,NA,NA,NA,1689.752652,1689.752652,FALSE,8693.10718,56,2018-01-06 18:08:44,7003.354528,6803065,0.00102944107222259,TRUE
"4339","A69-1602-3111",4339,"Noordzeekanaal","Halfweg boezemzijde","VR2W-119056",52.391732,4.770434,2017-10-20 02:38:30,2017-10-20 06:51:14,72,NA,NA,NA,1689.752652,1689.752652,FALSE,8693.10718,56,2018-01-06 18:08:44,7003.354528,6795014,0.00103066079451786,TRUE
"4340","A69-1602-3111",4340,"Noordzeekanaal","Halfweg boezemzijde","VR2W-119056",52.391732,4.770434,2017-10-20 09:43:00,2017-10-20 10:49:37,22,NA,NA,NA,1689.752652,1689.752652,FALSE,8693.10718,56,2018-01-06 18:08:44,7003.354528,6769544,0.00103453859344145,TRUE
"4341","A69-1602-3111",4341,"Noordzeekanaal","Halfweg boezemzijde","VR2W-119056",52.391732,4.770434,2017-10-20 15:09:26,2017-10-20 17:57:24,116,NA,NA,NA,1689.752652,1689.752652,FALSE,8693.10718,56,2018-01-06 18:08:44,7003.354528,6749958,0.00103754045995545,TRUE
"4342","A69-1602-3111",4342,"Noordzeekanaal","Halfweg boezemzijde","VR2W-119056",52.391732,4.770434,2017-10-20 20:46:02,2017-10-21 05:13:38,388,NA,NA,NA,1689.752652,1689.752652,FALSE,8693.10718,56,2018-01-06 18:08:44,7003.354528,6729762,0.00104065411644572,TRUE
"4343","A69-1602-3111",4343,"Noordzeekanaal","Halfweg boezemzijde","VR2W-119056",52.391732,4.770434,2017-10-21 10:06:12,2017-10-21 10:06:12,1,NA,NA,NA,1689.752652,1689.752652,FALSE,8693.10718,56,2018-01-06 18:08:44,7003.354528,6681752,0.00104813146731576,TRUE
"4344","A69-1602-3111",4344,"Noordzeekanaal","Halfweg boezemzijde","VR2W-119056",52.391732,4.770434,2017-10-21 15:20:43,2017-10-22 00:58:24,462,NA,NA,NA,1689.752652,1689.752652,FALSE,8693.10718,56,2018-01-06 18:08:44,7003.354528,6662881,0.00105110004636133,TRUE
"4345","A69-1602-3111",4345,"Noordzeekanaal","Halfweg boezemzijde","VR2W-119056",52.391732,4.770434,2017-10-22 04:55:01,2017-10-22 05:01:45,7,NA,NA,NA,1689.752652,1689.752652,FALSE,8693.10718,56,2018-01-06 18:08:44,7003.354528,6614023,0.00105886455611055,TRUE
"4346","A69-1602-3111",4346,"Noordzeekanaal","Halfweg boezemzijde","VR2W-119056",52.391732,4.770434,2017-10-22 16:46:38,2017-10-22 18:18:42,96,NA,NA,NA,1689.752652,1689.752652,FALSE,8693.10718,56,2018-01-06 18:08:44,7003.354528,6571326,0.00106574449783803,TRUE
"4347","A69-1602-3111",4347,"Noordzeekanaal","Halfweg boezemzijde","VR2W-119056",52.391732,4.770434,2017-10-22 19:44:10,2017-10-22 19:48:33,2,NA,NA,NA,1689.752652,1689.752652,FALSE,8693.10718,56,2018-01-06 18:08:44,7003.354528,6560674,0.00106747485517494,TRUE
"4348","A69-1602-3111",4348,"Noordzeekanaal","Halfweg boezemzijde","VR2W-119056",52.391732,4.770434,2017-10-22 20:51:42,2017-10-23 00:54:52,27,NA,NA,NA,1689.752652,1689.752652,FALSE,8693.10718,56,2018-01-06 18:08:44,7003.354528,6556622,0.00106813455587344,TRUE
"4349","A69-1602-3111",4349,"Noordzeekanaal","Halfweg boezemzijde","VR2W-119056",52.391732,4.770434,2017-10-23 16:29:33,2017-10-25 02:28:27,1839,NA,NA,NA,1689.752652,1689.752652,FALSE,8693.10718,56,2018-01-06 18:08:44,7003.354528,6485951,0.0010797729628238,TRUE
"4350","A69-1602-3111",4350,"Noordzeekanaal","Halfweg boezemzijde","VR2W-119056",52.391732,4.770434,2017-10-25 03:41:26,2017-10-25 10:21:08,33,NA,NA,NA,1689.752652,1689.752652,FALSE,8693.10718,56,2018-01-06 18:08:44,7003.354528,6359238,0.00110128831913509,TRUE
"4351","A69-1602-3111",4351,"Noordzeekanaal","Halfweg boezemzijde","VR2W-119056",52.391732,4.770434,2017-10-25 14:03:54,2017-10-25 22:37:17,480,NA,NA,NA,1689.752652,1689.752652,FALSE,8693.10718,56,2018-01-06 18:08:44,7003.354528,6321890,0.00110779442983032,TRUE
"4352","A69-1602-3111",4352,"Noordzeekanaal","Halfweg boezemzijde","VR2W-119056",52.391732,4.770434,2017-10-26 03:14:31,2017-10-26 04:13:01,18,NA,NA,NA,1689.752652,1689.752652,FALSE,8693.10718,56,2018-01-06 18:08:44,7003.354528,6274453,0.00111616973272411,TRUE
"4353","A69-1602-3111",4353,"Noordzeekanaal","Halfweg boezemzijde","VR2W-119056",52.391732,4.770434,2017-10-26 05:25:20,2017-10-26 06:27:03,4,NA,NA,NA,1689.752652,1689.752652,FALSE,8693.10718,56,2018-01-06 18:08:44,7003.354528,6266604,0.00111756774929451,TRUE
"4354","A69-1602-3111",4354,"Noordzeekanaal","Halfweg boezemzijde","VR2W-119056",52.391732,4.770434,2017-10-26 07:47:16,2017-10-28 00:36:42,1599,NA,NA,NA,1689.752652,1689.752652,FALSE,8693.10718,56,2018-01-06 18:08:44,7003.354528,6258088,0.00111908853438942,TRUE
"4355","A69-1602-3111",4355,"Noordzeekanaal","Halfweg boezemzijde","VR2W-119056",52.391732,4.770434,2017-10-28 01:55:48,2017-10-28 20:03:25,368,NA,NA,NA,1689.752652,1689.752652,FALSE,8693.10718,56,2018-01-06 18:08:44,7003.354528,6106376,0.00114689212193943,TRUE
"4356","A69-1602-3111",4356,"Noordzeekanaal","Halfweg boezemzijde","VR2W-119056",52.391732,4.770434,2017-10-29 00:18:08,2017-10-29 00:18:08,1,NA,NA,NA,1689.752652,1689.752652,FALSE,8693.10718,56,2018-01-06 18:08:44,7003.354528,6025836,0.00116222123005007,TRUE
"4357","A69-1602-3111",4357,"Noordzeekanaal","Halfweg boezemzijde","VR2W-119056",52.391732,4.770434,2017-10-29 02:20:23,2017-10-30 06:11:05,1490,NA,NA,NA,1689.752652,1689.752652,FALSE,8693.10718,56,2018-01-06 18:08:44,7003.354528,6018501,0.0011636376778869,TRUE
"4358","A69-1602-3111",4358,"Noordzeekanaal","Halfweg boezemzijde","VR2W-119056",52.391732,4.770434,2017-10-30 08:06:15,2017-10-30 08:15:04,3,NA,NA,NA,1689.752652,1689.752652,FALSE,8693.10718,56,2018-01-06 18:08:44,7003.354528,5911349,0.00118473034293864,TRUE
"4359","A69-1602-3111",4359,"Noordzeekanaal","Halfweg boezemzijde","VR2W-119056",52.391732,4.770434,2017-10-30 10:03:51,2017-10-30 10:35:28,4,NA,NA,NA,1689.752652,1689.752652,FALSE,8693.10718,56,2018-01-06 18:08:44,7003.354528,5904293,0.00118614616991399,TRUE
"4360","A69-1602-3111",4360,"Noordzeekanaal","Halfweg boezemzijde","VR2W-119056",52.391732,4.770434,2017-10-30 13:03:25,2017-10-31 23:46:17,2003,NA,NA,NA,1689.752652,1689.752652,FALSE,8693.10718,56,2018-01-06 18:08:44,7003.354528,5893519,0.00118831457538357,TRUE
"4361","A69-1602-3111",4361,"Noordzeekanaal","Halfweg boezemzijde","VR2W-119056",52.391732,4.770434,2017-11-01 00:58:26,2017-11-03 06:58:12,2956,NA,NA,NA,1689.752652,1689.752652,FALSE,8693.10718,56,2018-01-06 18:08:44,7003.354528,5764218,0.00121497044837652,TRUE
"4362","A69-1602-3111",4362,"Noordzeekanaal","Halfweg boezemzijde","VR2W-119056",52.391732,4.770434,2017-11-03 11:01:45,2017-11-04 23:07:59,2119,NA,NA,NA,1689.752652,1689.752652,FALSE,8693.10718,56,2018-01-06 18:08:44,7003.354528,5555219,0.00126068018704573,TRUE
"4363","A69-1602-3111",4363,"Noordzeekanaal","Halfweg boezemzijde","VR2W-119056",52.391732,4.770434,2017-11-05 16:19:58,2017-11-05 20:38:45,234,NA,NA,NA,1689.752652,1689.752652,FALSE,8693.10718,56,2018-01-06 18:08:44,7003.354528,5363326,0.00130578572475363,TRUE
"4364","A69-1602-3111",4364,"Noordzeekanaal","Halfweg boezemzijde","VR2W-119056",52.391732,4.770434,2017-11-06 16:36:34,2017-11-08 00:14:00,1419,NA,NA,NA,1689.752652,1689.752652,FALSE,8693.10718,56,2018-01-06 18:08:44,7003.354528,5275930,0.00132741611962251,TRUE
"4365","A69-1602-3111",4365,"Noordzeekanaal","Halfweg boezemzijde","VR2W-119056",52.391732,4.770434,2017-11-08 08:06:10,2017-11-08 08:06:10,1,NA,NA,NA,1689.752652,1689.752652,FALSE,8693.10718,56,2018-01-06 18:08:44,7003.354528,5133754,0.00136417805138306,TRUE
"4366","A69-1602-3111",4366,"Noordzeekanaal","Halfweg boezemzijde","VR2W-119056",52.391732,4.770434,2017-11-08 15:07:16,2017-11-09 04:13:00,615,NA,NA,NA,1689.752652,1689.752652,FALSE,8693.10718,56,2018-01-06 18:08:44,7003.354528,5108488,0.00137092512070108,TRUE
"4367","A69-1602-3111",4367,"Noordzeekanaal","Halfweg boezemzijde","VR2W-119056",52.391732,4.770434,2017-11-09 06:18:58,2017-11-09 06:36:24,4,NA,NA,NA,1689.752652,1689.752652,FALSE,8693.10718,56,2018-01-06 18:08:44,7003.354528,5053786,0.00138576396547064,TRUE
"4368","A69-1602-3111",4368,"Noordzeekanaal","Halfweg boezemzijde","VR2W-119056",52.391732,4.770434,2017-11-09 14:36:36,2017-11-09 23:29:22,355,NA,NA,NA,1689.752652,1689.752652,FALSE,8693.10718,56,2018-01-06 18:08:44,7003.354528,5023928,0.00139399978025163,TRUE
"4369","A69-1602-3111",4369,"Noordzeekanaal","Halfweg boezemzijde","VR2W-119056",52.391732,4.770434,2017-11-10 00:40:53,2017-11-10 06:19:58,317,NA,NA,NA,1689.752652,1689.752652,FALSE,8693.10718,56,2018-01-06 18:08:44,7003.354528,4987671,0.00140413321728719,TRUE
"4370","A69-1602-3111",4370,"Noordzeekanaal","Halfweg boezemzijde","VR2W-119056",52.391732,4.770434,2017-11-10 13:51:57,2017-11-10 13:51:57,1,NA,NA,NA,1689.752652,1689.752652,FALSE,8693.10718,56,2018-01-06 18:08:44,7003.354528,4940207,0.00141762370038341,TRUE
"4371","A69-1602-3111",4371,"Noordzeekanaal","Halfweg boezemzijde","VR2W-119056",52.391732,4.770434,2017-11-10 15:14:32,2017-11-10 19:41:16,208,NA,NA,NA,1689.752652,1689.752652,FALSE,NA,NA,NA,NA,NA,NA,TRUE
"4372","A69-1602-3111",4372,"Noordzeekanaal","Zwanenburg","VR2W-107052",52.369568,4.758351,2017-11-10 22:53:22,2017-11-10 23:26:25,41,11526,3538.070425,0.306964,5227.823077,-1989.722301,FALSE,1689.752652,51,2018-01-05 05:09:45,3679.474953,4774583,0.00077063797047826,TRUE
"4373","A69-1602-3111",4373,"Noordzeekanaal","Zwanenburg","VR2W-107052",52.369568,4.758351,2018-01-05 02:43:12,2018-01-05 03:26:39,33,NA,NA,NA,5227.823077,-1989.722301,TRUE,1689.752652,51,2018-01-05 05:09:45,3679.474953,8793,0.418455015694302,TRUE
"4374","A69-1602-3111",4374,"Noordzeekanaal","Halfweg boezemzijde","VR2W-119056",52.391732,4.770434,2018-01-05 05:09:45,2018-01-05 05:33:19,19,6186,3538.070425,0.571948,8765.893502,1689.752652,FALSE,8693.10718,56,2018-01-06 18:08:44,7003.354528,133139,0.0526018261215722,TRUE
"4375","A69-1602-3111",4375,"Noordzeekanaal","Halfweg boezemzijde","VR2W-119056",52.391732,4.770434,2018-01-05 08:01:04,2018-01-05 09:25:54,67,NA,NA,NA,8765.893502,1689.752652,FALSE,8693.10718,56,2018-01-06 18:08:44,7003.354528,122860,0.0570027228390037,TRUE
"4376","A69-1602-3111",4376,"Noordzeekanaal","Halfweg boezemzijde","VR2W-119056",52.391732,4.770434,2018-01-05 10:52:31,2018-01-05 12:35:52,15,NA,NA,NA,8765.893502,1689.752652,FALSE,8693.10718,56,2018-01-06 18:08:44,7003.354528,112573,0.0622116717863076,TRUE
"4377","A69-1602-3111",4377,"Noordzeekanaal","Halfweg boezemzijde","VR2W-119056",52.391732,4.770434,2018-01-05 15:25:10,2018-01-05 20:02:14,237,NA,NA,NA,8765.893502,1689.752652,FALSE,NA,NA,NA,NA,NA,NA,TRUE
"4378","A69-1602-3111",4378,"Noordzeekanaal","Zwanenburg","VR2W-107052",52.369568,4.758351,2018-01-05 23:47:11,2018-01-06 02:38:25,108,13497,3538.070425,0.262138,12303.963927,-1989.722301,TRUE,8693.10718,56,2018-01-06 18:08:44,10682.829481,66093,0.161633296733391,TRUE
"4379","A69-1602-3111",4379,"Noordzeekanaal","Spaarne gemaal","VR2W-102057",52.410548,4.673446,2018-01-06 18:08:44,2018-01-15 10:32:16,11325,55819,10341.44653,0.185267,22645.410457,8693.10718,NA,NA,NA,NA,NA,NA,NA,TRUE
"4380","A69-1602-3112",4380,"Noordzeekanaal","rel_noordzeekanaal7","none",52.385734,4.749574,2017-10-12 11:00:00,2017-10-12 11:00:00,1,NA,NA,NA,0,0,TRUE,1689.752652,2,2017-10-12 14:16:41,1689.752652,11801,0.143187242776036,TRUE
"4381","A69-1602-3112",4381,"Noordzeekanaal","Halfweg boezemzijde","VR2W-119056",52.391732,4.770434,2017-10-12 14:16:41,2017-10-12 20:42:36,242,11801,1689.752652,0.143187,1689.752652,1689.752652,FALSE,NA,NA,NA,NA,NA,NA,TRUE
"4382","A69-1602-3112",4382,"Noordzeekanaal","Halfweg boezemzijde","VR2W-119056",52.391732,4.770434,2017-10-13 02:39:25,2017-10-13 03:17:04,2,NA,NA,NA,1689.752652,1689.752652,FALSE,NA,NA,NA,NA,NA,NA,TRUE
"4383","A69-1602-3112",4383,"Noordzeekanaal","Halfweg boezemzijde","VR2W-119056",52.391732,4.770434,2017-10-13 07:57:15,2017-10-13 07:57:15,1,NA,NA,NA,1689.752652,1689.752652,FALSE,NA,NA,NA,NA,NA,NA,TRUE
"4384","A69-1602-3112",4384,"Noordzeekanaal","Halfweg boezemzijde","VR2W-119056",52.391732,4.770434,2017-10-13 14:28:06,2017-10-13 15:51:20,8,NA,NA,NA,1689.752652,1689.752652,FALSE,NA,NA,NA,NA,NA,NA,TRUE
"4385","A69-1602-3112",4385,"Noordzeekanaal","Halfweg boezemzijde","VR2W-119056",52.391732,4.770434,2017-10-13 17:05:34,2017-10-14 06:01:10,581,NA,NA,NA,1689.752652,1689.752652,FALSE,NA,NA,NA,NA,NA,NA,TRUE
"4386","A69-1602-3112",4386,"Noordzeekanaal","Halfweg boezemzijde","VR2W-119056",52.391732,4.770434,2017-10-14 07:03:37,2017-10-14 08:27:30,28,NA,NA,NA,1689.752652,1689.752652,FALSE,NA,NA,NA,NA,NA,NA,TRUE
"4387","A69-1602-3112",4387,"Noordzeekanaal","Halfweg boezemzijde","VR2W-119056",52.391732,4.770434,2017-10-14 09:32:05,2017-10-14 22:40:37,590,NA,NA,NA,1689.752652,1689.752652,FALSE,NA,NA,NA,NA,NA,NA,TRUE
"4388","A69-1602-3112",4388,"Noordzeekanaal","Halfweg boezemzijde","VR2W-119056",52.391732,4.770434,2017-10-15 05:56:02,2017-10-15 06:24:08,26,NA,NA,NA,1689.752652,1689.752652,FALSE,NA,NA,NA,NA,NA,NA,TRUE
"4389","A69-1602-3112",4389,"Noordzeekanaal","Halfweg boezemzijde","VR2W-119056",52.391732,4.770434,2017-10-15 07:29:19,2017-10-15 07:29:19,1,NA,NA,NA,1689.752652,1689.752652,FALSE,NA,NA,NA,NA,NA,NA,TRUE
"4390","A69-1602-3112",4390,"Noordzeekanaal","Halfweg boezemzijde","VR2W-119056",52.391732,4.770434,2017-10-15 10:22:09,2017-10-15 12:04:56,23,NA,NA,NA,1689.752652,1689.752652,FALSE,NA,NA,NA,NA,NA,NA,TRUE
"4391","A69-1602-3112",4391,"Noordzeekanaal","Halfweg boezemzijde","VR2W-119056",52.391732,4.770434,2017-10-15 15:16:26,2017-10-15 22:44:42,393,NA,NA,NA,1689.752652,1689.752652,FALSE,NA,NA,NA,NA,NA,NA,TRUE
"4392","A69-1602-3112",4392,"Noordzeekanaal","Halfweg boezemzijde","VR2W-119056",52.391732,4.770434,2017-10-16 04:57:43,2017-10-16 04:57:43,1,NA,NA,NA,1689.752652,1689.752652,FALSE,NA,NA,NA,NA,NA,NA,TRUE
"4393","A69-1602-3112",4393,"Noordzeekanaal","Halfweg boezemzijde","VR2W-119056",52.391732,4.770434,2017-10-16 13:39:48,2017-10-18 02:41:30,2380,NA,NA,NA,1689.752652,1689.752652,FALSE,NA,NA,NA,NA,NA,NA,TRUE
"4394","A69-1602-3112",4394,"Noordzeekanaal","Halfweg boezemzijde","VR2W-119056",52.391732,4.770434,2017-10-18 04:41:11,2017-10-20 01:38:36,2786,NA,NA,NA,1689.752652,1689.752652,FALSE,NA,NA,NA,NA,NA,NA,TRUE
"4395","A69-1602-3112",4395,"Noordzeekanaal","Halfweg boezemzijde","VR2W-119056",52.391732,4.770434,2017-10-20 17:03:56,2017-10-22 00:01:15,1166,NA,NA,NA,1689.752652,1689.752652,FALSE,NA,NA,NA,NA,NA,NA,TRUE
"4396","A69-1602-3112",4396,"Noordzeekanaal","Halfweg boezemzijde","VR2W-119056",52.391732,4.770434,2017-10-22 15:11:11,2017-10-23 06:11:03,694,NA,NA,NA,1689.752652,1689.752652,FALSE,NA,NA,NA,NA,NA,NA,TRUE
"4397","A69-1602-3112",4397,"Noordzeekanaal","Halfweg boezemzijde","VR2W-119056",52.391732,4.770434,2017-10-23 14:01:04,2017-10-24 05:05:51,576,NA,NA,NA,1689.752652,1689.752652,FALSE,NA,NA,NA,NA,NA,NA,TRUE
"4398","A69-1602-3112",4398,"Noordzeekanaal","Halfweg boezemzijde","VR2W-119056",52.391732,4.770434,2017-10-24 06:32:49,2017-10-24 08:27:49,11,NA,NA,NA,1689.752652,1689.752652,FALSE,NA,NA,NA,NA,NA,NA,TRUE
"4399","A69-1602-3112",4399,"Noordzeekanaal","Halfweg boezemzijde","VR2W-119056",52.391732,4.770434,2017-10-24 14:01:38,2017-10-25 02:06:04,243,NA,NA,NA,1689.752652,1689.752652,FALSE,NA,NA,NA,NA,NA,NA,TRUE
"4400","A69-1602-3112",4400,"Noordzeekanaal","Halfweg boezemzijde","VR2W-119056",52.391732,4.770434,2017-10-25 05:50:37,2017-10-25 05:50:37,1,NA,NA,NA,1689.752652,1689.752652,FALSE,NA,NA,NA,NA,NA,NA,TRUE
"4401","A69-1602-3112",4401,"Noordzeekanaal","Halfweg boezemzijde","VR2W-119056",52.391732,4.770434,2017-10-25 08:08:05,2017-10-25 09:05:27,3,NA,NA,NA,1689.752652,1689.752652,FALSE,NA,NA,NA,NA,NA,NA,TRUE
"4402","A69-1602-3112",4402,"Noordzeekanaal","Halfweg boezemzijde","VR2W-119056",52.391732,4.770434,2017-10-25 15:27:06,2017-10-25 22:03:17,215,NA,NA,NA,1689.752652,1689.752652,FALSE,NA,NA,NA,NA,NA,NA,TRUE
"4403","A69-1602-3112",4403,"Noordzeekanaal","Halfweg boezemzijde","VR2W-119056",52.391732,4.770434,2017-10-26 04:18:54,2017-10-27 03:31:54,690,NA,NA,NA,1689.752652,1689.752652,FALSE,NA,NA,NA,NA,NA,NA,TRUE
"4404","A69-1602-3112",4404,"Noordzeekanaal","Halfweg boezemzijde","VR2W-119056",52.391732,4.770434,2017-10-27 04:33:29,2017-10-27 06:02:41,36,NA,NA,NA,1689.752652,1689.752652,FALSE,NA,NA,NA,NA,NA,NA,TRUE
"4405","A69-1602-3112",4405,"Noordzeekanaal","Halfweg boezemzijde","VR2W-119056",52.391732,4.770434,2017-10-27 14:08:40,2017-10-27 16:32:44,46,NA,NA,NA,1689.752652,1689.752652,FALSE,NA,NA,NA,NA,NA,NA,TRUE
"4406","A69-1602-3112",4406,"Noordzeekanaal","Halfweg boezemzijde","VR2W-119056",52.391732,4.770434,2017-10-27 17:43:42,2017-10-27 20:10:53,73,NA,NA,NA,1689.752652,1689.752652,FALSE,NA,NA,NA,NA,NA,NA,TRUE
"4407","A69-1602-3112",4407,"Noordzeekanaal","Halfweg boezemzijde","VR2W-119056",52.391732,4.770434,2017-10-27 21:23:58,2017-10-27 23:00:58,10,NA,NA,NA,1689.752652,1689.752652,FALSE,NA,NA,NA,NA,NA,NA,TRUE
"4408","A69-1602-3112",4408,"Noordzeekanaal","Halfweg boezemzijde","VR2W-119056",52.391732,4.770434,2017-10-28 04:06:29,2017-10-28 05:29:47,12,NA,NA,NA,1689.752652,1689.752652,FALSE,NA,NA,NA,NA,NA,NA,TRUE
"4409","A69-1602-3112",4409,"Noordzeekanaal","Halfweg boezemzijde","VR2W-119056",52.391732,4.770434,2017-10-28 07:19:42,2017-10-28 08:33:25,15,NA,NA,NA,1689.752652,1689.752652,FALSE,NA,NA,NA,NA,NA,NA,TRUE
"4410","A69-1602-3112",4410,"Noordzeekanaal","Halfweg boezemzijde","VR2W-119056",52.391732,4.770434,2017-10-28 09:49:40,2017-10-28 10:49:10,12,NA,NA,NA,1689.752652,1689.752652,FALSE,NA,NA,NA,NA,NA,NA,TRUE
"4411","A69-1602-3112",4411,"Noordzeekanaal","Halfweg boezemzijde","VR2W-119056",52.391732,4.770434,2017-10-28 12:15:13,2017-10-28 20:04:26,224,NA,NA,NA,1689.752652,1689.752652,FALSE,NA,NA,NA,NA,NA,NA,TRUE
"4412","A69-1602-3112",4412,"Noordzeekanaal","Halfweg boezemzijde","VR2W-119056",52.391732,4.770434,2017-10-29 01:01:49,2017-10-29 01:42:16,6,NA,NA,NA,1689.752652,1689.752652,FALSE,NA,NA,NA,NA,NA,NA,TRUE
"4413","A69-1602-3112",4413,"Noordzeekanaal","Halfweg boezemzijde","VR2W-119056",52.391732,4.770434,2017-10-29 07:11:07,2017-10-30 06:04:32,840,NA,NA,NA,1689.752652,1689.752652,FALSE,NA,NA,NA,NA,NA,NA,TRUE
"4414","A69-1602-3112",4414,"Noordzeekanaal","Halfweg boezemzijde","VR2W-119056",52.391732,4.770434,2017-10-30 17:23:01,2017-10-31 23:25:18,1452,NA,NA,NA,1689.752652,1689.752652,FALSE,NA,NA,NA,NA,NA,NA,TRUE
"4415","A69-1602-3112",4415,"Noordzeekanaal","Halfweg boezemzijde","VR2W-119056",52.391732,4.770434,2017-11-01 00:56:26,2017-11-01 08:27:46,227,NA,NA,NA,1689.752652,1689.752652,FALSE,NA,NA,NA,NA,NA,NA,TRUE
"4416","A69-1602-3112",4416,"Noordzeekanaal","Halfweg boezemzijde","VR2W-119056",52.391732,4.770434,2017-11-01 09:34:12,2017-11-01 19:09:39,270,NA,NA,NA,1689.752652,1689.752652,FALSE,NA,NA,NA,NA,NA,NA,TRUE
"4417","A69-1602-3112",4417,"Noordzeekanaal","Halfweg boezemzijde","VR2W-119056",52.391732,4.770434,2017-11-01 21:14:32,2017-11-01 22:30:31,8,NA,NA,NA,1689.752652,1689.752652,FALSE,NA,NA,NA,NA,NA,NA,TRUE
"4418","A69-1602-3112",4418,"Noordzeekanaal","Halfweg boezemzijde","VR2W-119056",52.391732,4.770434,2017-11-02 10:43:37,2017-11-02 10:46:08,3,NA,NA,NA,1689.752652,1689.752652,FALSE,NA,NA,NA,NA,NA,NA,TRUE
"4419","A69-1602-3112",4419,"Noordzeekanaal","Halfweg boezemzijde","VR2W-119056",52.391732,4.770434,2017-11-02 12:33:24,2017-11-02 13:48:06,6,NA,NA,NA,1689.752652,1689.752652,FALSE,NA,NA,NA,NA,NA,NA,TRUE
"4420","A69-1602-3112",4420,"Noordzeekanaal","Halfweg boezemzijde","VR2W-119056",52.391732,4.770434,2017-11-02 14:53:46,2017-11-02 16:22:41,63,NA,NA,NA,1689.752652,1689.752652,FALSE,NA,NA,NA,NA,NA,NA,TRUE
"4421","A69-1602-3112",4421,"Noordzeekanaal","Halfweg boezemzijde","VR2W-119056",52.391732,4.770434,2017-11-02 17:26:42,2017-11-02 22:04:16,172,NA,NA,NA,1689.752652,1689.752652,FALSE,NA,NA,NA,NA,NA,NA,TRUE
"4422","A69-1602-3112",4422,"Noordzeekanaal","Halfweg boezemzijde","VR2W-119056",52.391732,4.770434,2017-11-03 13:00:07,2017-11-03 20:07:53,59,NA,NA,NA,1689.752652,1689.752652,FALSE,NA,NA,NA,NA,NA,NA,TRUE
"4423","A69-1602-3112",4423,"Noordzeekanaal","Halfweg boezemzijde","VR2W-119056",52.391732,4.770434,2017-11-03 23:52:48,2017-11-04 01:25:58,83,NA,NA,NA,1689.752652,1689.752652,FALSE,NA,NA,NA,NA,NA,NA,TRUE
"4424","A69-1602-3112",4424,"Noordzeekanaal","Halfweg boezemzijde","VR2W-119056",52.391732,4.770434,2017-11-04 03:17:22,2017-11-04 06:15:30,26,NA,NA,NA,1689.752652,1689.752652,FALSE,NA,NA,NA,NA,NA,NA,TRUE
"4425","A69-1602-3112",4425,"Noordzeekanaal","Halfweg boezemzijde","VR2W-119056",52.391732,4.770434,2017-11-05 11:41:14,2017-11-05 11:41:14,1,NA,NA,NA,1689.752652,1689.752652,FALSE,NA,NA,NA,NA,NA,NA,TRUE
"4426","A69-1602-3112",4426,"Noordzeekanaal","Halfweg boezemzijde","VR2W-119056",52.391732,4.770434,2017-11-05 13:04:14,2017-11-05 13:28:29,12,NA,NA,NA,1689.752652,1689.752652,FALSE,NA,NA,NA,NA,NA,NA,TRUE
"4427","A69-1602-3112",4427,"Noordzeekanaal","Halfweg boezemzijde","VR2W-119056",52.391732,4.770434,2017-11-05 14:56:21,2017-11-05 15:00:19,2,NA,NA,NA,1689.752652,1689.752652,FALSE,NA,NA,NA,NA,NA,NA,TRUE
"4428","A69-1602-3112",4428,"Noordzeekanaal","Halfweg boezemzijde","VR2W-119056",52.391732,4.770434,2017-11-05 16:07:01,2017-11-05 19:11:37,93,NA,NA,NA,1689.752652,1689.752652,FALSE,NA,NA,NA,NA,NA,NA,TRUE
"4429","A69-1602-3112",4429,"Noordzeekanaal","Halfweg boezemzijde","VR2W-119056",52.391732,4.770434,2017-11-07 08:02:57,2017-11-07 08:13:37,3,NA,NA,NA,1689.752652,1689.752652,FALSE,NA,NA,NA,NA,NA,NA,TRUE
"4430","A69-1602-3112",4430,"Noordzeekanaal","Halfweg boezemzijde","VR2W-119056",52.391732,4.770434,2017-11-07 09:13:52,2017-11-07 09:13:52,1,NA,NA,NA,1689.752652,1689.752652,FALSE,NA,NA,NA,NA,NA,NA,TRUE
"4431","A69-1602-3112",4431,"Noordzeekanaal","Halfweg boezemzijde","VR2W-119056",52.391732,4.770434,2017-11-07 14:04:09,2017-11-07 14:38:30,10,NA,NA,NA,1689.752652,1689.752652,FALSE,NA,NA,NA,NA,NA,NA,TRUE
"4432","A69-1602-3112",4432,"Noordzeekanaal","Halfweg boezemzijde","VR2W-119056",52.391732,4.770434,2017-11-07 15:42:31,2017-11-07 23:03:21,271,NA,NA,NA,1689.752652,1689.752652,FALSE,NA,NA,NA,NA,NA,NA,TRUE
"4433","A69-1602-3112",4433,"Noordzeekanaal","Halfweg boezemzijde","VR2W-119056",52.391732,4.770434,2017-11-08 15:06:55,2017-11-09 00:48:32,341,NA,NA,NA,1689.752652,1689.752652,FALSE,NA,NA,NA,NA,NA,NA,TRUE
"4434","A69-1602-3112",4434,"Noordzeekanaal","Halfweg boezemzijde","VR2W-119056",52.391732,4.770434,2017-11-09 01:50:23,2017-11-09 01:51:16,2,NA,NA,NA,1689.752652,1689.752652,FALSE,NA,NA,NA,NA,NA,NA,TRUE
"4435","A69-1602-3112",4435,"Noordzeekanaal","Halfweg boezemzijde","VR2W-119056",52.391732,4.770434,2017-11-09 06:05:08,2017-11-09 06:05:08,1,NA,NA,NA,1689.752652,1689.752652,FALSE,NA,NA,NA,NA,NA,NA,TRUE
"4436","A69-1602-3112",4436,"Noordzeekanaal","Halfweg boezemzijde","VR2W-119056",52.391732,4.770434,2017-11-09 15:37:17,2017-11-09 23:03:06,291,NA,NA,NA,1689.752652,1689.752652,FALSE,NA,NA,NA,NA,NA,NA,TRUE
"4437","A69-1602-3112",4437,"Noordzeekanaal","Halfweg boezemzijde","VR2W-119056",52.391732,4.770434,2017-11-10 00:46:43,2017-11-10 01:01:15,5,NA,NA,NA,1689.752652,1689.752652,FALSE,NA,NA,NA,NA,NA,NA,TRUE
"4438","A69-1602-3112",4438,"Noordzeekanaal","Halfweg boezemzijde","VR2W-119056",52.391732,4.770434,2017-11-10 15:38:26,2017-11-10 23:01:57,325,NA,NA,NA,1689.752652,1689.752652,FALSE,NA,NA,NA,NA,NA,NA,TRUE
"4439","A69-1602-3112",4439,"Noordzeekanaal","Halfweg boezemzijde","VR2W-119056",52.391732,4.770434,2017-11-11 08:09:44,2017-11-11 08:57:30,14,NA,NA,NA,1689.752652,1689.752652,FALSE,NA,NA,NA,NA,NA,NA,TRUE
"4440","A69-1602-3112",4440,"Noordzeekanaal","Halfweg boezemzijde","VR2W-119056",52.391732,4.770434,2017-11-11 15:02:25,2017-11-11 21:31:28,243,NA,NA,NA,1689.752652,1689.752652,FALSE,NA,NA,NA,NA,NA,NA,TRUE
"4441","A69-1602-3112",4441,"Noordzeekanaal","Halfweg boezemzijde","VR2W-119056",52.391732,4.770434,2017-11-12 12:20:23,2017-11-12 12:56:46,6,NA,NA,NA,1689.752652,1689.752652,FALSE,NA,NA,NA,NA,NA,NA,TRUE
"4442","A69-1602-3112",4442,"Noordzeekanaal","Halfweg boezemzijde","VR2W-119056",52.391732,4.770434,2017-11-12 14:19:29,2017-11-12 14:24:52,4,NA,NA,NA,1689.752652,1689.752652,FALSE,NA,NA,NA,NA,NA,NA,TRUE
"4443","A69-1602-3112",4443,"Noordzeekanaal","Halfweg boezemzijde","VR2W-119056",52.391732,4.770434,2017-11-12 15:53:03,2017-11-12 17:04:43,27,NA,NA,NA,1689.752652,1689.752652,FALSE,NA,NA,NA,NA,NA,NA,TRUE
"4444","A69-1602-3112",4444,"Noordzeekanaal","Halfweg boezemzijde","VR2W-119056",52.391732,4.770434,2017-11-13 15:06:48,2017-11-14 01:04:05,510,NA,NA,NA,1689.752652,1689.752652,FALSE,NA,NA,NA,NA,NA,NA,TRUE
"4445","A69-1602-3112",4445,"Noordzeekanaal","Halfweg boezemzijde","VR2W-119056",52.391732,4.770434,2017-11-16 17:39:17,2017-11-16 18:24:01,11,NA,NA,NA,1689.752652,1689.752652,FALSE,NA,NA,NA,NA,NA,NA,TRUE
"4446","A69-1602-3112",4446,"Noordzeekanaal","Halfweg boezemzijde","VR2W-119056",52.391732,4.770434,2017-11-16 22:29:09,2017-11-17 00:45:32,47,NA,NA,NA,1689.752652,1689.752652,FALSE,NA,NA,NA,NA,NA,NA,TRUE
"4447","A69-1602-3112",4447,"Noordzeekanaal","Halfweg boezemzijde","VR2W-119056",52.391732,4.770434,2017-11-17 02:19:30,2017-11-17 02:52:21,39,NA,NA,NA,1689.752652,1689.752652,FALSE,NA,NA,NA,NA,NA,NA,TRUE
"4448","A69-1602-3112",4448,"Noordzeekanaal","Halfweg boezemzijde","VR2W-119056",52.391732,4.770434,2017-11-17 17:07:01,2017-11-17 17:10:01,2,NA,NA,NA,1689.752652,1689.752652,FALSE,NA,NA,NA,NA,NA,NA,TRUE
"4449","A69-1602-3112",4449,"Noordzeekanaal","Halfweg boezemzijde","VR2W-119056",52.391732,4.770434,2017-11-20 17:00:57,2017-11-21 00:57:09,353,NA,NA,NA,1689.752652,1689.752652,FALSE,NA,NA,NA,NA,NA,NA,TRUE
"4450","A69-1602-3112",4450,"Noordzeekanaal","Halfweg boezemzijde","VR2W-119056",52.391732,4.770434,2017-11-21 16:03:36,2017-11-21 17:32:39,117,NA,NA,NA,1689.752652,1689.752652,FALSE,NA,NA,NA,NA,NA,NA,TRUE
"4451","A69-1602-3112",4451,"Noordzeekanaal","Halfweg boezemzijde","VR2W-119056",52.391732,4.770434,2017-11-21 22:25:36,2017-11-21 22:47:44,9,NA,NA,NA,1689.752652,1689.752652,FALSE,NA,NA,NA,NA,NA,NA,TRUE
"4452","A69-1602-3112",4452,"Noordzeekanaal","Halfweg boezemzijde","VR2W-119056",52.391732,4.770434,2017-11-22 00:45:58,2017-11-22 03:37:38,106,NA,NA,NA,1689.752652,1689.752652,FALSE,NA,NA,NA,NA,NA,NA,TRUE
"4453","A69-1602-3112",4453,"Noordzeekanaal","Halfweg boezemzijde","VR2W-119056",52.391732,4.770434,2017-11-22 04:46:52,2017-11-22 05:14:06,29,NA,NA,NA,1689.752652,1689.752652,FALSE,NA,NA,NA,NA,NA,NA,TRUE
"4454","A69-1602-3112",4454,"Noordzeekanaal","Halfweg boezemzijde","VR2W-119056",52.391732,4.770434,2017-11-22 20:02:09,2017-11-22 21:23:24,64,NA,NA,NA,1689.752652,1689.752652,FALSE,NA,NA,NA,NA,NA,NA,TRUE
"4455","A69-1602-3112",4455,"Noordzeekanaal","Halfweg boezemzijde","VR2W-119056",52.391732,4.770434,2017-11-24 16:05:13,2017-11-24 19:32:29,251,NA,NA,NA,1689.752652,1689.752652,FALSE,NA,NA,NA,NA,NA,NA,TRUE
"4456","A69-1602-3112",4456,"Noordzeekanaal","Halfweg boezemzijde","VR2W-119056",52.391732,4.770434,2017-11-26 20:38:48,2017-11-26 21:09:39,15,NA,NA,NA,1689.752652,1689.752652,FALSE,NA,NA,NA,NA,NA,NA,TRUE
"4457","A69-1602-3112",4457,"Noordzeekanaal","Halfweg boezemzijde","VR2W-119056",52.391732,4.770434,2017-11-27 04:13:08,2017-11-27 04:35:50,7,NA,NA,NA,1689.752652,1689.752652,FALSE,NA,NA,NA,NA,NA,NA,TRUE
"4458","A69-1602-3112",4458,"Noordzeekanaal","Halfweg boezemzijde","VR2W-119056",52.391732,4.770434,2017-12-03 16:12:51,2017-12-03 20:59:27,150,NA,NA,NA,1689.752652,1689.752652,FALSE,NA,NA,NA,NA,NA,NA,TRUE
"4459","A69-1602-3112",4459,"Noordzeekanaal","Halfweg boezemzijde","VR2W-119056",52.391732,4.770434,2017-12-04 16:19:13,2017-12-04 21:04:42,227,NA,NA,NA,1689.752652,1689.752652,FALSE,NA,NA,NA,NA,NA,NA,TRUE
"4460","A69-1602-3112",4460,"Noordzeekanaal","Halfweg boezemzijde","VR2W-119056",52.391732,4.770434,2017-12-05 19:02:52,2017-12-06 03:04:29,163,NA,NA,NA,1689.752652,1689.752652,FALSE,NA,NA,NA,NA,NA,NA,TRUE
"4461","A69-1602-3112",4461,"Noordzeekanaal","Halfweg boezemzijde","VR2W-119056",52.391732,4.770434,2017-12-06 05:23:17,2017-12-06 05:57:24,3,NA,NA,NA,1689.752652,1689.752652,FALSE,NA,NA,NA,NA,NA,NA,TRUE
"4462","A69-1602-3112",4462,"Noordzeekanaal","Halfweg boezemzijde","VR2W-119056",52.391732,4.770434,2017-12-06 19:48:49,2017-12-06 20:38:39,46,NA,NA,NA,1689.752652,1689.752652,FALSE,NA,NA,NA,NA,NA,NA,TRUE
"4463","A69-1602-3112",4463,"Noordzeekanaal","Halfweg boezemzijde","VR2W-119056",52.391732,4.770434,2017-12-14 18:22:54,2017-12-17 20:32:48,4334,NA,NA,NA,1689.752652,1689.752652,FALSE,NA,NA,NA,NA,NA,NA,TRUE
"4464","A69-1602-3112",4464,"Noordzeekanaal","Halfweg boezemzijde","VR2W-119056",52.391732,4.770434,2017-12-17 21:41:09,2017-12-18 07:15:17,567,NA,NA,NA,1689.752652,1689.752652,FALSE,NA,NA,NA,NA,NA,NA,TRUE
"4465","A69-1602-3112",4465,"Noordzeekanaal","Halfweg boezemzijde","VR2W-119056",52.391732,4.770434,2017-12-18 08:58:06,2017-12-19 19:33:25,2076,NA,NA,NA,1689.752652,1689.752652,FALSE,NA,NA,NA,NA,NA,NA,TRUE
"4466","A69-1602-3112",4466,"Noordzeekanaal","Halfweg boezemzijde","VR2W-119056",52.391732,4.770434,2017-12-19 20:37:18,2017-12-20 01:33:45,65,NA,NA,NA,1689.752652,1689.752652,FALSE,NA,NA,NA,NA,NA,NA,TRUE
"4467","A69-1602-3112",4467,"Noordzeekanaal","Halfweg boezemzijde","VR2W-119056",52.391732,4.770434,2017-12-20 04:40:37,2017-12-24 02:04:48,6816,NA,NA,NA,1689.752652,1689.752652,NA,NA,NA,NA,NA,NA,NA,TRUE
"4468","A69-1602-3112",4468,"Noordzeekanaal","Halfweg NZKzijde","VR2W-120098",52.394583,4.772506,2017-12-24 04:50:39,2017-12-24 05:54:05,33,9951,482.787479,0.048516,2172.540131,2172.54013,FALSE,NA,NA,NA,NA,NA,NA,TRUE
"4469","A69-1602-3112",4469,"Noordzeekanaal","Halfweg NZKzijde","VR2W-120098",52.394583,4.772506,2017-12-24 07:01:31,2017-12-24 11:02:10,258,NA,NA,NA,2172.540131,2172.54013,NA,NA,NA,NA,NA,NA,NA,TRUE
"4470","A69-1602-3113",4470,"Noordzeekanaal","rel_noordzeekanaal7","none",52.385734,4.749574,2017-10-24 11:00:00,2017-10-24 11:00:00,1,NA,NA,NA,0,0,TRUE,1689.752652,2,2017-10-24 11:22:02,1689.752652,1322,1.27817901059002,TRUE
"4471","A69-1602-3113",4471,"Noordzeekanaal","Halfweg boezemzijde","VR2W-119056",52.391732,4.770434,2017-10-24 11:22:02,2017-10-24 11:35:04,7,1322,1689.752652,1.278179,1689.752652,1689.752652,FALSE,16459.109571,7,2017-11-23 01:57:04,14769.356919,2558102,0.00577356060039826,TRUE
"4472","A69-1602-3113",4472,"Noordzeekanaal","Halfweg boezemzijde","VR2W-119056",52.391732,4.770434,2017-10-24 14:00:42,2017-10-24 17:58:03,197,NA,NA,NA,1689.752652,1689.752652,FALSE,16459.109571,7,2017-11-23 01:57:04,14769.356919,2548582,0.0057951272193714,TRUE
"4473","A69-1602-3113",4473,"Noordzeekanaal","Halfweg boezemzijde","VR2W-119056",52.391732,4.770434,2017-10-24 19:10:17,2017-10-30 09:11:51,7876,NA,NA,NA,1689.752652,1689.752652,FALSE,16459.109571,7,2017-11-23 01:57:04,14769.356919,2530007,0.00583767433015007,TRUE
"4474","A69-1602-3113",4474,"Noordzeekanaal","Halfweg boezemzijde","VR2W-119056",52.391732,4.770434,2017-10-30 10:14:50,2017-11-02 12:33:05,3106,NA,NA,NA,1689.752652,1689.752652,FALSE,16459.109571,7,2017-11-23 01:57:04,14769.356919,2043734,0.00722665323324856,TRUE
"4475","A69-1602-3113",4475,"Noordzeekanaal","Halfweg boezemzijde","VR2W-119056",52.391732,4.770434,2017-11-02 13:54:42,2017-11-21 02:05:05,32318,NA,NA,NA,1689.752652,1689.752652,FALSE,16459.109571,7,2017-11-23 01:57:04,14769.356919,1771342,0.00833794767978177,TRUE
"4476","A69-1602-3113",4476,"Noordzeekanaal","Noordzeekanaal","VR2W-114164",52.465232,4.633992,2017-11-23 01:57:04,2017-11-23 02:35:52,51,172319,14769.356919,0.085709,16459.109571,16459.109571,TRUE,18783.100554,8,2017-11-23 02:36:02,2323.990983,2338,0.994008119332763,TRUE
"4477","A69-1602-3113",4477,"Noordzeekanaal","Middensluis NZK","VR2W-132417",52.465373,4.601803,2017-11-23 02:36:02,2017-11-23 02:36:02,1,10,2323.990983,232.399098,18783.100554,18783.100554,FALSE,NA,NA,NA,NA,NA,NA,TRUE
"4478","A69-1602-3113",4478,"Noordzeekanaal","Noordzeekanaal","VR2W-114165",52.462798,4.633995,2017-11-23 02:36:25,2017-11-23 02:45:09,8,23,2323.990983,101.043086,21107.091537,16459.109571,TRUE,18066.028569,10,2017-11-23 03:01:07,1606.918998,1482,1.08429082186235,TRUE
"4479","A69-1602-3113",4479,"Noordzeekanaal","Grote sluis NZK","VR2W-114178",52.467488,4.613347,2017-11-23 03:01:07,2017-11-23 03:46:51,26,958,1606.918999,1.677368,22714.010536,18066.028569,TRUE,19341.612956,11,2017-11-23 03:49:18,1275.584387,2891,0.441226007263923,TRUE
"4480","A69-1602-3113",4480,"Noordzeekanaal","Kleine sluis NZK","VR2W-132415",52.464559,4.592909,2017-11-23 03:49:18,2017-11-23 07:35:11,205,147,1524.085346,10.367928,24238.095882,19341.612956,FALSE,200830.994385,14,2017-11-29 12:55:28,181489.381429,551170,0.329280224665711,TRUE
"4481","A69-1602-3113",4481,"Noordzeekanaal","Kleine sluis NZK","VR2W-132415",52.464559,4.592909,2017-11-23 16:05:40,2017-11-23 18:01:38,69,NA,NA,NA,24238.095882,19341.612956,TRUE,200830.994385,14,2017-11-29 12:55:28,181489.381429,506988,0.357975694550956,TRUE
"4482","A69-1602-3113",4482,"Noordzeekanaal","Middensluis Noordzee","VR2W-132410",52.46629,4.592332,2017-11-23 19:38:29,2017-11-23 19:58:02,44,5811,141.405031,0.024334,24379.500913,19483.017987,TRUE,200830.994385,14,2017-11-29 12:55:28,181347.976398,494219,0.366938495683088,TRUE
"4483","A69-1602-3113",4483,"Noordzeekanaal","bpns-WENDUINEBANKW","VR2W-123827",51.287167,2.879166667,2017-11-29 12:55:28,2017-11-29 12:59:29,4,493046,181513.643704,0.368147,205893.144617,200830.994385,NA,NA,NA,NA,NA,NA,NA,TRUE
"4484","A69-1602-3114",4484,"Noordzeekanaal","rel_noordzeekanaal7","none",52.385734,4.749574,2017-10-24 11:00:00,2017-10-24 11:00:00,1,NA,NA,NA,0,0,TRUE,1689.752652,2,2017-10-24 11:43:09,1689.752652,2589,0.652666146002317,TRUE
"4485","A69-1602-3114",4485,"Noordzeekanaal","Halfweg boezemzijde","VR2W-119056",52.391732,4.770434,2017-10-24 11:43:09,2017-10-24 11:43:09,1,2589,1689.752652,0.652666,1689.752652,1689.752652,FALSE,8693.10718,7,2017-11-06 23:25:20,7003.354528,1165331,0.00600975562136423,TRUE
"4486","A69-1602-3114",4486,"Noordzeekanaal","Halfweg boezemzijde","VR2W-119056",52.391732,4.770434,2017-10-24 13:58:56,2017-10-24 16:45:27,56,NA,NA,NA,1689.752652,1689.752652,FALSE,8693.10718,7,2017-11-06 23:25:20,7003.354528,1157184,0.00605206650627731,TRUE
"4487","A69-1602-3114",4487,"Noordzeekanaal","Halfweg boezemzijde","VR2W-119056",52.391732,4.770434,2017-10-25 00:27:59,2017-10-25 01:47:51,34,NA,NA,NA,1689.752652,1689.752652,FALSE,8693.10718,7,2017-11-06 23:25:20,7003.354528,1119441,0.00625611758726007,TRUE
"4488","A69-1602-3114",4488,"Noordzeekanaal","Halfweg boezemzijde","VR2W-119056",52.391732,4.770434,2017-10-25 17:29:47,2017-10-25 19:43:07,66,NA,NA,NA,1689.752652,1689.752652,FALSE,8693.10718,7,2017-11-06 23:25:20,7003.354528,1058133,0.0066185957039427,TRUE
"4489","A69-1602-3114",4489,"Noordzeekanaal","Halfweg boezemzijde","VR2W-119056",52.391732,4.770434,2017-10-25 21:03:41,2017-10-25 22:39:21,57,NA,NA,NA,1689.752652,1689.752652,FALSE,8693.10718,7,2017-11-06 23:25:20,7003.354528,1045299,0.00669985767517237,TRUE
"4490","A69-1602-3114",4490,"Noordzeekanaal","Spaarne gemaal","VR2W-102057",52.410548,4.673446,2017-11-06 23:25:20,2017-11-07 01:49:42,32,1039559,10382.859832,0.009988,12072.612484,8693.10718,FALSE,16459.109571,13,2017-11-22 00:04:26,7766.002391,1298346,0.0059814582484176,TRUE
"4491","A69-1602-3114",4491,"Noordzeekanaal","Spaarne gemaal","VR2W-102057",52.410548,4.673446,2017-11-07 03:21:13,2017-11-07 04:55:51,30,NA,NA,NA,12072.612484,8693.10718,FALSE,16459.109571,13,2017-11-22 00:04:26,7766.002391,1284193,0.00604737947567071,TRUE
"4492","A69-1602-3114",4492,"Noordzeekanaal","Spaarne gemaal","VR2W-102057",52.410548,4.673446,2017-11-17 18:23:55,2017-11-18 02:56:13,407,NA,NA,NA,12072.612484,8693.10718,FALSE,16459.109571,13,2017-11-22 00:04:26,7766.002391,366031,0.0212167887173491,TRUE
"4493","A69-1602-3114",4493,"Noordzeekanaal","Spaarne gemaal","VR2W-102057",52.410548,4.673446,2017-11-18 04:01:31,2017-11-18 05:54:55,8,NA,NA,NA,12072.612484,8693.10718,FALSE,16459.109571,13,2017-11-22 00:04:26,7766.002391,331375,0.0234356918626933,TRUE
"4494","A69-1602-3114",4494,"Noordzeekanaal","Spaarne gemaal","VR2W-102057",52.410548,4.673446,2017-11-20 16:35:23,2017-11-20 17:45:37,38,NA,NA,NA,12072.612484,8693.10718,TRUE,16459.109571,13,2017-11-22 00:04:26,7766.002391,113343,0.0685177063515171,TRUE
"4495","A69-1602-3114",4495,"Noordzeekanaal","Zijkanaal C kom","VR2W-102053",52.41411,4.682403,2017-11-20 20:32:04,2017-11-20 20:44:28,15,9987,724.181218,0.072512,12796.793702,9251.623106,TRUE,16459.109571,13,2017-11-22 00:04:26,7207.486465,99142,0.072698618799298,TRUE
"4496","A69-1602-3114",4496,"Noordzeekanaal","Noordzeekanaal","VR2W-114165",52.462798,4.633995,2017-11-22 00:04:26,2017-11-22 00:58:49,55,98398,8158.857053,0.082917,20955.650755,16459.109571,TRUE,18066.028569,14,2017-11-22 01:10:32,1606.918998,3966,0.405173726172465,TRUE
"4497","A69-1602-3114",4497,"Noordzeekanaal","Grote sluis NZK","VR2W-114178",52.467488,4.613347,2017-11-22 01:10:32,2017-11-22 01:21:44,7,703,1606.918999,2.285802,22562.569754,18066.028569,FALSE,NA,NA,NA,NA,NA,NA,TRUE
"4498","A69-1602-3114",4498,"Noordzeekanaal","Noordzeekanaal","VR2W-114165",52.462798,4.633995,2017-11-22 01:51:49,2017-11-22 06:08:38,339,1805,1606.918999,0.89026,24169.488753,16459.109571,TRUE,18783.100554,16,2017-11-22 16:54:26,2323.990983,54157,0.0429121070775708,TRUE
"4499","A69-1602-3114",4499,"Noordzeekanaal","Middensluis NZK","VR2W-132417",52.465373,4.601803,2017-11-22 16:54:26,2017-11-22 23:42:11,226,38748,2323.990983,0.059977,26493.479736,18783.100554,FALSE,NA,NA,NA,NA,NA,NA,TRUE
"4500","A69-1602-3114",4500,"Noordzeekanaal","Middensluis NZK","VR2W-132417",52.465373,4.601803,2017-11-23 04:35:40,2017-11-23 04:38:25,3,NA,NA,NA,26493.479736,18783.100554,FALSE,NA,NA,NA,NA,NA,NA,TRUE
"4501","A69-1602-3114",4501,"Noordzeekanaal","Middensluis NZK","VR2W-132417",52.465373,4.601803,2017-11-23 15:34:48,2017-11-23 15:34:48,1,NA,NA,NA,26493.479736,18783.100554,FALSE,NA,NA,NA,NA,NA,NA,TRUE
"4502","A69-1602-3114",4502,"Noordzeekanaal","Middensluis NZK","VR2W-132417",52.465373,4.601803,2017-11-23 16:38:44,2017-11-23 16:55:11,5,NA,NA,NA,26493.479736,18783.100554,FALSE,NA,NA,NA,NA,NA,NA,TRUE
"4503","A69-1602-3114",4503,"Noordzeekanaal","Middensluis NZK","VR2W-132417",52.465373,4.601803,2017-11-23 18:15:42,2017-11-23 18:15:42,1,NA,NA,NA,26493.479736,18783.100554,FALSE,NA,NA,NA,NA,NA,NA,TRUE
"4504","A69-1602-3114",4504,"Noordzeekanaal","Middensluis NZK","VR2W-132417",52.465373,4.601803,2017-11-23 19:19:07,2017-11-24 06:26:56,185,NA,NA,NA,26493.479736,18783.100554,FALSE,NA,NA,NA,NA,NA,NA,TRUE
"4505","A69-1602-3114",4505,"Noordzeekanaal","Middensluis NZK","VR2W-132417",52.465373,4.601803,2017-11-24 07:27:03,2017-11-24 07:32:52,2,NA,NA,NA,26493.479736,18783.100554,FALSE,NA,NA,NA,NA,NA,NA,TRUE
"4506","A69-1602-3114",4506,"Noordzeekanaal","Middensluis NZK","VR2W-132417",52.465373,4.601803,2017-11-24 23:17:36,2017-11-25 00:23:59,7,NA,NA,NA,26493.479736,18783.100554,FALSE,NA,NA,NA,NA,NA,NA,TRUE
"4507","A69-1602-3114",4507,"Noordzeekanaal","Middensluis NZK","VR2W-132417",52.465373,4.601803,2017-11-25 01:41:29,2017-11-25 06:15:42,19,NA,NA,NA,26493.479736,18783.100554,FALSE,NA,NA,NA,NA,NA,NA,TRUE
"4508","A69-1602-3114",4508,"Noordzeekanaal","Middensluis NZK","VR2W-132417",52.465373,4.601803,2017-11-25 07:58:29,2017-11-25 07:58:29,1,NA,NA,NA,26493.479736,18783.100554,FALSE,NA,NA,NA,NA,NA,NA,TRUE
"4509","A69-1602-3114",4509,"Noordzeekanaal","Middensluis NZK","VR2W-132417",52.465373,4.601803,2017-11-28 23:23:51,2017-11-29 02:56:43,123,NA,NA,NA,26493.479736,18783.100554,NA,NA,NA,NA,NA,NA,NA,TRUE
"4510","A69-1602-3114",4510,"Noordzeekanaal","Kleine sluis Noordzee","VR2W-132413",52.463762,4.587267,2017-11-29 03:04:09,2017-11-29 04:52:44,129,446,1082.7157,2.427614,27576.195436,19700.148948,NA,NA,NA,NA,NA,NA,NA,TRUE
"4511","A69-1602-3115",4511,"Noordzeekanaal","rel_noordzeekanaal7","none",52.385734,4.749574,2017-10-24 11:00:00,2017-10-24 11:00:00,1,NA,NA,NA,0,0,TRUE,1689.752652,2,2017-10-24 11:23:49,1689.752652,1429,1.18247211476557,TRUE
"4512","A69-1602-3115",4512,"Noordzeekanaal","Halfweg boezemzijde","VR2W-119056",52.391732,4.770434,2017-10-24 11:23:49,2017-10-24 12:18:58,9,1429,1689.752652,1.182472,1689.752652,1689.752652,FALSE,NA,NA,NA,NA,NA,NA,TRUE
"4513","A69-1602-3115",4513,"Noordzeekanaal","Zwanenburg","VR2W-107052",52.369568,4.758351,2017-10-28 19:26:25,2017-10-28 20:44:42,95,371247,3538.070425,0.00953,5227.823077,-1989.722301,TRUE,1689.752652,4,2017-10-28 22:45:06,3679.474953,11921,0.308654890780975,TRUE
"4514","A69-1602-3115",4514,"Noordzeekanaal","Halfweg boezemzijde","VR2W-119056",52.391732,4.770434,2017-10-28 22:45:06,2017-10-29 00:56:08,83,7224,3538.070425,0.489766,8765.893502,1689.752652,TRUE,16459.109571,5,2017-10-30 19:30:03,14769.356919,161097,0.0916799004264512,TRUE
"4515","A69-1602-3115",4515,"Noordzeekanaal","Noordzeekanaal","VR2W-114165",52.462798,4.633995,2017-10-30 19:30:03,2017-10-30 20:10:22,38,153235,14769.356919,0.096384,23535.250421,16459.109571,TRUE,18066.028569,6,2017-10-30 20:13:44,1606.918998,2621,0.613093856543303,TRUE
"4516","A69-1602-3115",4516,"Noordzeekanaal","Grote sluis NZK","VR2W-114178",52.467488,4.613347,2017-10-30 20:13:44,2017-10-30 20:15:23,3,202,1606.918999,7.955045,25142.16942,18066.028569,FALSE,NA,NA,NA,NA,NA,NA,TRUE
"4517","A69-1602-3115",4517,"Noordzeekanaal","Noordzeekanaal","VR2W-114165",52.462798,4.633995,2017-10-30 20:16:37,2017-10-30 20:16:37,1,74,1606.918999,21.715122,26749.088419,16459.109571,TRUE,18066.028569,8,2017-10-30 20:16:53,1606.918998,16,100.432437375,TRUE
"4518","A69-1602-3115",4518,"Noordzeekanaal","Grote sluis NZK","VR2W-114178",52.467488,4.613347,2017-10-30 20:16:53,2017-10-30 20:18:28,2,16,1606.918999,100.432437,28356.007418,18066.028569,FALSE,NA,NA,NA,NA,NA,NA,TRUE
"4519","A69-1602-3115",4519,"Noordzeekanaal","Noordzeekanaal","VR2W-114165",52.462798,4.633995,2017-10-30 20:21:50,2017-10-30 20:21:50,1,202,1606.918999,7.955045,29962.926417,16459.109571,TRUE,18066.028569,10,2017-10-30 20:23:02,1606.918998,72,22.3183194166666,TRUE
"4520","A69-1602-3115",4520,"Noordzeekanaal","Grote sluis NZK","VR2W-114178",52.467488,4.613347,2017-10-30 20:23:02,2017-10-30 22:30:16,93,72,1606.918999,22.318319,31569.845416,18066.028569,FALSE,19341.612956,41,2017-11-21 18:53:06,1275.584387,1895404,0.000672988126541889,TRUE
"4521","A69-1602-3115",4521,"Noordzeekanaal","Grote sluis NZK","VR2W-114178",52.467488,4.613347,2017-10-30 23:34:37,2017-10-31 02:53:16,30,NA,NA,NA,31569.845416,18066.028569,FALSE,19341.612956,41,2017-11-21 18:53:06,1275.584387,1883909,0.000677094481209019,TRUE
"4522","A69-1602-3115",4522,"Noordzeekanaal","Middensluis NZK","VR2W-132417",52.465373,4.601803,2017-11-03 20:02:04,2017-11-03 21:29:37,18,320928,882.739291,0.002751,32452.584707,18783.100554,FALSE,NA,NA,NA,NA,NA,NA,TRUE
"4523","A69-1602-3115",4523,"Noordzeekanaal","Grote sluis NZK","VR2W-114178",52.467488,4.613347,2017-11-03 22:36:05,2017-11-03 23:05:46,3,3988,882.739291,0.221349,33335.323998,18066.028569,FALSE,19341.612956,41,2017-11-21 18:53:06,1275.584387,1541821,0.000827323267097804,TRUE
"4524","A69-1602-3115",4524,"Noordzeekanaal","Grote sluis NZK","VR2W-114178",52.467488,4.613347,2017-11-04 00:21:29,2017-11-04 00:22:38,2,NA,NA,NA,33335.323998,18066.028569,FALSE,19341.612956,41,2017-11-21 18:53:06,1275.584387,1535497,0.000830730627933498,TRUE
"4525","A69-1602-3115",4525,"Noordzeekanaal","Grote sluis NZK","VR2W-114178",52.467488,4.613347,2017-11-04 01:52:40,2017-11-04 01:57:13,7,NA,NA,NA,33335.323998,18066.028569,FALSE,19341.612956,41,2017-11-21 18:53:06,1275.584387,1530026,0.000833701118150935,TRUE
"4526","A69-1602-3115",4526,"Noordzeekanaal","Grote sluis NZK","VR2W-114178",52.467488,4.613347,2017-11-07 18:43:24,2017-11-07 18:58:02,3,NA,NA,NA,33335.323998,18066.028569,FALSE,19341.612956,41,2017-11-21 18:53:06,1275.584387,1210182,0.00105404343065754,TRUE
"4527","A69-1602-3115",4527,"Noordzeekanaal","Grote sluis NZK","VR2W-114178",52.467488,4.613347,2017-11-08 03:04:06,2017-11-08 03:37:14,3,NA,NA,NA,33335.323998,18066.028569,FALSE,19341.612956,41,2017-11-21 18:53:06,1275.584387,1180140,0.00108087547833308,TRUE
"4528","A69-1602-3115",4528,"Noordzeekanaal","Grote sluis NZK","VR2W-114178",52.467488,4.613347,2017-11-08 04:49:13,2017-11-08 04:49:13,1,NA,NA,NA,33335.323998,18066.028569,FALSE,19341.612956,41,2017-11-21 18:53:06,1275.584387,1173833,0.00108668301794208,TRUE
"4529","A69-1602-3115",4529,"Noordzeekanaal","Grote sluis NZK","VR2W-114178",52.467488,4.613347,2017-11-09 16:36:10,2017-11-09 16:36:10,1,NA,NA,NA,33335.323998,18066.028569,FALSE,19341.612956,41,2017-11-21 18:53:06,1275.584387,1045016,0.00122063622662237,TRUE
"4530","A69-1602-3115",4530,"Noordzeekanaal","Grote sluis NZK","VR2W-114178",52.467488,4.613347,2017-11-09 17:49:36,2017-11-09 18:21:51,8,NA,NA,NA,33335.323998,18066.028569,FALSE,19341.612956,41,2017-11-21 18:53:06,1275.584387,1040610,0.00122580446757191,TRUE
"4531","A69-1602-3115",4531,"Noordzeekanaal","Grote sluis NZK","VR2W-114178",52.467488,4.613347,2017-11-09 20:19:08,2017-11-09 20:19:08,1,NA,NA,NA,33335.323998,18066.028569,FALSE,19341.612956,41,2017-11-21 18:53:06,1275.584387,1031638,0.00123646510403843,TRUE
"4532","A69-1602-3115",4532,"Noordzeekanaal","Grote sluis NZK","VR2W-114178",52.467488,4.613347,2017-11-11 20:19:22,2017-11-11 20:19:22,1,NA,NA,NA,33335.323998,18066.028569,FALSE,19341.612956,41,2017-11-21 18:53:06,1275.584387,858824,0.00148526867786648,TRUE
"4533","A69-1602-3115",4533,"Noordzeekanaal","Grote sluis NZK","VR2W-114178",52.467488,4.613347,2017-11-12 17:56:55,2017-11-12 19:05:01,11,NA,NA,NA,33335.323998,18066.028569,FALSE,19341.612956,41,2017-11-21 18:53:06,1275.584387,780971,0.00163333131063766,TRUE
"4534","A69-1602-3115",4534,"Noordzeekanaal","Grote sluis NZK","VR2W-114178",52.467488,4.613347,2017-11-14 16:31:33,2017-11-14 16:31:33,1,NA,NA,NA,33335.323998,18066.028569,FALSE,19341.612956,41,2017-11-21 18:53:06,1275.584387,613293,0.00207989392835073,TRUE
"4535","A69-1602-3115",4535,"Noordzeekanaal","Grote sluis NZK","VR2W-114178",52.467488,4.613347,2017-11-15 19:03:18,2017-11-15 20:03:06,22,NA,NA,NA,33335.323998,18066.028569,FALSE,19341.612956,41,2017-11-21 18:53:06,1275.584387,517788,0.0024635263602092,TRUE
"4536","A69-1602-3115",4536,"Noordzeekanaal","Grote sluis NZK","VR2W-114178",52.467488,4.613347,2017-11-16 15:56:08,2017-11-16 17:21:51,15,NA,NA,NA,33335.323998,18066.028569,FALSE,19341.612956,41,2017-11-21 18:53:06,1275.584387,442618,0.00288190807197177,TRUE
"4537","A69-1602-3115",4537,"Noordzeekanaal","Grote sluis NZK","VR2W-114178",52.467488,4.613347,2017-11-17 16:17:37,2017-11-17 18:27:53,70,NA,NA,NA,33335.323998,18066.028569,FALSE,19341.612956,41,2017-11-21 18:53:06,1275.584387,354929,0.00359391423918587,TRUE
"4538","A69-1602-3115",4538,"Noordzeekanaal","Grote sluis NZK","VR2W-114178",52.467488,4.613347,2017-11-19 19:22:42,2017-11-19 23:14:37,194,NA,NA,NA,33335.323998,18066.028569,FALSE,NA,NA,NA,NA,NA,NA,TRUE
"4539","A69-1602-3115",4539,"Noordzeekanaal","Noordzeekanaal","VR2W-114165",52.462798,4.633995,2017-11-19 23:18:44,2017-11-19 23:18:44,1,247,1606.918999,6.505745,34942.242997,16459.109571,TRUE,18066.028569,30,2017-11-19 23:22:13,1606.918998,209,7.688607645933,TRUE
"4540","A69-1602-3115",4540,"Noordzeekanaal","Grote sluis NZK","VR2W-114178",52.467488,4.613347,2017-11-19 23:22:13,2017-11-19 23:31:58,6,209,1606.918999,7.688608,36549.161996,18066.028569,FALSE,NA,NA,NA,NA,NA,NA,TRUE
"4541","A69-1602-3115",4541,"Noordzeekanaal","Noordzeekanaal","VR2W-114165",52.462798,4.633995,2017-11-19 23:32:02,2017-11-19 23:32:02,1,4,1606.918999,401.72975,38156.080995,16459.109571,TRUE,18066.028569,32,2017-11-19 23:32:34,1606.918998,32,50.2162186874999,TRUE
"4542","A69-1602-3115",4542,"Noordzeekanaal","Grote sluis NZK","VR2W-114178",52.467488,4.613347,2017-11-19 23:32:34,2017-11-20 01:45:31,73,32,1606.918999,50.216219,39762.999994,18066.028569,FALSE,NA,NA,NA,NA,NA,NA,TRUE
"4543","A69-1602-3115",4543,"Noordzeekanaal","Noordzeekanaal","VR2W-114165",52.462798,4.633995,2017-11-20 02:11:56,2017-11-20 02:11:56,1,1585,1606.918999,1.013829,41369.918993,16459.109571,TRUE,18066.028569,34,2017-11-20 02:12:14,1606.918998,18,89.2732776666665,TRUE
"4544","A69-1602-3115",4544,"Noordzeekanaal","Grote sluis NZK","VR2W-114178",52.467488,4.613347,2017-11-20 02:12:14,2017-11-20 04:30:29,42,18,1606.918999,89.273278,42976.837992,18066.028569,FALSE,19341.612956,41,2017-11-21 18:53:06,1275.584387,146452,0.00870991442247291,TRUE
"4545","A69-1602-3115",4545,"Noordzeekanaal","Grote sluis NZK","VR2W-114178",52.467488,4.613347,2017-11-20 16:18:06,2017-11-20 18:14:59,44,NA,NA,NA,42976.837992,18066.028569,TRUE,19341.612956,41,2017-11-21 18:53:06,1275.584387,95700,0.0133289904597701,TRUE
"4546","A69-1602-3115",4546,"Noordzeekanaal","Spuisluis NZK","VR2W-114167",52.470646,4.607811,2017-11-20 19:44:34,2017-11-20 20:04:43,4,5375,565.620125,0.105232,43542.458117,18631.648694,FALSE,19700.148948,44,2017-11-22 06:06:39,1068.500254,123725,0.00863609015154576,TRUE
"4547","A69-1602-3115",4547,"Noordzeekanaal","Spuisluis NZK","VR2W-114167",52.470646,4.607811,2017-11-20 22:46:14,2017-11-20 23:07:17,13,NA,NA,NA,43542.458117,18631.648694,FALSE,19700.148948,44,2017-11-22 06:06:39,1068.500254,112825,0.00947042104143584,TRUE
"4548","A69-1602-3115",4548,"Noordzeekanaal","Spuisluis NZK","VR2W-114167",52.470646,4.607811,2017-11-21 00:11:21,2017-11-21 02:30:50,116,NA,NA,NA,43542.458117,18631.648694,FALSE,19700.148948,44,2017-11-22 06:06:39,1068.500254,107718,0.00991942158227964,TRUE
"4549","A69-1602-3115",4549,"Noordzeekanaal","Spuisluis NZK","VR2W-114167",52.470646,4.607811,2017-11-21 10:56:29,2017-11-21 11:02:48,6,NA,NA,NA,43542.458117,18631.648694,FALSE,NA,NA,NA,NA,NA,NA,TRUE
"4550","A69-1602-3115",4550,"Noordzeekanaal","Grote sluis NZK","VR2W-114178",52.467488,4.613347,2017-11-21 18:00:40,2017-11-21 18:49:58,36,25072,565.620125,0.02256,44108.078242,18066.028569,TRUE,19341.612956,41,2017-11-21 18:53:06,1275.584387,3146,0.405462297202798,TRUE
"4551","A69-1602-3115",4551,"Noordzeekanaal","Kleine sluis NZK","VR2W-132415",52.464559,4.592909,2017-11-21 18:53:06,2017-11-21 22:17:08,165,188,1524.085346,8.106837,45632.163588,19341.612956,FALSE,NA,NA,NA,NA,NA,NA,TRUE
"4552","A69-1602-3115",4552,"Noordzeekanaal","Grote sluis NZK","VR2W-114178",52.467488,4.613347,2017-11-21 22:33:13,2017-11-21 23:12:14,36,965,1524.085346,1.579363,47156.248934,18066.028569,FALSE,19700.148948,44,2017-11-22 06:06:39,1634.120379,27206,0.0600647055428949,TRUE
"4553","A69-1602-3115",4553,"Noordzeekanaal","Grote sluis NZK","VR2W-114178",52.467488,4.613347,2017-11-22 01:19:27,2017-11-22 05:41:14,186,NA,NA,NA,47156.248934,18066.028569,TRUE,19700.148948,44,2017-11-22 06:06:39,1634.120379,17232,0.0948305698119777,TRUE
"4554","A69-1602-3115",4554,"Noordzeekanaal","Kleine sluis Noordzee","VR2W-132413",52.463762,4.587267,2017-11-22 06:06:39,2017-11-22 06:06:39,1,1525,1965.454991,1.288823,49121.703925,19700.148948,NA,NA,NA,NA,NA,NA,NA,TRUE
"4555","A69-1602-3116",4555,"Noordzeekanaal","rel_noordzeekanaal7","none",52.385734,4.749574,2017-10-24 11:00:00,2017-10-24 11:00:00,1,NA,NA,NA,0,0,FALSE,1689.752652,2,2017-10-26 16:58:33,1689.752652,194313,0.00869603501567059,FALSE
"4556","A69-1602-3116",4556,"Noordzeekanaal","Halfweg boezemzijde","VR2W-119056",52.391732,4.770434,2017-10-26 16:58:33,2017-10-27 03:07:27,414,194313,1689.752652,0.008696,1689.752652,1689.752652,TRUE,8693.10718,3,2017-10-27 22:30:09,7003.354528,106296,0.0658854004666215,TRUE
"4557","A69-1602-3116",4557,"Noordzeekanaal","Spaarne gemaal","VR2W-102057",52.410548,4.673446,2017-10-27 22:30:09,2017-10-27 23:19:17,2,69762,10382.859832,0.148833,12072.612484,8693.10718,FALSE,NA,NA,NA,NA,NA,NA,TRUE
"4558","A69-1602-3116",4558,"Noordzeekanaal","Spaarne gemaal","VR2W-102057",52.410548,4.673446,2017-10-29 17:59:04,2017-10-29 21:27:27,16,NA,NA,NA,12072.612484,8693.10718,FALSE,NA,NA,NA,NA,NA,NA,TRUE
"4559","A69-1602-3116",4559,"Noordzeekanaal","Spaarne gemaal","VR2W-102057",52.410548,4.673446,2017-10-30 02:59:33,2017-10-30 05:21:50,108,NA,NA,NA,12072.612484,8693.10718,FALSE,NA,NA,NA,NA,NA,NA,TRUE
"4560","A69-1602-3116",4560,"Noordzeekanaal","Spaarne gemaal","VR2W-102057",52.410548,4.673446,2017-11-07 20:21:51,2017-11-07 23:43:58,47,NA,NA,NA,12072.612484,8693.10718,FALSE,NA,NA,NA,NA,NA,NA,TRUE
"4561","A69-1602-3116",4561,"Noordzeekanaal","Spaarne gemaal","VR2W-102057",52.410548,4.673446,2017-11-08 01:19:08,2017-11-08 06:27:03,97,NA,NA,NA,12072.612484,8693.10718,FALSE,NA,NA,NA,NA,NA,NA,TRUE
"4562","A69-1602-3116",4562,"Noordzeekanaal","Spaarne gemaal","VR2W-102057",52.410548,4.673446,2017-11-09 15:58:24,2017-11-09 16:27:16,5,NA,NA,NA,12072.612484,8693.10718,FALSE,NA,NA,NA,NA,NA,NA,TRUE
"4563","A69-1602-3116",4563,"Noordzeekanaal","Spaarne gemaal","VR2W-102057",52.410548,4.673446,2017-11-09 17:35:33,2017-11-09 17:38:42,2,NA,NA,NA,12072.612484,8693.10718,FALSE,NA,NA,NA,NA,NA,NA,TRUE
"4564","A69-1602-3116",4564,"Noordzeekanaal","Halfweg boezemzijde","VR2W-119056",52.391732,4.770434,2018-01-03 21:50:37,2018-01-04 11:34:56,754,4767115,10382.859832,0.002178,22455.472316,1689.752652,FALSE,NA,NA,NA,NA,NA,NA,TRUE
"4565","A69-1602-3116",4565,"Noordzeekanaal","Halfweg boezemzijde","VR2W-119056",52.391732,4.770434,2018-01-04 13:00:58,2018-01-04 18:12:05,309,NA,NA,NA,22455.472316,1689.752652,FALSE,NA,NA,NA,NA,NA,NA,TRUE
"4566","A69-1602-3116",4566,"Noordzeekanaal","Halfweg boezemzijde","VR2W-119056",52.391732,4.770434,2018-01-04 21:32:16,2018-01-05 17:37:25,1419,NA,NA,NA,22455.472316,1689.752652,FALSE,NA,NA,NA,NA,NA,NA,TRUE
"4567","A69-1602-3116",4567,"Noordzeekanaal","Zwanenburg","VR2W-107052",52.369568,4.758351,2018-01-06 00:32:51,2018-01-06 01:14:14,40,24926,3538.070425,0.141943,25993.542741,-1989.722301,FALSE,1689.752652,15,2018-03-14 22:38:00,3679.474953,5868309,0.000627007704093292,TRUE
"4568","A69-1602-3116",4568,"Noordzeekanaal","Zwanenburg","VR2W-107052",52.369568,4.758351,2018-01-06 06:07:35,2018-01-06 06:30:24,25,NA,NA,NA,25993.542741,-1989.722301,FALSE,1689.752652,15,2018-03-14 22:38:00,3679.474953,5848225,0.000629160976706608,TRUE
"4569","A69-1602-3116",4569,"Noordzeekanaal","Halfweg boezemzijde","VR2W-119056",52.391732,4.770434,2018-03-14 22:38:00,2018-03-15 05:43:14,507,5846856,3538.070425,0.000605,29531.613166,1689.752652,FALSE,NA,NA,NA,NA,NA,NA,TRUE
"4570","A69-1602-3116",4570,"Noordzeekanaal","Halfweg boezemzijde","VR2W-119056",52.391732,4.770434,2018-03-16 01:35:54,2018-03-16 05:07:12,9,NA,NA,NA,29531.613166,1689.752652,FALSE,NA,NA,NA,NA,NA,NA,TRUE
"4571","A69-1602-3116",4571,"Noordzeekanaal","Halfweg boezemzijde","VR2W-119056",52.391732,4.770434,2018-03-16 06:14:50,2018-03-16 06:20:26,2,NA,NA,NA,29531.613166,1689.752652,FALSE,NA,NA,NA,NA,NA,NA,TRUE
"4572","A69-1602-3116",4572,"Noordzeekanaal","Halfweg boezemzijde","VR2W-119056",52.391732,4.770434,2018-03-16 08:19:15,2018-03-16 10:27:55,19,NA,NA,NA,29531.613166,1689.752652,FALSE,NA,NA,NA,NA,NA,NA,TRUE
"4573","A69-1602-3116",4573,"Noordzeekanaal","Halfweg boezemzijde","VR2W-119056",52.391732,4.770434,2018-03-16 12:42:45,2018-03-16 12:42:45,1,NA,NA,NA,29531.613166,1689.752652,FALSE,NA,NA,NA,NA,NA,NA,TRUE
"4574","A69-1602-3116",4574,"Noordzeekanaal","Halfweg boezemzijde","VR2W-119056",52.391732,4.770434,2018-03-16 14:51:29,2018-03-16 14:51:29,1,NA,NA,NA,29531.613166,1689.752652,FALSE,NA,NA,NA,NA,NA,NA,TRUE
"4575","A69-1602-3116",4575,"Noordzeekanaal","Halfweg boezemzijde","VR2W-119056",52.391732,4.770434,2018-03-16 16:24:11,2018-03-16 19:15:20,90,NA,NA,NA,29531.613166,1689.752652,FALSE,NA,NA,NA,NA,NA,NA,TRUE
"4576","A69-1602-3116",4576,"Noordzeekanaal","Halfweg boezemzijde","VR2W-119056",52.391732,4.770434,2018-03-16 22:00:29,2018-03-17 05:57:43,278,NA,NA,NA,29531.613166,1689.752652,FALSE,NA,NA,NA,NA,NA,NA,TRUE
"4577","A69-1602-3116",4577,"Noordzeekanaal","Halfweg boezemzijde","VR2W-119056",52.391732,4.770434,2018-03-17 18:34:42,2018-03-17 19:01:11,5,NA,NA,NA,29531.613166,1689.752652,FALSE,NA,NA,NA,NA,NA,NA,TRUE
"4578","A69-1602-3116",4578,"Noordzeekanaal","Halfweg boezemzijde","VR2W-119056",52.391732,4.770434,2018-03-17 21:23:01,2018-03-17 22:01:20,3,NA,NA,NA,29531.613166,1689.752652,FALSE,NA,NA,NA,NA,NA,NA,TRUE
"4579","A69-1602-3116",4579,"Noordzeekanaal","Halfweg boezemzijde","VR2W-119056",52.391732,4.770434,2018-03-17 23:29:10,2018-03-18 05:16:16,51,NA,NA,NA,29531.613166,1689.752652,FALSE,NA,NA,NA,NA,NA,NA,TRUE
"4580","A69-1602-3116",4580,"Noordzeekanaal","Halfweg boezemzijde","VR2W-119056",52.391732,4.770434,2018-03-19 14:10:22,2018-03-19 14:41:55,9,NA,NA,NA,29531.613166,1689.752652,NA,NA,NA,NA,NA,NA,NA,TRUE
"4581","A69-1602-3117",4581,"Noordzeekanaal","rel_noordzeekanaal7","none",52.385734,4.749574,2017-10-24 11:00:00,2017-10-24 11:00:00,1,NA,NA,NA,0,0,FALSE,1689.752652,2,2017-10-26 16:03:00,1689.752652,190980,0.00884779899465913,FALSE
"4582","A69-1602-3117",4582,"Noordzeekanaal","Halfweg boezemzijde","VR2W-119056",52.391732,4.770434,2017-10-26 16:03:00,2017-10-26 17:28:07,43,190980,1689.752652,0.008848,1689.752652,1689.752652,FALSE,16459.109571,50,2018-01-16 21:30:52,14769.356919,7104472,0.00207888171267337,FALSE
"4583","A69-1602-3117",4583,"Noordzeekanaal","Halfweg boezemzijde","VR2W-119056",52.391732,4.770434,2017-11-21 17:18:10,2017-11-21 17:24:37,6,NA,NA,NA,1689.752652,1689.752652,FALSE,16459.109571,50,2018-01-16 21:30:52,14769.356919,4853562,0.00304299335601358,FALSE
"4584","A69-1602-3117",4584,"Noordzeekanaal","Halfweg boezemzijde","VR2W-119056",52.391732,4.770434,2017-11-21 18:38:38,2017-11-21 19:16:51,16,NA,NA,NA,1689.752652,1689.752652,FALSE,16459.109571,50,2018-01-16 21:30:52,14769.356919,4848734,0.00304602333701952,FALSE
"4585","A69-1602-3117",4585,"Noordzeekanaal","Halfweg boezemzijde","VR2W-119056",52.391732,4.770434,2017-11-21 23:24:34,2017-11-21 23:26:05,2,NA,NA,NA,1689.752652,1689.752652,FALSE,16459.109571,50,2018-01-16 21:30:52,14769.356919,4831578,0.00305683917738677,FALSE
"4586","A69-1602-3117",4586,"Noordzeekanaal","Halfweg boezemzijde","VR2W-119056",52.391732,4.770434,2017-11-22 00:36:18,2017-11-22 00:46:13,7,NA,NA,NA,1689.752652,1689.752652,FALSE,16459.109571,50,2018-01-16 21:30:52,14769.356919,4827274,0.00305956465678145,FALSE
"4587","A69-1602-3117",4587,"Noordzeekanaal","Halfweg boezemzijde","VR2W-119056",52.391732,4.770434,2017-11-22 15:27:27,2017-11-22 17:23:10,140,NA,NA,NA,1689.752652,1689.752652,FALSE,16459.109571,50,2018-01-16 21:30:52,14769.356919,4773805,0.0030938333088595,FALSE
"4588","A69-1602-3117",4588,"Noordzeekanaal","Halfweg boezemzijde","VR2W-119056",52.391732,4.770434,2017-11-22 18:32:34,2017-11-22 23:29:22,206,NA,NA,NA,1689.752652,1689.752652,FALSE,16459.109571,50,2018-01-16 21:30:52,14769.356919,4762698,0.0031010483803508,FALSE
"4589","A69-1602-3117",4589,"Noordzeekanaal","Halfweg boezemzijde","VR2W-119056",52.391732,4.770434,2017-11-24 15:05:54,2017-11-24 16:58:33,98,NA,NA,NA,1689.752652,1689.752652,FALSE,16459.109571,50,2018-01-16 21:30:52,14769.356919,4602298,0.00320912659697395,FALSE
"4590","A69-1602-3117",4590,"Noordzeekanaal","Halfweg boezemzijde","VR2W-119056",52.391732,4.770434,2017-11-24 19:34:06,2017-11-24 21:44:35,71,NA,NA,NA,1689.752652,1689.752652,FALSE,16459.109571,50,2018-01-16 21:30:52,14769.356919,4586206,0.00322038672466959,FALSE
"4591","A69-1602-3117",4591,"Noordzeekanaal","Halfweg boezemzijde","VR2W-119056",52.391732,4.770434,2017-11-26 03:18:50,2017-11-26 03:18:50,1,NA,NA,NA,1689.752652,1689.752652,FALSE,16459.109571,50,2018-01-16 21:30:52,14769.356919,4471922,0.00330268661193107,FALSE
"4592","A69-1602-3117",4592,"Noordzeekanaal","Halfweg boezemzijde","VR2W-119056",52.391732,4.770434,2017-12-21 17:16:17,2017-12-21 19:02:30,8,NA,NA,NA,1689.752652,1689.752652,FALSE,16459.109571,50,2018-01-16 21:30:52,14769.356919,2261675,0.00653027376568251,FALSE
"4593","A69-1602-3117",4593,"Noordzeekanaal","Halfweg boezemzijde","VR2W-119056",52.391732,4.770434,2017-12-22 04:06:10,2017-12-22 04:06:10,1,NA,NA,NA,1689.752652,1689.752652,FALSE,16459.109571,50,2018-01-16 21:30:52,14769.356919,2222682,0.0066448357970236,FALSE
"4594","A69-1602-3117",4594,"Noordzeekanaal","Halfweg boezemzijde","VR2W-119056",52.391732,4.770434,2017-12-23 16:08:27,2017-12-23 17:03:49,37,NA,NA,NA,1689.752652,1689.752652,FALSE,16459.109571,50,2018-01-16 21:30:52,14769.356919,2092945,0.007056734371424,FALSE
"4595","A69-1602-3117",4595,"Noordzeekanaal","Halfweg boezemzijde","VR2W-119056",52.391732,4.770434,2017-12-23 19:31:15,2017-12-23 19:31:15,1,NA,NA,NA,1689.752652,1689.752652,FALSE,16459.109571,50,2018-01-16 21:30:52,14769.356919,2080777,0.00709800085208554,FALSE
"4596","A69-1602-3117",4596,"Noordzeekanaal","Halfweg boezemzijde","VR2W-119056",52.391732,4.770434,2017-12-25 05:10:36,2017-12-25 06:09:46,2,NA,NA,NA,1689.752652,1689.752652,FALSE,16459.109571,50,2018-01-16 21:30:52,14769.356919,1959616,0.00753686279301659,FALSE
"4597","A69-1602-3117",4597,"Noordzeekanaal","Halfweg boezemzijde","VR2W-119056",52.391732,4.770434,2017-12-25 17:51:44,2017-12-25 18:18:07,11,NA,NA,NA,1689.752652,1689.752652,FALSE,16459.109571,50,2018-01-16 21:30:52,14769.356919,1913948,0.00771669706752744,FALSE
"4598","A69-1602-3117",4598,"Noordzeekanaal","Halfweg boezemzijde","VR2W-119056",52.391732,4.770434,2017-12-26 01:14:31,2017-12-26 01:59:33,21,NA,NA,NA,1689.752652,1689.752652,FALSE,16459.109571,50,2018-01-16 21:30:52,14769.356919,1887381,0.00782531821555902,FALSE
"4599","A69-1602-3117",4599,"Noordzeekanaal","Halfweg boezemzijde","VR2W-119056",52.391732,4.770434,2017-12-26 03:46:38,2017-12-26 20:58:19,585,NA,NA,NA,1689.752652,1689.752652,FALSE,16459.109571,50,2018-01-16 21:30:52,14769.356919,1878254,0.00786334378577125,FALSE
"4600","A69-1602-3117",4600,"Noordzeekanaal","Halfweg boezemzijde","VR2W-119056",52.391732,4.770434,2017-12-27 02:30:31,2017-12-27 03:27:25,2,NA,NA,NA,1689.752652,1689.752652,FALSE,16459.109571,50,2018-01-16 21:30:52,14769.356919,1796421,0.0082215454612254,FALSE
"4601","A69-1602-3117",4601,"Noordzeekanaal","Halfweg boezemzijde","VR2W-119056",52.391732,4.770434,2017-12-27 04:44:52,2017-12-27 05:04:14,2,NA,NA,NA,1689.752652,1689.752652,FALSE,16459.109571,50,2018-01-16 21:30:52,14769.356919,1788360,0.00825860392706167,FALSE
"4602","A69-1602-3117",4602,"Noordzeekanaal","Halfweg boezemzijde","VR2W-119056",52.391732,4.770434,2017-12-27 06:21:45,2017-12-27 15:17:17,380,NA,NA,NA,1689.752652,1689.752652,FALSE,16459.109571,50,2018-01-16 21:30:52,14769.356919,1782547,0.00828553576371338,FALSE
"4603","A69-1602-3117",4603,"Noordzeekanaal","Halfweg boezemzijde","VR2W-119056",52.391732,4.770434,2017-12-27 18:05:11,2017-12-27 20:31:07,22,NA,NA,NA,1689.752652,1689.752652,FALSE,16459.109571,50,2018-01-16 21:30:52,14769.356919,1740341,0.00848647300672684,FALSE
"4604","A69-1602-3117",4604,"Noordzeekanaal","Halfweg boezemzijde","VR2W-119056",52.391732,4.770434,2017-12-27 21:35:12,2017-12-29 10:37:13,1029,NA,NA,NA,1689.752652,1689.752652,FALSE,16459.109571,50,2018-01-16 21:30:52,14769.356919,1727740,0.00854836776308936,FALSE
"4605","A69-1602-3117",4605,"Noordzeekanaal","Halfweg boezemzijde","VR2W-119056",52.391732,4.770434,2017-12-29 14:17:53,2017-12-30 08:43:21,198,NA,NA,NA,1689.752652,1689.752652,FALSE,16459.109571,50,2018-01-16 21:30:52,14769.356919,1581179,0.00934072418050075,FALSE
"4606","A69-1602-3117",4606,"Noordzeekanaal","Halfweg boezemzijde","VR2W-119056",52.391732,4.770434,2017-12-30 11:30:10,2017-12-30 12:06:16,3,NA,NA,NA,1689.752652,1689.752652,FALSE,16459.109571,50,2018-01-16 21:30:52,14769.356919,1504842,0.00981455655743261,FALSE
"4607","A69-1602-3117",4607,"Noordzeekanaal","Halfweg boezemzijde","VR2W-119056",52.391732,4.770434,2017-12-30 13:45:39,2017-12-30 17:57:52,40,NA,NA,NA,1689.752652,1689.752652,FALSE,16459.109571,50,2018-01-16 21:30:52,14769.356919,1496713,0.00986786172031645,FALSE
"4608","A69-1602-3117",4608,"Noordzeekanaal","Halfweg boezemzijde","VR2W-119056",52.391732,4.770434,2017-12-31 05:15:38,2017-12-31 05:29:51,2,NA,NA,NA,1689.752652,1689.752652,FALSE,16459.109571,50,2018-01-16 21:30:52,14769.356919,1440914,0.0102499919627403,FALSE
"4609","A69-1602-3117",4609,"Noordzeekanaal","Halfweg boezemzijde","VR2W-119056",52.391732,4.770434,2017-12-31 07:35:25,2017-12-31 08:59:08,4,NA,NA,NA,1689.752652,1689.752652,FALSE,16459.109571,50,2018-01-16 21:30:52,14769.356919,1432527,0.0103100024774402,FALSE
"4610","A69-1602-3117",4610,"Noordzeekanaal","Halfweg boezemzijde","VR2W-119056",52.391732,4.770434,2017-12-31 11:11:11,2017-12-31 11:11:11,1,NA,NA,NA,1689.752652,1689.752652,FALSE,16459.109571,50,2018-01-16 21:30:52,14769.356919,1419581,0.01040402549696,FALSE
"4611","A69-1602-3117",4611,"Noordzeekanaal","Halfweg boezemzijde","VR2W-119056",52.391732,4.770434,2017-12-31 14:24:19,2017-12-31 14:24:19,1,NA,NA,NA,1689.752652,1689.752652,FALSE,16459.109571,50,2018-01-16 21:30:52,14769.356919,1407993,0.0104896522347767,FALSE
"4612","A69-1602-3117",4612,"Noordzeekanaal","Halfweg boezemzijde","VR2W-119056",52.391732,4.770434,2017-12-31 20:28:03,2017-12-31 22:43:42,17,NA,NA,NA,1689.752652,1689.752652,FALSE,16459.109571,50,2018-01-16 21:30:52,14769.356919,1386169,0.010654802494501,FALSE
"4613","A69-1602-3117",4613,"Noordzeekanaal","Halfweg boezemzijde","VR2W-119056",52.391732,4.770434,2017-12-31 23:46:27,2018-01-01 02:34:25,6,NA,NA,NA,1689.752652,1689.752652,FALSE,16459.109571,50,2018-01-16 21:30:52,14769.356919,1374265,0.0107470952974863,FALSE
"4614","A69-1602-3117",4614,"Noordzeekanaal","Halfweg boezemzijde","VR2W-119056",52.391732,4.770434,2018-01-01 03:44:53,2018-01-01 04:12:26,2,NA,NA,NA,1689.752652,1689.752652,FALSE,16459.109571,50,2018-01-16 21:30:52,14769.356919,1359959,0.0108601486655112,FALSE
"4615","A69-1602-3117",4615,"Noordzeekanaal","Halfweg boezemzijde","VR2W-119056",52.391732,4.770434,2018-01-01 05:27:51,2018-01-01 05:32:34,3,NA,NA,NA,1689.752652,1689.752652,FALSE,16459.109571,50,2018-01-16 21:30:52,14769.356919,1353781,0.010909709117649,FALSE
"4616","A69-1602-3117",4616,"Noordzeekanaal","Halfweg boezemzijde","VR2W-119056",52.391732,4.770434,2018-01-01 06:43:43,2018-01-01 09:55:40,14,NA,NA,NA,1689.752652,1689.752652,FALSE,16459.109571,50,2018-01-16 21:30:52,14769.356919,1349229,0.0109465160613951,FALSE
"4617","A69-1602-3117",4617,"Noordzeekanaal","Halfweg boezemzijde","VR2W-119056",52.391732,4.770434,2018-01-01 11:05:41,2018-01-03 16:09:43,2891,NA,NA,NA,1689.752652,1689.752652,TRUE,16459.109571,50,2018-01-16 21:30:52,14769.356919,1333511,0.0110755418732954,TRUE
"4618","A69-1602-3117",4618,"Noordzeekanaal","Halfweg NZKzijde","VR2W-120098",52.394583,4.772506,2018-01-03 20:18:03,2018-01-03 21:19:26,66,14900,482.787479,0.032402,2172.540131,2172.54013,FALSE,16459.109571,50,2018-01-16 21:30:52,14286.569441,1127569,0.0126702396403236,TRUE
"4619","A69-1602-3117",4619,"Noordzeekanaal","Halfweg NZKzijde","VR2W-120098",52.394583,4.772506,2018-01-04 00:41:19,2018-01-04 00:44:57,2,NA,NA,NA,2172.540131,2172.54013,FALSE,16459.109571,50,2018-01-16 21:30:52,14286.569441,1111773,0.0128502575984486,TRUE
"4620","A69-1602-3117",4620,"Noordzeekanaal","Halfweg NZKzijde","VR2W-120098",52.394583,4.772506,2018-01-04 03:08:02,2018-01-04 03:20:58,2,NA,NA,NA,2172.540131,2172.54013,FALSE,16459.109571,50,2018-01-16 21:30:52,14286.569441,1102970,0.0129528177928683,TRUE
"4621","A69-1602-3117",4621,"Noordzeekanaal","Halfweg NZKzijde","VR2W-120098",52.394583,4.772506,2018-01-04 04:29:38,2018-01-04 06:53:19,13,NA,NA,NA,2172.540131,2172.54013,FALSE,16459.109571,50,2018-01-16 21:30:52,14286.569441,1098074,0.0130105707274737,TRUE
"4622","A69-1602-3117",4622,"Noordzeekanaal","Halfweg NZKzijde","VR2W-120098",52.394583,4.772506,2018-01-04 08:18:16,2018-01-04 08:18:16,1,NA,NA,NA,2172.540131,2172.54013,FALSE,16459.109571,50,2018-01-16 21:30:52,14286.569441,1084356,0.0131751652049696,TRUE
"4623","A69-1602-3117",4623,"Noordzeekanaal","Halfweg NZKzijde","VR2W-120098",52.394583,4.772506,2018-01-04 10:30:11,2018-01-04 10:30:11,1,NA,NA,NA,2172.540131,2172.54013,FALSE,16459.109571,50,2018-01-16 21:30:52,14286.569441,1076441,0.0132720413297152,TRUE
"4624","A69-1602-3117",4624,"Noordzeekanaal","Halfweg NZKzijde","VR2W-120098",52.394583,4.772506,2018-01-04 13:14:50,2018-01-04 13:28:54,6,NA,NA,NA,2172.540131,2172.54013,FALSE,16459.109571,50,2018-01-16 21:30:52,14286.569441,1066562,0.013394973232686,TRUE
"4625","A69-1602-3117",4625,"Noordzeekanaal","Halfweg NZKzijde","VR2W-120098",52.394583,4.772506,2018-01-04 14:50:20,2018-01-04 14:50:20,1,NA,NA,NA,2172.540131,2172.54013,FALSE,16459.109571,50,2018-01-16 21:30:52,14286.569441,1060832,0.0134673251193403,TRUE
"4626","A69-1602-3117",4626,"Noordzeekanaal","Halfweg NZKzijde","VR2W-120098",52.394583,4.772506,2018-01-05 09:20:13,2018-01-05 13:39:25,60,NA,NA,NA,2172.540131,2172.54013,FALSE,16459.109571,50,2018-01-16 21:30:52,14286.569441,994239,0.0143693512736877,TRUE
"4627","A69-1602-3117",4627,"Noordzeekanaal","Halfweg NZKzijde","VR2W-120098",52.394583,4.772506,2018-01-05 15:13:42,2018-01-05 16:53:05,42,NA,NA,NA,2172.540131,2172.54013,FALSE,16459.109571,50,2018-01-16 21:30:52,14286.569441,973030,0.0146825580310987,TRUE
"4628","A69-1602-3117",4628,"Noordzeekanaal","Halfweg NZKzijde","VR2W-120098",52.394583,4.772506,2018-01-05 18:45:01,2018-01-05 19:33:59,4,NA,NA,NA,2172.540131,2172.54013,FALSE,16459.109571,50,2018-01-16 21:30:52,14286.569441,960351,0.0148764039825022,TRUE
"4629","A69-1602-3117",4629,"Noordzeekanaal","Halfweg NZKzijde","VR2W-120098",52.394583,4.772506,2018-01-06 01:09:27,2018-01-06 05:36:35,69,NA,NA,NA,2172.540131,2172.54013,TRUE,16459.109571,50,2018-01-16 21:30:52,14286.569441,937285,0.0152425030177587,TRUE
"4630","A69-1602-3117",4630,"Noordzeekanaal","Noordzeekanaal","VR2W-114165",52.462798,4.633995,2018-01-16 21:30:52,2018-01-16 21:54:26,33,921257,14286.56944,0.015508,16459.109571,16459.109571,TRUE,18066.028569,51,2018-01-16 22:25:26,1606.918998,3274,0.490812155772754,TRUE
"4631","A69-1602-3117",4631,"Noordzeekanaal","Grote sluis NZK","VR2W-114178",52.467488,4.613347,2018-01-16 22:25:26,2018-01-17 01:25:52,96,1860,1606.918999,0.863935,18066.02857,18066.028569,NA,NA,NA,NA,NA,NA,NA,TRUE
"4632","A69-1602-3118",4632,"Noordzeekanaal","rel_noordzeekanaal7","none",52.385734,4.749574,2017-10-24 11:00:00,2017-10-24 11:00:00,1,NA,NA,NA,0,0,FALSE,NA,NA,NA,NA,NA,NA,FALSE
"4633","A69-1602-3118",4633,"Noordzeekanaal","Zwanenburg","VR2W-107052",52.369568,4.758351,2017-10-25 01:30:27,2017-10-25 03:14:56,89,52227,1989.722301,0.038098,1989.722301,-1989.722301,TRUE,8693.10718,3,2017-10-27 18:07:28,10682.829481,232621,0.0459237535777079,TRUE
"4634","A69-1602-3118",4634,"Noordzeekanaal","Spaarne gemaal","VR2W-102057",52.410548,4.673446,2017-10-27 18:07:28,2017-10-27 18:14:16,4,226352,10341.44653,0.045687,12331.168831,8693.10718,FALSE,16459.109571,10,2017-11-09 20:44:29,7766.002391,1132621,0.00685666466629173,TRUE
"4635","A69-1602-3118",4635,"Noordzeekanaal","Spaarne gemaal","VR2W-102057",52.410548,4.673446,2017-10-28 02:28:35,2017-10-28 03:58:50,93,NA,NA,NA,12331.168831,8693.10718,FALSE,16459.109571,10,2017-11-09 20:44:29,7766.002391,1102554,0.00704364810340355,TRUE
"4636","A69-1602-3118",4636,"Noordzeekanaal","Spaarne gemaal","VR2W-102057",52.410548,4.673446,2017-11-07 16:50:29,2017-11-07 19:44:08,97,NA,NA,NA,12331.168831,8693.10718,TRUE,16459.109571,10,2017-11-09 20:44:29,7766.002391,186840,0.0415649881770499,TRUE
"4637","A69-1602-3118",4637,"Noordzeekanaal","Spaarne sluis","VR2W-102063",52.412068,4.680792,2017-11-07 21:23:28,2017-11-07 22:41:00,10,5960,582.774677,0.097781,12913.943508,8934.500919,FALSE,16459.109571,10,2017-11-09 20:44:29,7524.608652,170461,0.0441426992215228,TRUE
"4638","A69-1602-3118",4638,"Noordzeekanaal","Spaarne sluis","VR2W-102063",52.412068,4.680792,2017-11-08 00:27:22,2017-11-08 04:18:22,45,NA,NA,NA,12913.943508,8934.500919,FALSE,16459.109571,10,2017-11-09 20:44:29,7524.608652,159427,0.0471978313083731,TRUE
"4639","A69-1602-3118",4639,"Noordzeekanaal","Spaarne sluis","VR2W-102063",52.412068,4.680792,2017-11-08 05:40:39,2017-11-08 19:26:49,600,NA,NA,NA,12913.943508,8934.500919,FALSE,16459.109571,10,2017-11-09 20:44:29,7524.608652,140630,0.053506425741307,TRUE
"4640","A69-1602-3118",4640,"Noordzeekanaal","Spaarne sluis","VR2W-102063",52.412068,4.680792,2017-11-08 20:50:07,2017-11-09 13:29:40,607,NA,NA,NA,12913.943508,8934.500919,TRUE,16459.109571,10,2017-11-09 20:44:29,7524.608652,86062,0.0874324167693059,TRUE
"4641","A69-1602-3118",4641,"Noordzeekanaal","Noordzeekanaal","VR2W-114165",52.462798,4.633995,2017-11-09 20:44:29,2017-11-09 21:25:34,54,26089,8475.97924,0.324887,21389.922748,16459.109571,TRUE,18066.028569,11,2017-11-09 21:43:52,1606.918998,3563,0.451001683412854,TRUE
"4642","A69-1602-3118",4642,"Noordzeekanaal","Grote sluis NZK","VR2W-114178",52.467488,4.613347,2017-11-09 21:43:52,2017-11-09 23:35:46,122,1098,1606.918999,1.463496,22996.841747,18066.028569,TRUE,178436.699259,13,2017-11-14 19:38:11,160370.67069,424459,0.377823701912317,TRUE
"4643","A69-1602-3118",4643,"Noordzeekanaal","Grote sluis Noordzee","VR2W-132414",52.466907,4.600546,2017-11-10 01:27:39,2017-11-10 01:43:23,30,6713,941.310669,0.140222,23938.152416,18924.505585,TRUE,178436.699259,13,2017-11-14 19:38:11,159512.193674,411032,0.388077311922186,TRUE
"4644","A69-1602-3118",4644,"Noordzeekanaal","PC4C-C05-2","VR2AR-546898",51.667924,2.801819,2017-11-14 19:38:11,2017-11-14 19:40:44,2,410088,159760.694633,0.389577,183698.847049,178436.699259,NA,NA,NA,NA,NA,NA,NA,TRUE
"4645","A69-1602-3119",4645,"Noordzeekanaal","rel_noordzeekanaal7","none",52.385734,4.749574,2017-10-24 11:00:00,2017-10-24 11:00:00,1,NA,NA,NA,0,0,FALSE,1689.752652,2,2017-11-23 01:25:18,1689.752652,2557518,0.000660700199177484,FALSE
"4646","A69-1602-3119",4646,"Noordzeekanaal","Halfweg boezemzijde","VR2W-119056",52.391732,4.770434,2017-11-23 01:25:18,2017-11-23 02:46:50,48,2557518,1689.752652,0.000661,1689.752652,1689.752652,FALSE,16459.109571,6,2017-12-22 05:25:23,14769.356919,2520005,0.00586084429157879,FALSE
"4647","A69-1602-3119",4647,"Noordzeekanaal","Halfweg boezemzijde","VR2W-119056",52.391732,4.770434,2017-11-23 04:03:13,2017-11-23 04:54:09,57,NA,NA,NA,1689.752652,1689.752652,FALSE,16459.109571,6,2017-12-22 05:25:23,14769.356919,2510530,0.00588296372439286,FALSE
"4648","A69-1602-3119",4648,"Noordzeekanaal","Halfweg boezemzijde","VR2W-119056",52.391732,4.770434,2017-11-23 18:04:48,2017-11-23 20:01:08,79,NA,NA,NA,1689.752652,1689.752652,FALSE,16459.109571,6,2017-12-22 05:25:23,14769.356919,2460035,0.00600371820685478,FALSE
"4649","A69-1602-3119",4649,"Noordzeekanaal","Halfweg boezemzijde","VR2W-119056",52.391732,4.770434,2017-11-23 23:00:28,2017-11-24 00:35:24,83,NA,NA,NA,1689.752652,1689.752652,FALSE,16459.109571,6,2017-12-22 05:25:23,14769.356919,2442295,0.00604732717341681,FALSE
"4650","A69-1602-3119",4650,"Noordzeekanaal","Noordzeekanaal","VR2W-114165",52.462798,4.633995,2017-12-22 05:25:23,2017-12-22 05:25:23,1,2436599,14769.356919,0.006061,16459.109571,16459.109571,FALSE,18066.028569,8,2017-12-22 07:11:01,1606.918998,6338,0.25353723540549,FALSE
"4651","A69-1602-3119",4651,"Noordzeekanaal","Noordzeekanaal","VR2W-114165",52.462798,4.633995,2017-12-22 06:29:52,2017-12-22 07:06:49,7,NA,NA,NA,16459.109571,16459.109571,TRUE,18066.028569,8,2017-12-22 07:11:01,1606.918998,2469,0.650837990279464,TRUE
"4652","A69-1602-3119",4652,"Noordzeekanaal","Grote sluis NZK","VR2W-114178",52.467488,4.613347,2017-12-22 07:11:01,2017-12-22 07:11:01,1,252,1606.918999,6.376663,18066.02857,18066.028569,FALSE,NA,NA,NA,NA,NA,NA,TRUE
"4653","A69-1602-3119",4653,"Noordzeekanaal","Noordzeekanaal","VR2W-114165",52.462798,4.633995,2017-12-22 07:11:32,2017-12-22 07:12:45,3,31,1606.918999,51.836097,19672.947569,16459.109571,TRUE,18066.028569,10,2017-12-22 07:16:56,1606.918998,324,4.95962653703703,TRUE
"4654","A69-1602-3119",4654,"Noordzeekanaal","Grote sluis NZK","VR2W-114178",52.467488,4.613347,2017-12-22 07:16:56,2017-12-22 07:16:56,1,251,1606.918999,6.402068,21279.866568,18066.028569,FALSE,NA,NA,NA,NA,NA,NA,TRUE
"4655","A69-1602-3119",4655,"Noordzeekanaal","Noordzeekanaal","VR2W-114164",52.465232,4.633992,2017-12-22 07:17:36,2017-12-22 07:48:59,3,40,1606.918999,40.172975,22886.785567,16459.109571,FALSE,18066.028569,13,2017-12-22 21:21:49,1606.918998,50653,0.0317240636882316,TRUE
"4656","A69-1602-3119",4656,"Noordzeekanaal","Noordzeekanaal","VR2W-114164",52.465232,4.633992,2017-12-22 20:26:22,2017-12-22 21:21:03,42,NA,NA,NA,22886.785567,16459.109571,TRUE,18066.028569,13,2017-12-22 21:21:49,1606.918998,3327,0.482993386834986,TRUE
"4657","A69-1602-3119",4657,"Noordzeekanaal","Grote sluis NZK","VR2W-114178",52.467488,4.613347,2017-12-22 21:21:49,2017-12-22 21:23:10,3,46,1606.918999,34.933022,24493.704566,18066.028569,FALSE,NA,NA,NA,NA,NA,NA,TRUE
"4658","A69-1602-3119",4658,"Noordzeekanaal","Noordzeekanaal","VR2W-114165",52.462798,4.633995,2017-12-22 21:23:40,2017-12-22 22:17:21,79,30,1606.918999,53.563967,26100.623565,16459.109571,TRUE,18066.028569,15,2017-12-22 22:19:30,1606.918998,3350,0.47967731283582,TRUE
"4659","A69-1602-3119",4659,"Noordzeekanaal","Grote sluis NZK","VR2W-114178",52.467488,4.613347,2017-12-22 22:19:30,2017-12-22 22:19:30,1,129,1606.918999,12.456736,27707.542564,18066.028569,FALSE,NA,NA,NA,NA,NA,NA,TRUE
"4660","A69-1602-3119",4660,"Noordzeekanaal","Noordzeekanaal","VR2W-114164",52.465232,4.633992,2017-12-22 22:23:35,2017-12-22 23:59:47,146,245,1606.918999,6.558853,29314.461563,16459.109571,TRUE,18066.028569,17,2017-12-23 00:01:06,1606.918998,5851,0.274640061186122,TRUE
"4661","A69-1602-3119",4661,"Noordzeekanaal","Grote sluis NZK","VR2W-114178",52.467488,4.613347,2017-12-23 00:01:06,2017-12-23 00:01:06,1,79,1606.918999,20.340747,30921.380562,18066.028569,FALSE,NA,NA,NA,NA,NA,NA,TRUE
"4662","A69-1602-3119",4662,"Noordzeekanaal","Noordzeekanaal","VR2W-114165",52.462798,4.633995,2017-12-23 00:01:17,2017-12-23 00:01:17,1,11,1606.918999,146.083545,32528.299561,16459.109571,TRUE,18066.028569,19,2017-12-23 00:02:25,1606.918998,68,23.6311617352941,TRUE
"4663","A69-1602-3119",4663,"Noordzeekanaal","Grote sluis NZK","VR2W-114178",52.467488,4.613347,2017-12-23 00:02:25,2017-12-23 00:03:01,2,68,1606.918999,23.631162,34135.21856,18066.028569,FALSE,NA,NA,NA,NA,NA,NA,TRUE
"4664","A69-1602-3119",4664,"Noordzeekanaal","Noordzeekanaal","VR2W-114164",52.465232,4.633992,2017-12-23 00:03:20,2017-12-23 00:09:16,11,19,1606.918999,84.574684,35742.137559,16459.109571,TRUE,18066.028569,21,2017-12-23 00:10:20,1606.918998,420,3.82599761428571,TRUE
"4665","A69-1602-3119",4665,"Noordzeekanaal","Grote sluis NZK","VR2W-114178",52.467488,4.613347,2017-12-23 00:10:20,2017-12-23 00:10:20,1,64,1606.918999,25.108109,37349.056558,18066.028569,FALSE,NA,NA,NA,NA,NA,NA,TRUE
"4666","A69-1602-3119",4666,"Noordzeekanaal","Noordzeekanaal","VR2W-114165",52.462798,4.633995,2017-12-23 00:10:37,2017-12-23 00:10:37,1,17,1606.918999,94.524647,38955.975557,16459.109571,TRUE,18066.028569,23,2017-12-23 00:10:57,1606.918998,20,80.3459498999999,TRUE
"4667","A69-1602-3119",4667,"Noordzeekanaal","Grote sluis NZK","VR2W-114178",52.467488,4.613347,2017-12-23 00:10:57,2017-12-23 00:10:57,1,20,1606.918999,80.34595,40562.894556,18066.028569,FALSE,NA,NA,NA,NA,NA,NA,TRUE
"4668","A69-1602-3119",4668,"Noordzeekanaal","Noordzeekanaal","VR2W-114164",52.465232,4.633992,2017-12-23 00:10:58,2017-12-23 00:17:39,18,1,1606.918999,1606.918999,42169.813555,16459.109571,TRUE,18066.028569,25,2017-12-23 00:17:50,1606.918998,412,3.90028883009708,TRUE
"4669","A69-1602-3119",4669,"Noordzeekanaal","Grote sluis NZK","VR2W-114178",52.467488,4.613347,2017-12-23 00:17:50,2017-12-23 00:17:50,1,11,1606.918999,146.083545,43776.732554,18066.028569,FALSE,NA,NA,NA,NA,NA,NA,TRUE
"4670","A69-1602-3119",4670,"Noordzeekanaal","Noordzeekanaal","VR2W-114165",52.462798,4.633995,2017-12-23 00:17:54,2017-12-23 00:19:30,6,4,1606.918999,401.72975,45383.651553,16459.109571,TRUE,18066.028569,27,2017-12-23 00:19:33,1606.918998,99,16.231505030303,TRUE
"4671","A69-1602-3119",4671,"Noordzeekanaal","Grote sluis NZK","VR2W-114178",52.467488,4.613347,2017-12-23 00:19:33,2017-12-23 00:19:33,1,3,1606.918999,535.639666,46990.570552,18066.028569,FALSE,NA,NA,NA,NA,NA,NA,TRUE
"4672","A69-1602-3119",4672,"Noordzeekanaal","Noordzeekanaal","VR2W-114165",52.462798,4.633995,2017-12-23 00:19:56,2017-12-23 00:19:56,1,23,1606.918999,69.866043,48597.489551,16459.109571,TRUE,18066.028569,29,2017-12-23 00:20:48,1606.918998,52,30.9022884230769,TRUE
"4673","A69-1602-3119",4673,"Noordzeekanaal","Grote sluis NZK","VR2W-114178",52.467488,4.613347,2017-12-23 00:20:48,2017-12-23 00:20:48,1,52,1606.918999,30.902288,50204.40855,18066.028569,FALSE,NA,NA,NA,NA,NA,NA,TRUE
"4674","A69-1602-3119",4674,"Noordzeekanaal","Noordzeekanaal","VR2W-114165",52.462798,4.633995,2017-12-23 00:21:18,2017-12-23 01:57:38,153,30,1606.918999,53.563967,51811.327549,16459.109571,TRUE,18066.028569,31,2017-12-23 01:57:48,1606.918998,5790,0.277533505699481,TRUE
"4675","A69-1602-3119",4675,"Noordzeekanaal","Grote sluis NZK","VR2W-114178",52.467488,4.613347,2017-12-23 01:57:48,2017-12-23 01:57:48,1,10,1606.918999,160.6919,53418.246548,18066.028569,FALSE,NA,NA,NA,NA,NA,NA,TRUE
"4676","A69-1602-3119",4676,"Noordzeekanaal","Noordzeekanaal","VR2W-114165",52.462798,4.633995,2017-12-23 02:16:35,2017-12-23 02:16:55,2,1127,1606.918999,1.425838,55025.165547,16459.109571,TRUE,18066.028569,33,2017-12-23 02:18:08,1606.918998,93,17.2786989032258,TRUE
"4677","A69-1602-3119",4677,"Noordzeekanaal","Grote sluis NZK","VR2W-114178",52.467488,4.613347,2017-12-23 02:18:08,2017-12-23 02:30:00,4,73,1606.918999,22.012589,56632.084546,18066.028569,FALSE,NA,NA,NA,NA,NA,NA,TRUE
"4678","A69-1602-3119",4678,"Noordzeekanaal","Noordzeekanaal","VR2W-114165",52.462798,4.633995,2017-12-23 02:36:38,2017-12-23 03:15:05,17,398,1606.918999,4.037485,58239.003545,16459.109571,TRUE,18066.028569,35,2017-12-23 03:19:18,1606.918998,2560,0.627702733593749,TRUE
"4679","A69-1602-3119",4679,"Noordzeekanaal","Grote sluis NZK","VR2W-114178",52.467488,4.613347,2017-12-23 03:19:18,2017-12-23 05:41:45,78,253,1606.918999,6.351458,59845.922544,18066.028569,NA,NA,NA,NA,NA,NA,NA,TRUE
"4680","A69-1602-3119",4680,"Noordzeekanaal","Grote sluis Noordzee","VR2W-132414",52.466907,4.600546,2017-12-23 07:23:03,2017-12-23 08:18:52,100,6078,941.310669,0.154872,60787.233213,18924.505585,NA,NA,NA,NA,NA,NA,NA,TRUE
"4681","A69-1602-3120",4681,"Noordzeekanaal","rel_noordzeekanaal7","none",52.385734,4.749574,2017-10-24 11:00:00,2017-10-24 11:00:00,1,NA,NA,NA,0,0,TRUE,1689.752652,2,2017-10-24 15:31:15,1689.752652,16275,0.103825047741935,TRUE
"4682","A69-1602-3120",4682,"Noordzeekanaal","Halfweg boezemzijde","VR2W-119056",52.391732,4.770434,2017-10-24 15:31:15,2017-10-24 15:32:33,2,16275,1689.752652,0.103825,1689.752652,1689.752652,FALSE,NA,NA,NA,NA,NA,NA,TRUE
"4683","A69-1602-3120",4683,"Noordzeekanaal","Halfweg boezemzijde","VR2W-119056",52.391732,4.770434,2017-12-31 22:26:14,2018-01-01 00:56:15,143,NA,NA,NA,1689.752652,1689.752652,FALSE,NA,NA,NA,NA,NA,NA,TRUE
"4684","A69-1602-3120",4684,"Noordzeekanaal","Halfweg boezemzijde","VR2W-119056",52.391732,4.770434,2018-01-01 03:49:50,2018-01-01 06:15:50,34,NA,NA,NA,1689.752652,1689.752652,FALSE,NA,NA,NA,NA,NA,NA,TRUE
"4685","A69-1602-3120",4685,"Noordzeekanaal","Halfweg boezemzijde","VR2W-119056",52.391732,4.770434,2018-01-01 16:08:55,2018-01-02 18:44:26,1125,NA,NA,NA,1689.752652,1689.752652,FALSE,NA,NA,NA,NA,NA,NA,TRUE
"4686","A69-1602-3120",4686,"Noordzeekanaal","Halfweg boezemzijde","VR2W-119056",52.391732,4.770434,2018-01-02 20:58:47,2018-01-02 22:57:35,100,NA,NA,NA,1689.752652,1689.752652,FALSE,NA,NA,NA,NA,NA,NA,TRUE
"4687","A69-1602-3120",4687,"Noordzeekanaal","Halfweg boezemzijde","VR2W-119056",52.391732,4.770434,2018-01-03 03:03:36,2018-01-03 06:46:52,182,NA,NA,NA,1689.752652,1689.752652,FALSE,NA,NA,NA,NA,NA,NA,TRUE
"4688","A69-1602-3120",4688,"Noordzeekanaal","Halfweg boezemzijde","VR2W-119056",52.391732,4.770434,2018-01-03 15:32:03,2018-01-03 21:02:43,338,NA,NA,NA,1689.752652,1689.752652,FALSE,NA,NA,NA,NA,NA,NA,TRUE
"4689","A69-1602-3120",4689,"Noordzeekanaal","Halfweg boezemzijde","VR2W-119056",52.391732,4.770434,2018-01-03 23:09:08,2018-01-04 01:00:47,45,NA,NA,NA,1689.752652,1689.752652,FALSE,NA,NA,NA,NA,NA,NA,TRUE
"4690","A69-1602-3120",4690,"Noordzeekanaal","Halfweg boezemzijde","VR2W-119056",52.391732,4.770434,2018-01-04 02:14:55,2018-01-04 05:25:29,169,NA,NA,NA,1689.752652,1689.752652,FALSE,NA,NA,NA,NA,NA,NA,TRUE
"4691","A69-1602-3120",4691,"Noordzeekanaal","Halfweg boezemzijde","VR2W-119056",52.391732,4.770434,2018-01-04 16:25:52,2018-01-04 18:05:28,67,NA,NA,NA,1689.752652,1689.752652,FALSE,NA,NA,NA,NA,NA,NA,TRUE
"4692","A69-1602-3120",4692,"Noordzeekanaal","Halfweg boezemzijde","VR2W-119056",52.391732,4.770434,2018-01-04 20:59:56,2018-01-05 07:19:41,432,NA,NA,NA,1689.752652,1689.752652,FALSE,NA,NA,NA,NA,NA,NA,TRUE
"4693","A69-1602-3120",4693,"Noordzeekanaal","Halfweg boezemzijde","VR2W-119056",52.391732,4.770434,2018-01-05 09:07:13,2018-01-05 10:45:32,30,NA,NA,NA,1689.752652,1689.752652,FALSE,NA,NA,NA,NA,NA,NA,TRUE
"4694","A69-1602-3120",4694,"Noordzeekanaal","Halfweg boezemzijde","VR2W-119056",52.391732,4.770434,2018-01-05 13:51:11,2018-01-05 13:53:20,3,NA,NA,NA,1689.752652,1689.752652,FALSE,NA,NA,NA,NA,NA,NA,TRUE
"4695","A69-1602-3120",4695,"Noordzeekanaal","Halfweg boezemzijde","VR2W-119056",52.391732,4.770434,2018-01-05 15:38:06,2018-01-05 16:42:20,59,NA,NA,NA,1689.752652,1689.752652,FALSE,NA,NA,NA,NA,NA,NA,TRUE
"4696","A69-1602-3120",4696,"Noordzeekanaal","Halfweg boezemzijde","VR2W-119056",52.391732,4.770434,2018-01-05 19:20:57,2018-01-05 19:38:02,16,NA,NA,NA,1689.752652,1689.752652,FALSE,NA,NA,NA,NA,NA,NA,TRUE
"4697","A69-1602-3120",4697,"Noordzeekanaal","Halfweg boezemzijde","VR2W-119056",52.391732,4.770434,2018-01-31 18:36:42,2018-01-31 21:28:28,72,NA,NA,NA,1689.752652,1689.752652,FALSE,NA,NA,NA,NA,NA,NA,TRUE
"4698","A69-1602-3120",4698,"Noordzeekanaal","Halfweg boezemzijde","VR2W-119056",52.391732,4.770434,2018-02-02 16:49:36,2018-02-02 18:25:53,60,NA,NA,NA,1689.752652,1689.752652,FALSE,NA,NA,NA,NA,NA,NA,TRUE
"4699","A69-1602-3120",4699,"Noordzeekanaal","Halfweg boezemzijde","VR2W-119056",52.391732,4.770434,2018-02-03 13:51:50,2018-02-03 13:51:50,1,NA,NA,NA,1689.752652,1689.752652,FALSE,NA,NA,NA,NA,NA,NA,TRUE
"4700","A69-1602-3120",4700,"Noordzeekanaal","Halfweg boezemzijde","VR2W-119056",52.391732,4.770434,2018-02-04 12:53:05,2018-02-04 12:53:05,1,NA,NA,NA,1689.752652,1689.752652,FALSE,NA,NA,NA,NA,NA,NA,TRUE
"4701","A69-1602-3120",4701,"Noordzeekanaal","Halfweg boezemzijde","VR2W-119056",52.391732,4.770434,2018-02-05 17:53:05,2018-02-05 18:30:12,7,NA,NA,NA,1689.752652,1689.752652,FALSE,NA,NA,NA,NA,NA,NA,TRUE
"4702","A69-1602-3120",4702,"Noordzeekanaal","Halfweg boezemzijde","VR2W-119056",52.391732,4.770434,2018-02-05 20:14:28,2018-02-05 20:14:28,1,NA,NA,NA,1689.752652,1689.752652,FALSE,NA,NA,NA,NA,NA,NA,TRUE
"4703","A69-1602-3120",4703,"Noordzeekanaal","Halfweg boezemzijde","VR2W-119056",52.391732,4.770434,2018-02-06 06:11:43,2018-02-06 06:11:43,1,NA,NA,NA,1689.752652,1689.752652,FALSE,NA,NA,NA,NA,NA,NA,TRUE
"4704","A69-1602-3120",4704,"Noordzeekanaal","Halfweg boezemzijde","VR2W-119056",52.391732,4.770434,2018-02-06 08:20:55,2018-02-06 08:32:35,3,NA,NA,NA,1689.752652,1689.752652,FALSE,NA,NA,NA,NA,NA,NA,TRUE
"4705","A69-1602-3120",4705,"Noordzeekanaal","Halfweg boezemzijde","VR2W-119056",52.391732,4.770434,2018-02-06 09:50:59,2018-02-06 15:14:23,28,NA,NA,NA,1689.752652,1689.752652,FALSE,NA,NA,NA,NA,NA,NA,TRUE
"4706","A69-1602-3120",4706,"Noordzeekanaal","Halfweg boezemzijde","VR2W-119056",52.391732,4.770434,2018-02-06 17:08:09,2018-02-06 17:08:09,1,NA,NA,NA,1689.752652,1689.752652,FALSE,NA,NA,NA,NA,NA,NA,TRUE
"4707","A69-1602-3120",4707,"Noordzeekanaal","Halfweg boezemzijde","VR2W-119056",52.391732,4.770434,2018-02-06 20:40:42,2018-02-06 21:31:42,21,NA,NA,NA,1689.752652,1689.752652,FALSE,NA,NA,NA,NA,NA,NA,TRUE
"4708","A69-1602-3120",4708,"Noordzeekanaal","Halfweg boezemzijde","VR2W-119056",52.391732,4.770434,2018-02-07 06:01:15,2018-02-08 05:41:15,1118,NA,NA,NA,1689.752652,1689.752652,FALSE,NA,NA,NA,NA,NA,NA,TRUE
"4709","A69-1602-3120",4709,"Noordzeekanaal","Halfweg boezemzijde","VR2W-119056",52.391732,4.770434,2018-02-08 07:39:06,2018-02-08 09:24:12,26,NA,NA,NA,1689.752652,1689.752652,FALSE,NA,NA,NA,NA,NA,NA,TRUE
"4710","A69-1602-3120",4710,"Noordzeekanaal","Halfweg boezemzijde","VR2W-119056",52.391732,4.770434,2018-02-08 10:26:08,2018-02-08 22:01:41,546,NA,NA,NA,1689.752652,1689.752652,FALSE,NA,NA,NA,NA,NA,NA,TRUE
"4711","A69-1602-3120",4711,"Noordzeekanaal","Halfweg boezemzijde","VR2W-119056",52.391732,4.770434,2018-02-09 06:03:05,2018-02-09 10:15:07,42,NA,NA,NA,1689.752652,1689.752652,FALSE,NA,NA,NA,NA,NA,NA,TRUE
"4712","A69-1602-3120",4712,"Noordzeekanaal","Halfweg boezemzijde","VR2W-119056",52.391732,4.770434,2018-02-09 11:44:07,2018-02-09 14:03:21,10,NA,NA,NA,1689.752652,1689.752652,FALSE,NA,NA,NA,NA,NA,NA,TRUE
"4713","A69-1602-3120",4713,"Noordzeekanaal","Halfweg boezemzijde","VR2W-119056",52.391732,4.770434,2018-02-09 15:40:42,2018-02-09 16:16:46,3,NA,NA,NA,1689.752652,1689.752652,FALSE,NA,NA,NA,NA,NA,NA,TRUE
"4714","A69-1602-3120",4714,"Noordzeekanaal","Halfweg boezemzijde","VR2W-119056",52.391732,4.770434,2018-02-09 18:16:27,2018-02-09 22:01:28,24,NA,NA,NA,1689.752652,1689.752652,FALSE,NA,NA,NA,NA,NA,NA,TRUE
"4715","A69-1602-3120",4715,"Noordzeekanaal","Halfweg boezemzijde","VR2W-119056",52.391732,4.770434,2018-02-10 06:04:51,2018-02-10 06:39:51,18,NA,NA,NA,1689.752652,1689.752652,FALSE,NA,NA,NA,NA,NA,NA,TRUE
"4716","A69-1602-3120",4716,"Noordzeekanaal","Halfweg boezemzijde","VR2W-119056",52.391732,4.770434,2018-02-11 12:40:55,2018-02-11 14:52:10,21,NA,NA,NA,1689.752652,1689.752652,FALSE,NA,NA,NA,NA,NA,NA,TRUE
"4717","A69-1602-3120",4717,"Noordzeekanaal","Halfweg boezemzijde","VR2W-119056",52.391732,4.770434,2018-02-11 16:51:36,2018-02-11 19:56:40,56,NA,NA,NA,1689.752652,1689.752652,FALSE,NA,NA,NA,NA,NA,NA,TRUE
"4718","A69-1602-3120",4718,"Noordzeekanaal","Halfweg boezemzijde","VR2W-119056",52.391732,4.770434,2018-02-11 21:30:10,2018-02-11 21:30:10,1,NA,NA,NA,1689.752652,1689.752652,FALSE,NA,NA,NA,NA,NA,NA,TRUE
"4719","A69-1602-3120",4719,"Noordzeekanaal","Halfweg boezemzijde","VR2W-119056",52.391732,4.770434,2018-02-12 10:01:05,2018-02-12 14:26:31,146,NA,NA,NA,1689.752652,1689.752652,FALSE,NA,NA,NA,NA,NA,NA,TRUE
"4720","A69-1602-3120",4720,"Noordzeekanaal","Halfweg boezemzijde","VR2W-119056",52.391732,4.770434,2018-02-12 16:29:18,2018-02-12 18:02:07,4,NA,NA,NA,1689.752652,1689.752652,FALSE,NA,NA,NA,NA,NA,NA,TRUE
"4721","A69-1602-3120",4721,"Noordzeekanaal","Halfweg boezemzijde","VR2W-119056",52.391732,4.770434,2018-02-12 21:57:35,2018-02-12 23:33:06,29,NA,NA,NA,1689.752652,1689.752652,FALSE,NA,NA,NA,NA,NA,NA,TRUE
"4722","A69-1602-3120",4722,"Noordzeekanaal","Halfweg boezemzijde","VR2W-119056",52.391732,4.770434,2018-02-13 07:06:14,2018-02-13 07:43:06,7,NA,NA,NA,1689.752652,1689.752652,FALSE,NA,NA,NA,NA,NA,NA,TRUE
"4723","A69-1602-3120",4723,"Noordzeekanaal","Halfweg boezemzijde","VR2W-119056",52.391732,4.770434,2018-02-14 11:55:47,2018-02-14 12:43:19,9,NA,NA,NA,1689.752652,1689.752652,FALSE,NA,NA,NA,NA,NA,NA,TRUE
"4724","A69-1602-3120",4724,"Noordzeekanaal","Halfweg boezemzijde","VR2W-119056",52.391732,4.770434,2018-02-14 18:00:12,2018-02-14 19:48:38,14,NA,NA,NA,1689.752652,1689.752652,FALSE,NA,NA,NA,NA,NA,NA,TRUE
"4725","A69-1602-3120",4725,"Noordzeekanaal","Halfweg boezemzijde","VR2W-119056",52.391732,4.770434,2018-02-15 06:25:57,2018-02-15 06:29:21,2,NA,NA,NA,1689.752652,1689.752652,FALSE,NA,NA,NA,NA,NA,NA,TRUE
"4726","A69-1602-3120",4726,"Noordzeekanaal","Halfweg boezemzijde","VR2W-119056",52.391732,4.770434,2018-02-15 10:20:18,2018-02-16 06:10:02,773,NA,NA,NA,1689.752652,1689.752652,FALSE,NA,NA,NA,NA,NA,NA,TRUE
"4727","A69-1602-3120",4727,"Noordzeekanaal","Halfweg boezemzijde","VR2W-119056",52.391732,4.770434,2018-02-16 07:19:40,2018-02-16 10:17:39,133,NA,NA,NA,1689.752652,1689.752652,FALSE,NA,NA,NA,NA,NA,NA,TRUE
"4728","A69-1602-3120",4728,"Noordzeekanaal","Halfweg boezemzijde","VR2W-119056",52.391732,4.770434,2018-02-16 12:19:50,2018-02-16 12:19:50,1,NA,NA,NA,1689.752652,1689.752652,FALSE,NA,NA,NA,NA,NA,NA,TRUE
"4729","A69-1602-3120",4729,"Noordzeekanaal","Halfweg boezemzijde","VR2W-119056",52.391732,4.770434,2018-02-16 14:00:49,2018-02-16 22:03:20,328,NA,NA,NA,1689.752652,1689.752652,FALSE,NA,NA,NA,NA,NA,NA,TRUE
"4730","A69-1602-3120",4730,"Noordzeekanaal","Halfweg boezemzijde","VR2W-119056",52.391732,4.770434,2018-02-17 02:14:23,2018-02-17 14:50:47,525,NA,NA,NA,1689.752652,1689.752652,FALSE,NA,NA,NA,NA,NA,NA,TRUE
"4731","A69-1602-3120",4731,"Noordzeekanaal","Halfweg boezemzijde","VR2W-119056",52.391732,4.770434,2018-02-17 16:30:51,2018-02-17 23:33:33,130,NA,NA,NA,1689.752652,1689.752652,FALSE,NA,NA,NA,NA,NA,NA,TRUE
"4732","A69-1602-3120",4732,"Noordzeekanaal","Halfweg boezemzijde","VR2W-119056",52.391732,4.770434,2018-02-18 01:03:22,2018-02-18 19:19:39,843,NA,NA,NA,1689.752652,1689.752652,FALSE,NA,NA,NA,NA,NA,NA,TRUE
"4733","A69-1602-3120",4733,"Noordzeekanaal","Halfweg boezemzijde","VR2W-119056",52.391732,4.770434,2018-02-18 21:02:00,2018-02-18 21:09:03,8,NA,NA,NA,1689.752652,1689.752652,FALSE,NA,NA,NA,NA,NA,NA,TRUE
"4734","A69-1602-3120",4734,"Noordzeekanaal","Halfweg boezemzijde","VR2W-119056",52.391732,4.770434,2018-02-19 00:29:01,2018-02-19 03:08:20,48,NA,NA,NA,1689.752652,1689.752652,FALSE,NA,NA,NA,NA,NA,NA,TRUE
"4735","A69-1602-3120",4735,"Noordzeekanaal","Halfweg boezemzijde","VR2W-119056",52.391732,4.770434,2018-02-19 04:26:53,2018-02-19 10:23:01,154,NA,NA,NA,1689.752652,1689.752652,FALSE,NA,NA,NA,NA,NA,NA,TRUE
"4736","A69-1602-3120",4736,"Noordzeekanaal","Halfweg boezemzijde","VR2W-119056",52.391732,4.770434,2018-02-19 11:49:38,2018-02-19 20:36:04,210,NA,NA,NA,1689.752652,1689.752652,FALSE,NA,NA,NA,NA,NA,NA,TRUE
"4737","A69-1602-3120",4737,"Noordzeekanaal","Halfweg boezemzijde","VR2W-119056",52.391732,4.770434,2018-02-19 21:36:06,2018-02-20 01:11:04,65,NA,NA,NA,1689.752652,1689.752652,FALSE,NA,NA,NA,NA,NA,NA,TRUE
"4738","A69-1602-3120",4738,"Noordzeekanaal","Halfweg boezemzijde","VR2W-119056",52.391732,4.770434,2018-02-20 06:05:13,2018-02-20 15:10:19,449,NA,NA,NA,1689.752652,1689.752652,FALSE,NA,NA,NA,NA,NA,NA,TRUE
"4739","A69-1602-3120",4739,"Noordzeekanaal","Halfweg boezemzijde","VR2W-119056",52.391732,4.770434,2018-02-20 16:53:48,2018-02-20 17:04:19,15,NA,NA,NA,1689.752652,1689.752652,FALSE,NA,NA,NA,NA,NA,NA,TRUE
"4740","A69-1602-3120",4740,"Noordzeekanaal","Halfweg boezemzijde","VR2W-119056",52.391732,4.770434,2018-02-20 18:07:22,2018-02-20 18:19:54,4,NA,NA,NA,1689.752652,1689.752652,FALSE,NA,NA,NA,NA,NA,NA,TRUE
"4741","A69-1602-3120",4741,"Noordzeekanaal","Halfweg boezemzijde","VR2W-119056",52.391732,4.770434,2018-02-20 20:16:47,2018-02-20 22:04:45,69,NA,NA,NA,1689.752652,1689.752652,FALSE,NA,NA,NA,NA,NA,NA,TRUE
"4742","A69-1602-3120",4742,"Noordzeekanaal","Halfweg boezemzijde","VR2W-119056",52.391732,4.770434,2018-02-21 06:01:36,2018-02-21 11:02:27,244,NA,NA,NA,1689.752652,1689.752652,FALSE,NA,NA,NA,NA,NA,NA,TRUE
"4743","A69-1602-3120",4743,"Noordzeekanaal","Halfweg boezemzijde","VR2W-119056",52.391732,4.770434,2018-02-21 12:27:28,2018-02-21 13:53:53,18,NA,NA,NA,1689.752652,1689.752652,FALSE,NA,NA,NA,NA,NA,NA,TRUE
"4744","A69-1602-3120",4744,"Noordzeekanaal","Halfweg boezemzijde","VR2W-119056",52.391732,4.770434,2018-02-21 18:12:05,2018-02-21 18:29:51,5,NA,NA,NA,1689.752652,1689.752652,FALSE,NA,NA,NA,NA,NA,NA,TRUE
"4745","A69-1602-3120",4745,"Noordzeekanaal","Halfweg boezemzijde","VR2W-119056",52.391732,4.770434,2018-02-21 19:43:50,2018-02-21 19:43:50,1,NA,NA,NA,1689.752652,1689.752652,FALSE,NA,NA,NA,NA,NA,NA,TRUE
"4746","A69-1602-3120",4746,"Noordzeekanaal","Halfweg boezemzijde","VR2W-119056",52.391732,4.770434,2018-02-21 23:37:00,2018-02-22 01:51:20,4,NA,NA,NA,1689.752652,1689.752652,FALSE,NA,NA,NA,NA,NA,NA,TRUE
"4747","A69-1602-3120",4747,"Noordzeekanaal","Halfweg boezemzijde","VR2W-119056",52.391732,4.770434,2018-02-22 04:03:01,2018-02-22 04:03:01,1,NA,NA,NA,1689.752652,1689.752652,FALSE,NA,NA,NA,NA,NA,NA,TRUE
"4748","A69-1602-3120",4748,"Noordzeekanaal","Halfweg boezemzijde","VR2W-119056",52.391732,4.770434,2018-02-22 05:04:39,2018-02-22 05:46:12,6,NA,NA,NA,1689.752652,1689.752652,FALSE,NA,NA,NA,NA,NA,NA,TRUE
"4749","A69-1602-3120",4749,"Noordzeekanaal","Halfweg boezemzijde","VR2W-119056",52.391732,4.770434,2018-02-22 07:29:24,2018-02-22 07:50:34,10,NA,NA,NA,1689.752652,1689.752652,FALSE,NA,NA,NA,NA,NA,NA,TRUE
"4750","A69-1602-3120",4750,"Noordzeekanaal","Halfweg boezemzijde","VR2W-119056",52.391732,4.770434,2018-02-22 08:56:21,2018-02-22 08:56:21,1,NA,NA,NA,1689.752652,1689.752652,FALSE,NA,NA,NA,NA,NA,NA,TRUE
"4751","A69-1602-3120",4751,"Noordzeekanaal","Halfweg boezemzijde","VR2W-119056",52.391732,4.770434,2018-02-22 11:53:20,2018-02-22 12:48:55,6,NA,NA,NA,1689.752652,1689.752652,FALSE,NA,NA,NA,NA,NA,NA,TRUE
"4752","A69-1602-3120",4752,"Noordzeekanaal","Halfweg boezemzijde","VR2W-119056",52.391732,4.770434,2018-02-22 19:28:26,2018-02-22 19:28:26,1,NA,NA,NA,1689.752652,1689.752652,FALSE,NA,NA,NA,NA,NA,NA,TRUE
"4753","A69-1602-3120",4753,"Noordzeekanaal","Halfweg boezemzijde","VR2W-119056",52.391732,4.770434,2018-02-22 22:46:44,2018-02-22 23:24:37,11,NA,NA,NA,1689.752652,1689.752652,FALSE,NA,NA,NA,NA,NA,NA,TRUE
"4754","A69-1602-3120",4754,"Noordzeekanaal","Halfweg boezemzijde","VR2W-119056",52.391732,4.770434,2018-02-23 09:54:07,2018-02-23 11:57:21,4,NA,NA,NA,1689.752652,1689.752652,FALSE,NA,NA,NA,NA,NA,NA,TRUE
"4755","A69-1602-3120",4755,"Noordzeekanaal","Halfweg boezemzijde","VR2W-119056",52.391732,4.770434,2018-02-24 03:19:24,2018-02-24 03:19:24,1,NA,NA,NA,1689.752652,1689.752652,FALSE,NA,NA,NA,NA,NA,NA,TRUE
"4756","A69-1602-3120",4756,"Noordzeekanaal","Halfweg boezemzijde","VR2W-119056",52.391732,4.770434,2018-02-24 06:23:02,2018-02-24 06:23:02,1,NA,NA,NA,1689.752652,1689.752652,FALSE,NA,NA,NA,NA,NA,NA,TRUE
"4757","A69-1602-3120",4757,"Noordzeekanaal","Halfweg boezemzijde","VR2W-119056",52.391732,4.770434,2018-02-24 18:42:27,2018-02-24 18:48:15,2,NA,NA,NA,1689.752652,1689.752652,FALSE,NA,NA,NA,NA,NA,NA,TRUE
"4758","A69-1602-3120",4758,"Noordzeekanaal","Halfweg boezemzijde","VR2W-119056",52.391732,4.770434,2018-02-24 22:02:46,2018-02-24 22:04:16,2,NA,NA,NA,1689.752652,1689.752652,FALSE,NA,NA,NA,NA,NA,NA,TRUE
"4759","A69-1602-3120",4759,"Noordzeekanaal","Halfweg boezemzijde","VR2W-119056",52.391732,4.770434,2018-02-25 00:53:31,2018-02-25 01:23:51,2,NA,NA,NA,1689.752652,1689.752652,FALSE,NA,NA,NA,NA,NA,NA,TRUE
"4760","A69-1602-3120",4760,"Noordzeekanaal","Halfweg boezemzijde","VR2W-119056",52.391732,4.770434,2018-02-25 11:02:50,2018-02-25 11:02:50,1,NA,NA,NA,1689.752652,1689.752652,FALSE,NA,NA,NA,NA,NA,NA,TRUE
"4761","A69-1602-3120",4761,"Noordzeekanaal","Halfweg boezemzijde","VR2W-119056",52.391732,4.770434,2018-02-25 18:28:50,2018-02-25 18:44:35,5,NA,NA,NA,1689.752652,1689.752652,FALSE,NA,NA,NA,NA,NA,NA,TRUE
"4762","A69-1602-3120",4762,"Noordzeekanaal","Halfweg boezemzijde","VR2W-119056",52.391732,4.770434,2018-02-25 21:17:27,2018-02-25 21:59:20,26,NA,NA,NA,1689.752652,1689.752652,FALSE,NA,NA,NA,NA,NA,NA,TRUE
"4763","A69-1602-3120",4763,"Noordzeekanaal","Halfweg boezemzijde","VR2W-119056",52.391732,4.770434,2018-02-26 13:32:55,2018-02-26 15:12:17,21,NA,NA,NA,1689.752652,1689.752652,FALSE,NA,NA,NA,NA,NA,NA,TRUE
"4764","A69-1602-3120",4764,"Noordzeekanaal","Halfweg boezemzijde","VR2W-119056",52.391732,4.770434,2018-02-27 06:44:46,2018-02-27 07:30:58,18,NA,NA,NA,1689.752652,1689.752652,FALSE,NA,NA,NA,NA,NA,NA,TRUE
"4765","A69-1602-3120",4765,"Noordzeekanaal","Halfweg boezemzijde","VR2W-119056",52.391732,4.770434,2018-02-27 23:04:23,2018-02-28 00:52:12,25,NA,NA,NA,1689.752652,1689.752652,FALSE,NA,NA,NA,NA,NA,NA,TRUE
"4766","A69-1602-3120",4766,"Noordzeekanaal","Halfweg boezemzijde","VR2W-119056",52.391732,4.770434,2018-03-03 10:36:04,2018-03-03 12:34:49,48,NA,NA,NA,1689.752652,1689.752652,FALSE,NA,NA,NA,NA,NA,NA,TRUE
"4767","A69-1602-3120",4767,"Noordzeekanaal","Halfweg boezemzijde","VR2W-119056",52.391732,4.770434,2018-03-03 15:16:10,2018-03-03 15:23:25,4,NA,NA,NA,1689.752652,1689.752652,FALSE,NA,NA,NA,NA,NA,NA,TRUE
"4768","A69-1602-3120",4768,"Noordzeekanaal","Halfweg boezemzijde","VR2W-119056",52.391732,4.770434,2018-03-03 18:48:35,2018-03-03 20:13:53,77,NA,NA,NA,1689.752652,1689.752652,FALSE,NA,NA,NA,NA,NA,NA,TRUE
"4769","A69-1602-3120",4769,"Noordzeekanaal","Halfweg boezemzijde","VR2W-119056",52.391732,4.770434,2018-03-04 08:08:26,2018-03-04 08:10:35,4,NA,NA,NA,1689.752652,1689.752652,FALSE,NA,NA,NA,NA,NA,NA,TRUE
"4770","A69-1602-3120",4770,"Noordzeekanaal","Halfweg boezemzijde","VR2W-119056",52.391732,4.770434,2018-03-05 07:15:46,2018-03-05 10:08:09,46,NA,NA,NA,1689.752652,1689.752652,FALSE,NA,NA,NA,NA,NA,NA,TRUE
"4771","A69-1602-3120",4771,"Noordzeekanaal","Halfweg boezemzijde","VR2W-119056",52.391732,4.770434,2018-03-05 11:11:56,2018-03-05 11:11:56,1,NA,NA,NA,1689.752652,1689.752652,FALSE,NA,NA,NA,NA,NA,NA,TRUE
"4772","A69-1602-3120",4772,"Noordzeekanaal","Halfweg boezemzijde","VR2W-119056",52.391732,4.770434,2018-03-05 14:35:16,2018-03-05 18:03:21,158,NA,NA,NA,1689.752652,1689.752652,FALSE,NA,NA,NA,NA,NA,NA,TRUE
"4773","A69-1602-3120",4773,"Noordzeekanaal","Halfweg boezemzijde","VR2W-119056",52.391732,4.770434,2018-03-09 08:50:10,2018-03-09 08:50:10,1,NA,NA,NA,1689.752652,1689.752652,FALSE,NA,NA,NA,NA,NA,NA,TRUE
"4774","A69-1602-3120",4774,"Noordzeekanaal","Halfweg boezemzijde","VR2W-119056",52.391732,4.770434,2018-03-09 10:13:25,2018-03-09 10:13:25,1,NA,NA,NA,1689.752652,1689.752652,FALSE,NA,NA,NA,NA,NA,NA,TRUE
"4775","A69-1602-3120",4775,"Noordzeekanaal","Halfweg boezemzijde","VR2W-119056",52.391732,4.770434,2018-03-09 19:22:50,2018-03-09 19:22:50,1,NA,NA,NA,1689.752652,1689.752652,FALSE,NA,NA,NA,NA,NA,NA,TRUE
"4776","A69-1602-3120",4776,"Noordzeekanaal","Halfweg boezemzijde","VR2W-119056",52.391732,4.770434,2018-03-10 03:41:57,2018-03-10 04:00:12,13,NA,NA,NA,1689.752652,1689.752652,FALSE,NA,NA,NA,NA,NA,NA,TRUE
"4777","A69-1602-3120",4777,"Noordzeekanaal","Halfweg boezemzijde","VR2W-119056",52.391732,4.770434,2018-03-10 09:08:47,2018-03-10 09:08:47,1,NA,NA,NA,1689.752652,1689.752652,FALSE,NA,NA,NA,NA,NA,NA,TRUE
"4778","A69-1602-3120",4778,"Noordzeekanaal","Halfweg boezemzijde","VR2W-119056",52.391732,4.770434,2018-03-11 02:09:15,2018-03-11 05:18:51,156,NA,NA,NA,1689.752652,1689.752652,FALSE,NA,NA,NA,NA,NA,NA,TRUE
"4779","A69-1602-3120",4779,"Noordzeekanaal","Halfweg boezemzijde","VR2W-119056",52.391732,4.770434,2018-03-11 18:37:01,2018-03-12 04:25:56,639,NA,NA,NA,1689.752652,1689.752652,FALSE,NA,NA,NA,NA,NA,NA,TRUE
"4780","A69-1602-3120",4780,"Noordzeekanaal","Halfweg boezemzijde","VR2W-119056",52.391732,4.770434,2018-03-12 19:51:46,2018-03-12 21:27:36,8,NA,NA,NA,1689.752652,1689.752652,FALSE,NA,NA,NA,NA,NA,NA,TRUE
"4781","A69-1602-3120",4781,"Noordzeekanaal","Halfweg boezemzijde","VR2W-119056",52.391732,4.770434,2018-03-13 08:05:05,2018-03-13 08:05:05,1,NA,NA,NA,1689.752652,1689.752652,FALSE,NA,NA,NA,NA,NA,NA,TRUE
"4782","A69-1602-3120",4782,"Noordzeekanaal","Halfweg boezemzijde","VR2W-119056",52.391732,4.770434,2018-03-13 11:37:40,2018-03-13 11:37:40,1,NA,NA,NA,1689.752652,1689.752652,FALSE,NA,NA,NA,NA,NA,NA,TRUE
"4783","A69-1602-3120",4783,"Noordzeekanaal","Halfweg boezemzijde","VR2W-119056",52.391732,4.770434,2018-03-13 16:51:10,2018-03-13 21:42:41,202,NA,NA,NA,1689.752652,1689.752652,FALSE,NA,NA,NA,NA,NA,NA,TRUE
"4784","A69-1602-3120",4784,"Noordzeekanaal","Halfweg boezemzijde","VR2W-119056",52.391732,4.770434,2018-03-13 22:48:19,2018-03-15 04:05:23,1147,NA,NA,NA,1689.752652,1689.752652,FALSE,NA,NA,NA,NA,NA,NA,TRUE
"4785","A69-1602-3120",4785,"Noordzeekanaal","Halfweg boezemzijde","VR2W-119056",52.391732,4.770434,2018-03-15 17:01:38,2018-03-16 05:55:45,781,NA,NA,NA,1689.752652,1689.752652,FALSE,NA,NA,NA,NA,NA,NA,TRUE
"4786","A69-1602-3120",4786,"Noordzeekanaal","Halfweg boezemzijde","VR2W-119056",52.391732,4.770434,2018-03-16 17:44:09,2018-03-17 01:17:20,418,NA,NA,NA,1689.752652,1689.752652,NA,NA,NA,NA,NA,NA,NA,TRUE
"4787","A69-1602-3121",4787,"Noordzeekanaal","rel_noordzeekanaal7","none",52.385734,4.749574,2017-10-24 11:00:00,2017-10-24 11:00:00,1,NA,NA,NA,0,0,NA,NA,NA,NA,NA,NA,NA,FALSE
"4788","A69-1602-3122",4788,"Noordzeekanaal","rel_noordzeekanaal7","none",52.385734,4.749574,2017-10-24 11:00:00,2017-10-24 11:00:00,1,NA,NA,NA,0,0,TRUE,1689.752652,2,2017-10-24 16:51:03,1689.752652,21063,0.080223740777667,TRUE
"4789","A69-1602-3122",4789,"Noordzeekanaal","Halfweg boezemzijde","VR2W-119056",52.391732,4.770434,2017-10-24 16:51:03,2017-10-24 17:38:38,34,21063,1689.752652,0.080224,1689.752652,1689.752652,FALSE,NA,NA,NA,NA,NA,NA,TRUE
"4790","A69-1602-3122",4790,"Noordzeekanaal","Halfweg boezemzijde","VR2W-119056",52.391732,4.770434,2018-01-03 20:55:28,2018-01-03 21:48:33,55,NA,NA,NA,1689.752652,1689.752652,FALSE,NA,NA,NA,NA,NA,NA,TRUE
"4791","A69-1602-3122",4791,"Noordzeekanaal","Halfweg boezemzijde","VR2W-119056",52.391732,4.770434,2018-01-04 17:27:54,2018-01-04 17:52:38,22,NA,NA,NA,1689.752652,1689.752652,NA,NA,NA,NA,NA,NA,NA,TRUE
"4792","A69-1602-3122",4792,"Noordzeekanaal","Halfweg NZKzijde","VR2W-120098",52.394583,4.772506,2018-01-04 19:04:59,2018-01-04 20:22:48,17,4341,482.787479,0.111216,2172.540131,2172.54013,FALSE,NA,NA,NA,NA,NA,NA,TRUE
"4793","A69-1602-3122",4793,"Noordzeekanaal","Halfweg NZKzijde","VR2W-120098",52.394583,4.772506,2018-01-05 17:21:46,2018-01-05 17:28:56,2,NA,NA,NA,2172.540131,2172.54013,NA,NA,NA,NA,NA,NA,NA,TRUE
"4794","A69-1602-3123",4794,"Noordzeekanaal","rel_noordzeekanaal8","none",52.204831,4.400155,2017-10-23 13:00:00,2017-10-23 13:00:00,1,NA,NA,NA,0,0,NA,NA,NA,NA,NA,NA,NA,FALSE
"4795","A69-1602-3123",4795,"Noordzeekanaal","Katwijk 2","VR2W-119055",52.207545,4.407171,2017-10-23 18:19:19,2017-10-24 04:55:17,489,19159,624.191503,0.03258,624.191503,624.191503,NA,NA,NA,NA,NA,NA,NA,FALSE
"4796","A69-1602-3123",4796,"Noordzeekanaal","Katwijk 1","VR2W-119057",52.210324,4.401197,2017-10-25 02:58:31,2017-10-25 06:44:48,89,79394,524.203298,0.006603,1148.394801,865.585746,FALSE,NA,NA,NA,NA,NA,NA,FALSE
"4797","A69-1602-3123",4797,"Noordzeekanaal","Katwijk 1","VR2W-119057",52.210324,4.401197,2017-10-25 20:11:28,2017-10-25 20:20:41,6,NA,NA,NA,1148.394801,865.585746,FALSE,NA,NA,NA,NA,NA,NA,FALSE
"4798","A69-1602-3123",4798,"Noordzeekanaal","Katwijk 1","VR2W-119057",52.210324,4.401197,2017-10-26 16:53:36,2017-10-27 02:39:47,505,NA,NA,NA,1148.394801,865.585746,FALSE,NA,NA,NA,NA,NA,NA,FALSE
"4799","A69-1602-3123",4799,"Noordzeekanaal","Katwijk 1","VR2W-119057",52.210324,4.401197,2017-10-27 23:21:51,2017-10-28 02:46:02,43,NA,NA,NA,1148.394801,865.585746,FALSE,NA,NA,NA,NA,NA,NA,FALSE
"4800","A69-1602-3123",4800,"Noordzeekanaal","Katwijk 1","VR2W-119057",52.210324,4.401197,2017-10-28 03:47:38,2017-10-28 04:29:24,22,NA,NA,NA,1148.394801,865.585746,FALSE,NA,NA,NA,NA,NA,NA,FALSE
"4801","A69-1602-3123",4801,"Noordzeekanaal","Katwijk 1","VR2W-119057",52.210324,4.401197,2017-10-28 17:36:37,2017-10-29 00:02:22,225,NA,NA,NA,1148.394801,865.585746,FALSE,NA,NA,NA,NA,NA,NA,FALSE
"4802","A69-1602-3123",4802,"Noordzeekanaal","Katwijk 1","VR2W-119057",52.210324,4.401197,2017-10-29 01:46:27,2017-10-29 02:15:49,4,NA,NA,NA,1148.394801,865.585746,FALSE,NA,NA,NA,NA,NA,NA,FALSE
"4803","A69-1602-3123",4803,"Noordzeekanaal","Katwijk 1","VR2W-119057",52.210324,4.401197,2017-10-30 18:00:37,2017-10-30 18:00:37,1,NA,NA,NA,1148.394801,865.585746,FALSE,NA,NA,NA,NA,NA,NA,FALSE
"4804","A69-1602-3123",4804,"Noordzeekanaal","Katwijk 1","VR2W-119057",52.210324,4.401197,2017-10-31 00:17:40,2017-10-31 00:17:40,1,NA,NA,NA,1148.394801,865.585746,FALSE,NA,NA,NA,NA,NA,NA,FALSE
"4805","A69-1602-3123",4805,"Noordzeekanaal","Katwijk 1","VR2W-119057",52.210324,4.401197,2017-10-31 16:52:53,2017-11-01 03:56:41,664,NA,NA,NA,1148.394801,865.585746,FALSE,NA,NA,NA,NA,NA,NA,FALSE
"4806","A69-1602-3123",4806,"Noordzeekanaal","Katwijk 1","VR2W-119057",52.210324,4.401197,2017-11-01 16:30:43,2017-11-02 12:58:59,812,NA,NA,NA,1148.394801,865.585746,FALSE,NA,NA,NA,NA,NA,NA,FALSE
"4807","A69-1602-3123",4807,"Noordzeekanaal","Katwijk 1","VR2W-119057",52.210324,4.401197,2017-11-02 14:37:59,2017-11-02 14:37:59,1,NA,NA,NA,1148.394801,865.585746,FALSE,NA,NA,NA,NA,NA,NA,FALSE
"4808","A69-1602-3123",4808,"Noordzeekanaal","Katwijk 1","VR2W-119057",52.210324,4.401197,2017-11-02 15:44:16,2017-11-03 05:35:41,675,NA,NA,NA,1148.394801,865.585746,FALSE,NA,NA,NA,NA,NA,NA,FALSE
"4809","A69-1602-3123",4809,"Noordzeekanaal","Katwijk 1","VR2W-119057",52.210324,4.401197,2017-11-03 16:44:55,2017-11-03 17:21:41,18,NA,NA,NA,1148.394801,865.585746,FALSE,NA,NA,NA,NA,NA,NA,FALSE
"4810","A69-1602-3123",4810,"Noordzeekanaal","Katwijk 1","VR2W-119057",52.210324,4.401197,2017-11-03 21:29:13,2017-11-03 21:37:35,3,NA,NA,NA,1148.394801,865.585746,FALSE,NA,NA,NA,NA,NA,NA,FALSE
"4811","A69-1602-3123",4811,"Noordzeekanaal","Katwijk 1","VR2W-119057",52.210324,4.401197,2017-11-04 15:04:47,2017-11-05 02:53:55,568,NA,NA,NA,1148.394801,865.585746,FALSE,NA,NA,NA,NA,NA,NA,FALSE
"4812","A69-1602-3123",4812,"Noordzeekanaal","Katwijk 1","VR2W-119057",52.210324,4.401197,2017-11-05 08:54:30,2017-11-05 08:54:30,1,NA,NA,NA,1148.394801,865.585746,FALSE,NA,NA,NA,NA,NA,NA,FALSE
"4813","A69-1602-3123",4813,"Noordzeekanaal","Katwijk 1","VR2W-119057",52.210324,4.401197,2017-11-05 10:06:06,2017-11-05 10:06:06,1,NA,NA,NA,1148.394801,865.585746,FALSE,NA,NA,NA,NA,NA,NA,FALSE
"4814","A69-1602-3123",4814,"Noordzeekanaal","Katwijk 1","VR2W-119057",52.210324,4.401197,2017-11-05 15:50:50,2017-11-05 15:50:50,1,NA,NA,NA,1148.394801,865.585746,FALSE,NA,NA,NA,NA,NA,NA,FALSE
"4815","A69-1602-3123",4815,"Noordzeekanaal","Katwijk 1","VR2W-119057",52.210324,4.401197,2017-11-05 20:31:04,2017-11-05 22:19:38,17,NA,NA,NA,1148.394801,865.585746,FALSE,NA,NA,NA,NA,NA,NA,FALSE
"4816","A69-1602-3123",4816,"Noordzeekanaal","Katwijk 1","VR2W-119057",52.210324,4.401197,2017-11-06 00:20:55,2017-11-06 00:33:13,2,NA,NA,NA,1148.394801,865.585746,FALSE,NA,NA,NA,NA,NA,NA,FALSE
"4817","A69-1602-3123",4817,"Noordzeekanaal","Katwijk 1","VR2W-119057",52.210324,4.401197,2017-11-06 04:06:38,2017-11-06 04:19:00,4,NA,NA,NA,1148.394801,865.585746,FALSE,NA,NA,NA,NA,NA,NA,FALSE
"4818","A69-1602-3123",4818,"Noordzeekanaal","Katwijk 1","VR2W-119057",52.210324,4.401197,2017-11-06 05:47:20,2017-11-06 06:34:59,9,NA,NA,NA,1148.394801,865.585746,FALSE,NA,NA,NA,NA,NA,NA,FALSE
"4819","A69-1602-3123",4819,"Noordzeekanaal","Katwijk 1","VR2W-119057",52.210324,4.401197,2017-11-06 07:44:59,2017-11-06 07:57:12,2,NA,NA,NA,1148.394801,865.585746,FALSE,NA,NA,NA,NA,NA,NA,FALSE
"4820","A69-1602-3123",4820,"Noordzeekanaal","Katwijk 1","VR2W-119057",52.210324,4.401197,2017-11-06 20:13:18,2017-11-06 20:53:45,3,NA,NA,NA,1148.394801,865.585746,FALSE,NA,NA,NA,NA,NA,NA,FALSE
"4821","A69-1602-3123",4821,"Noordzeekanaal","Katwijk 1","VR2W-119057",52.210324,4.401197,2017-11-06 22:59:17,2017-11-06 22:59:17,1,NA,NA,NA,1148.394801,865.585746,FALSE,NA,NA,NA,NA,NA,NA,FALSE
"4822","A69-1602-3123",4822,"Noordzeekanaal","Katwijk 1","VR2W-119057",52.210324,4.401197,2017-11-07 03:43:09,2017-11-07 04:47:23,24,NA,NA,NA,1148.394801,865.585746,FALSE,NA,NA,NA,NA,NA,NA,FALSE
"4823","A69-1602-3123",4823,"Noordzeekanaal","Katwijk 1","VR2W-119057",52.210324,4.401197,2017-11-07 10:52:04,2017-11-07 15:05:35,256,NA,NA,NA,1148.394801,865.585746,FALSE,NA,NA,NA,NA,NA,NA,FALSE
"4824","A69-1602-3123",4824,"Noordzeekanaal","Katwijk 1","VR2W-119057",52.210324,4.401197,2017-11-07 17:55:56,2017-11-10 16:43:47,2896,NA,NA,NA,1148.394801,865.585746,FALSE,NA,NA,NA,NA,NA,NA,FALSE
"4825","A69-1602-3123",4825,"Noordzeekanaal","Katwijk 1","VR2W-119057",52.210324,4.401197,2017-11-10 17:43:49,2017-11-11 06:23:48,404,NA,NA,NA,1148.394801,865.585746,FALSE,NA,NA,NA,NA,NA,NA,FALSE
"4826","A69-1602-3123",4826,"Noordzeekanaal","Katwijk 1","VR2W-119057",52.210324,4.401197,2017-11-11 16:14:51,2017-11-12 15:14:29,1110,NA,NA,NA,1148.394801,865.585746,NA,NA,NA,NA,NA,NA,NA,FALSE
"4827","A69-1602-3124",4827,"Noordzeekanaal","rel_noordzeekanaal8","none",52.204831,4.400155,2017-10-23 13:00:00,2017-10-23 13:00:00,1,NA,NA,NA,0,0,NA,NA,NA,NA,NA,NA,NA,FALSE
"4828","A69-1602-3124",4828,"Noordzeekanaal","Katwijk 2","VR2W-119055",52.207545,4.407171,2017-11-01 19:44:25,2017-11-02 02:33:11,328,801865,624.191503,0.000778,624.191503,624.191503,NA,NA,NA,NA,NA,NA,NA,FALSE
"4829","A69-1602-3124",4829,"Noordzeekanaal","Katwijk 1","VR2W-119057",52.210324,4.401197,2017-11-02 09:08:25,2017-11-02 09:12:46,2,23714,524.203298,0.022105,1148.394801,865.585746,FALSE,NA,NA,NA,NA,NA,NA,FALSE
"4830","A69-1602-3124",4830,"Noordzeekanaal","Katwijk 1","VR2W-119057",52.210324,4.401197,2017-11-02 18:36:11,2017-11-02 18:38:23,4,NA,NA,NA,1148.394801,865.585746,FALSE,NA,NA,NA,NA,NA,NA,FALSE
"4831","A69-1602-3124",4831,"Noordzeekanaal","Katwijk 1","VR2W-119057",52.210324,4.401197,2017-11-02 21:21:35,2017-11-03 06:09:43,421,NA,NA,NA,1148.394801,865.585746,FALSE,NA,NA,NA,NA,NA,NA,FALSE
"4832","A69-1602-3124",4832,"Noordzeekanaal","Katwijk 1","VR2W-119057",52.210324,4.401197,2017-11-03 09:10:35,2017-11-03 10:55:33,50,NA,NA,NA,1148.394801,865.585746,FALSE,NA,NA,NA,NA,NA,NA,FALSE
"4833","A69-1602-3124",4833,"Noordzeekanaal","Katwijk 1","VR2W-119057",52.210324,4.401197,2017-11-03 11:56:00,2017-11-04 19:04:04,2036,NA,NA,NA,1148.394801,865.585746,FALSE,NA,NA,NA,NA,NA,NA,FALSE
"4834","A69-1602-3124",4834,"Noordzeekanaal","Katwijk 1","VR2W-119057",52.210324,4.401197,2017-11-04 20:06:33,2017-11-04 22:27:27,26,NA,NA,NA,1148.394801,865.585746,FALSE,NA,NA,NA,NA,NA,NA,FALSE
"4835","A69-1602-3124",4835,"Noordzeekanaal","Katwijk 1","VR2W-119057",52.210324,4.401197,2017-11-04 23:40:35,2017-11-05 01:26:23,29,NA,NA,NA,1148.394801,865.585746,FALSE,NA,NA,NA,NA,NA,NA,FALSE
"4836","A69-1602-3124",4836,"Noordzeekanaal","Katwijk 1","VR2W-119057",52.210324,4.401197,2017-11-05 02:40:17,2017-11-05 03:06:54,2,NA,NA,NA,1148.394801,865.585746,FALSE,NA,NA,NA,NA,NA,NA,FALSE
"4837","A69-1602-3124",4837,"Noordzeekanaal","Katwijk 1","VR2W-119057",52.210324,4.401197,2017-11-05 10:04:09,2017-11-05 10:17:46,3,NA,NA,NA,1148.394801,865.585746,FALSE,NA,NA,NA,NA,NA,NA,FALSE
"4838","A69-1602-3124",4838,"Noordzeekanaal","Katwijk 1","VR2W-119057",52.210324,4.401197,2017-11-05 13:16:51,2017-11-05 13:16:51,1,NA,NA,NA,1148.394801,865.585746,FALSE,NA,NA,NA,NA,NA,NA,FALSE
"4839","A69-1602-3124",4839,"Noordzeekanaal","Katwijk 1","VR2W-119057",52.210324,4.401197,2017-11-06 06:38:09,2017-11-06 11:13:39,146,NA,NA,NA,1148.394801,865.585746,FALSE,NA,NA,NA,NA,NA,NA,FALSE
"4840","A69-1602-3124",4840,"Noordzeekanaal","Katwijk 1","VR2W-119057",52.210324,4.401197,2017-11-06 12:17:44,2017-11-07 15:02:51,1501,NA,NA,NA,1148.394801,865.585746,FALSE,NA,NA,NA,NA,NA,NA,FALSE
"4841","A69-1602-3124",4841,"Noordzeekanaal","Katwijk 1","VR2W-119057",52.210324,4.401197,2017-11-07 17:55:40,2017-11-09 17:13:07,1725,NA,NA,NA,1148.394801,865.585746,FALSE,NA,NA,NA,NA,NA,NA,FALSE
"4842","A69-1602-3124",4842,"Noordzeekanaal","Katwijk 1","VR2W-119057",52.210324,4.401197,2017-11-11 16:43:20,2017-11-12 04:57:05,519,NA,NA,NA,1148.394801,865.585746,FALSE,NA,NA,NA,NA,NA,NA,FALSE
"4843","A69-1602-3124",4843,"Noordzeekanaal","Katwijk 1","VR2W-119057",52.210324,4.401197,2017-11-12 22:01:16,2017-11-12 22:01:16,1,NA,NA,NA,1148.394801,865.585746,FALSE,NA,NA,NA,NA,NA,NA,FALSE
"4844","A69-1602-3124",4844,"Noordzeekanaal","Katwijk 1","VR2W-119057",52.210324,4.401197,2017-11-13 03:30:17,2017-11-13 04:21:38,18,NA,NA,NA,1148.394801,865.585746,NA,NA,NA,NA,NA,NA,NA,FALSE
"4845","A69-1602-3125",4845,"Noordzeekanaal","rel_noordzeekanaal8","none",52.204831,4.400155,2017-10-23 13:00:00,2017-10-23 13:00:00,1,NA,NA,NA,0,0,NA,NA,NA,NA,NA,NA,NA,FALSE
"4846","A69-1602-3125",4846,"Noordzeekanaal","Katwijk 2","VR2W-119055",52.207545,4.407171,2017-11-16 03:18:05,2017-11-16 05:46:41,28,2038685,624.191503,0.000306,624.191503,624.191503,FALSE,NA,NA,NA,NA,NA,NA,FALSE
"4847","A69-1602-3125",4847,"Noordzeekanaal","Katwijk 2","VR2W-119055",52.207545,4.407171,2017-11-17 03:34:14,2017-11-17 03:44:56,7,NA,NA,NA,624.191503,624.191503,FALSE,NA,NA,NA,NA,NA,NA,FALSE
"4848","A69-1602-3125",4848,"Noordzeekanaal","Katwijk 2","VR2W-119055",52.207545,4.407171,2017-11-17 05:56:41,2017-11-17 06:25:06,4,NA,NA,NA,624.191503,624.191503,FALSE,NA,NA,NA,NA,NA,NA,FALSE
"4849","A69-1602-3125",4849,"Noordzeekanaal","Katwijk 2","VR2W-119055",52.207545,4.407171,2017-11-18 20:14:14,2017-11-18 23:05:36,185,NA,NA,NA,624.191503,624.191503,FALSE,NA,NA,NA,NA,NA,NA,FALSE
"4850","A69-1602-3125",4850,"Noordzeekanaal","Katwijk 2","VR2W-119055",52.207545,4.407171,2017-11-21 16:19:12,2017-11-21 17:10:11,51,NA,NA,NA,624.191503,624.191503,FALSE,NA,NA,NA,NA,NA,NA,FALSE
"4851","A69-1602-3125",4851,"Noordzeekanaal","Katwijk 2","VR2W-119055",52.207545,4.407171,2017-11-21 20:18:44,2017-11-25 05:21:14,6247,NA,NA,NA,624.191503,624.191503,FALSE,NA,NA,NA,NA,NA,NA,FALSE
"4852","A69-1602-3125",4852,"Noordzeekanaal","Katwijk 3","VR2W-119066",52.199717,4.426933,2017-11-25 05:24:58,2017-11-25 05:24:58,1,224,1731.169478,7.728435,2355.360981,-2189.693675,TRUE,624.191503,9,2017-11-25 05:33:44,2813.885178,526,5.34959159315589,TRUE
"4853","A69-1602-3125",4853,"Noordzeekanaal","Katwijk 2","VR2W-119055",52.207545,4.407171,2017-11-25 05:33:44,2017-11-30 02:34:49,8684,526,1731.169478,3.291197,4086.530459,624.191503,FALSE,NA,NA,NA,NA,NA,NA,TRUE
"4854","A69-1602-3125",4854,"Noordzeekanaal","Katwijk 2","VR2W-119055",52.207545,4.407171,2017-12-01 18:14:16,2017-12-01 18:45:04,5,NA,NA,NA,4086.530459,624.191503,FALSE,NA,NA,NA,NA,NA,NA,TRUE
"4855","A69-1602-3125",4855,"Noordzeekanaal","Katwijk 2","VR2W-119055",52.207545,4.407171,2017-12-03 17:22:42,2017-12-03 18:23:09,20,NA,NA,NA,4086.530459,624.191503,FALSE,NA,NA,NA,NA,NA,NA,TRUE
"4856","A69-1602-3125",4856,"Noordzeekanaal","Katwijk 2","VR2W-119055",52.207545,4.407171,2017-12-07 09:08:37,2017-12-07 10:03:59,8,NA,NA,NA,4086.530459,624.191503,FALSE,NA,NA,NA,NA,NA,NA,TRUE
"4857","A69-1602-3125",4857,"Noordzeekanaal","Katwijk 2","VR2W-119055",52.207545,4.407171,2017-12-09 01:10:38,2017-12-09 01:10:38,1,NA,NA,NA,4086.530459,624.191503,FALSE,NA,NA,NA,NA,NA,NA,TRUE
"4858","A69-1602-3125",4858,"Noordzeekanaal","Katwijk 2","VR2W-119055",52.207545,4.407171,2017-12-09 22:17:01,2017-12-09 22:17:01,1,NA,NA,NA,4086.530459,624.191503,FALSE,NA,NA,NA,NA,NA,NA,TRUE
"4859","A69-1602-3125",4859,"Noordzeekanaal","Katwijk 2","VR2W-119055",52.207545,4.407171,2017-12-10 03:23:58,2017-12-10 04:02:34,2,NA,NA,NA,4086.530459,624.191503,FALSE,NA,NA,NA,NA,NA,NA,TRUE
"4860","A69-1602-3125",4860,"Noordzeekanaal","Katwijk 2","VR2W-119055",52.207545,4.407171,2017-12-10 16:51:00,2017-12-10 16:51:00,1,NA,NA,NA,4086.530459,624.191503,FALSE,NA,NA,NA,NA,NA,NA,TRUE
"4861","A69-1602-3125",4861,"Noordzeekanaal","Katwijk 2","VR2W-119055",52.207545,4.407171,2017-12-11 00:51:56,2017-12-11 00:51:56,1,NA,NA,NA,4086.530459,624.191503,FALSE,NA,NA,NA,NA,NA,NA,TRUE
"4862","A69-1602-3125",4862,"Noordzeekanaal","Katwijk 2","VR2W-119055",52.207545,4.407171,2017-12-11 17:03:43,2017-12-11 17:07:15,4,NA,NA,NA,4086.530459,624.191503,FALSE,NA,NA,NA,NA,NA,NA,TRUE
"4863","A69-1602-3125",4863,"Noordzeekanaal","Katwijk 2","VR2W-119055",52.207545,4.407171,2017-12-11 19:53:30,2017-12-11 20:07:52,3,NA,NA,NA,4086.530459,624.191503,FALSE,NA,NA,NA,NA,NA,NA,TRUE
"4864","A69-1602-3125",4864,"Noordzeekanaal","Katwijk 2","VR2W-119055",52.207545,4.407171,2017-12-11 21:28:46,2017-12-11 21:28:46,1,NA,NA,NA,4086.530459,624.191503,FALSE,NA,NA,NA,NA,NA,NA,TRUE
"4865","A69-1602-3125",4865,"Noordzeekanaal","Katwijk 2","VR2W-119055",52.207545,4.407171,2017-12-11 22:37:13,2017-12-11 22:55:14,4,NA,NA,NA,4086.530459,624.191503,FALSE,NA,NA,NA,NA,NA,NA,TRUE
"4866","A69-1602-3125",4866,"Noordzeekanaal","Katwijk 2","VR2W-119055",52.207545,4.407171,2017-12-11 23:59:01,2017-12-12 00:46:24,2,NA,NA,NA,4086.530459,624.191503,FALSE,NA,NA,NA,NA,NA,NA,TRUE
"4867","A69-1602-3125",4867,"Noordzeekanaal","Katwijk 2","VR2W-119055",52.207545,4.407171,2017-12-12 06:53:35,2017-12-12 06:59:22,3,NA,NA,NA,4086.530459,624.191503,FALSE,NA,NA,NA,NA,NA,NA,TRUE
"4868","A69-1602-3125",4868,"Noordzeekanaal","Katwijk 2","VR2W-119055",52.207545,4.407171,2017-12-12 12:30:33,2017-12-12 12:30:33,1,NA,NA,NA,4086.530459,624.191503,FALSE,NA,NA,NA,NA,NA,NA,TRUE
"4869","A69-1602-3125",4869,"Noordzeekanaal","Katwijk 2","VR2W-119055",52.207545,4.407171,2017-12-12 17:21:19,2017-12-12 17:21:19,1,NA,NA,NA,4086.530459,624.191503,FALSE,NA,NA,NA,NA,NA,NA,TRUE
"4870","A69-1602-3125",4870,"Noordzeekanaal","Katwijk 2","VR2W-119055",52.207545,4.407171,2017-12-12 19:05:21,2017-12-12 19:05:21,1,NA,NA,NA,4086.530459,624.191503,FALSE,NA,NA,NA,NA,NA,NA,TRUE
"4871","A69-1602-3125",4871,"Noordzeekanaal","Katwijk 2","VR2W-119055",52.207545,4.407171,2017-12-12 21:24:47,2017-12-12 21:24:47,1,NA,NA,NA,4086.530459,624.191503,FALSE,NA,NA,NA,NA,NA,NA,TRUE
"4872","A69-1602-3125",4872,"Noordzeekanaal","Katwijk 2","VR2W-119055",52.207545,4.407171,2017-12-13 00:11:59,2017-12-13 02:31:42,20,NA,NA,NA,4086.530459,624.191503,FALSE,NA,NA,NA,NA,NA,NA,TRUE
"4873","A69-1602-3125",4873,"Noordzeekanaal","Katwijk 2","VR2W-119055",52.207545,4.407171,2017-12-13 03:34:44,2017-12-13 03:34:44,1,NA,NA,NA,4086.530459,624.191503,FALSE,NA,NA,NA,NA,NA,NA,TRUE
"4874","A69-1602-3125",4874,"Noordzeekanaal","Katwijk 2","VR2W-119055",52.207545,4.407171,2017-12-13 19:24:33,2017-12-14 18:42:01,1097,NA,NA,NA,4086.530459,624.191503,FALSE,NA,NA,NA,NA,NA,NA,TRUE
"4875","A69-1602-3125",4875,"Noordzeekanaal","Katwijk 2","VR2W-119055",52.207545,4.407171,2017-12-14 21:54:46,2017-12-15 07:10:03,184,NA,NA,NA,4086.530459,624.191503,FALSE,NA,NA,NA,NA,NA,NA,TRUE
"4876","A69-1602-3125",4876,"Noordzeekanaal","Katwijk 2","VR2W-119055",52.207545,4.407171,2017-12-15 08:13:14,2018-01-03 01:39:10,35986,NA,NA,NA,4086.530459,624.191503,FALSE,NA,NA,NA,NA,NA,NA,TRUE
"4877","A69-1602-3125",4877,"Noordzeekanaal","Katwijk 2","VR2W-119055",52.207545,4.407171,2018-01-03 02:42:15,2018-01-31 03:05:54,53723,NA,NA,NA,4086.530459,624.191503,NA,NA,NA,NA,NA,NA,NA,TRUE
"4878","A69-1602-3125",4878,"Noordzeekanaal","Katwijk 1","VR2W-119057",52.210324,4.401197,2018-01-31 16:32:15,2018-02-01 03:24:04,696,48381,524.203298,0.010835,4610.733757,865.585746,FALSE,NA,NA,NA,NA,NA,NA,TRUE
"4879","A69-1602-3125",4879,"Noordzeekanaal","Katwijk 1","VR2W-119057",52.210324,4.401197,2018-02-01 04:51:04,2018-02-02 11:45:34,1339,NA,NA,NA,4610.733757,865.585746,NA,NA,NA,NA,NA,NA,NA,TRUE
"4880","A69-1602-3126",4880,"Noordzeekanaal","rel_noordzeekanaal8","none",52.204831,4.400155,2017-10-23 13:00:00,2017-10-23 13:00:00,1,NA,NA,NA,0,0,NA,NA,NA,NA,NA,NA,NA,FALSE
"4881","A69-1602-3126",4881,"Noordzeekanaal","Katwijk 2","VR2W-119055",52.207545,4.407171,2017-11-05 00:32:10,2017-11-13 01:43:39,15255,1078330,624.191503,0.000579,624.191503,624.191503,NA,NA,NA,NA,NA,NA,NA,FALSE
"4882","A69-1602-3127",4882,"Noordzeekanaal","rel_noordzeekanaal8","none",52.204831,4.400155,2017-10-23 13:00:00,2017-10-23 13:00:00,1,NA,NA,NA,0,0,NA,NA,NA,NA,NA,NA,NA,FALSE
"4883","A69-1602-3127",4883,"Noordzeekanaal","Katwijk 2","VR2W-119055",52.207545,4.407171,2017-11-14 18:36:12,2017-11-14 20:11:10,23,1920972,624.191503,0.000325,624.191503,624.191503,FALSE,NA,NA,NA,NA,NA,NA,FALSE
"4884","A69-1602-3127",4884,"Noordzeekanaal","Katwijk 3","VR2W-119066",52.199717,4.426933,2017-11-14 20:12:58,2017-11-14 20:12:58,1,108,1731.169478,16.029347,2355.360981,-2189.693675,TRUE,624.191503,4,2017-11-14 20:16:37,2813.885178,219,12.8487907671233,TRUE
"4885","A69-1602-3127",4885,"Noordzeekanaal","Katwijk 2","VR2W-119055",52.207545,4.407171,2017-11-14 20:16:37,2017-11-14 20:16:37,1,219,1731.169478,7.904883,4086.530459,624.191503,FALSE,NA,NA,NA,NA,NA,NA,TRUE
"4886","A69-1602-3127",4886,"Noordzeekanaal","Katwijk 3","VR2W-119066",52.199717,4.426933,2017-11-14 20:22:44,2017-11-14 20:24:05,3,367,1731.169478,4.717083,5817.699937,-2189.693675,TRUE,624.191503,6,2017-11-14 20:27:46,2813.885178,302,9.31750058940397,TRUE
"4887","A69-1602-3127",4887,"Noordzeekanaal","Katwijk 2","VR2W-119055",52.207545,4.407171,2017-11-14 20:27:46,2017-11-17 01:26:16,4194,221,1731.169478,7.833346,7548.869415,624.191503,NA,NA,NA,NA,NA,NA,NA,TRUE
"4888","A69-1602-3127",4888,"Noordzeekanaal","Katwijk 1","VR2W-119057",52.210324,4.401197,2017-11-17 16:46:25,2017-11-17 22:05:05,307,55209,524.203298,0.009495,8073.072713,865.585746,FALSE,NA,NA,NA,NA,NA,NA,TRUE
"4889","A69-1602-3127",4889,"Noordzeekanaal","Katwijk 1","VR2W-119057",52.210324,4.401197,2017-11-18 02:43:29,2017-11-18 02:59:03,11,NA,NA,NA,8073.072713,865.585746,FALSE,NA,NA,NA,NA,NA,NA,TRUE
"4890","A69-1602-3127",4890,"Noordzeekanaal","Katwijk 1","VR2W-119057",52.210324,4.401197,2017-11-19 17:25:11,2017-11-19 17:25:11,1,NA,NA,NA,8073.072713,865.585746,FALSE,NA,NA,NA,NA,NA,NA,TRUE
"4891","A69-1602-3127",4891,"Noordzeekanaal","Katwijk 1","VR2W-119057",52.210324,4.401197,2017-11-20 02:49:46,2017-11-20 03:32:00,34,NA,NA,NA,8073.072713,865.585746,FALSE,NA,NA,NA,NA,NA,NA,TRUE
"4892","A69-1602-3127",4892,"Noordzeekanaal","Katwijk 1","VR2W-119057",52.210324,4.401197,2017-11-20 16:33:14,2017-11-20 19:08:43,98,NA,NA,NA,8073.072713,865.585746,FALSE,NA,NA,NA,NA,NA,NA,TRUE
"4893","A69-1602-3127",4893,"Noordzeekanaal","Katwijk 1","VR2W-119057",52.210324,4.401197,2017-11-20 21:45:59,2017-11-20 22:28:02,25,NA,NA,NA,8073.072713,865.585746,FALSE,NA,NA,NA,NA,NA,NA,TRUE
"4894","A69-1602-3127",4894,"Noordzeekanaal","Katwijk 1","VR2W-119057",52.210324,4.401197,2017-11-21 01:00:11,2017-11-21 01:10:48,6,NA,NA,NA,8073.072713,865.585746,FALSE,NA,NA,NA,NA,NA,NA,TRUE
"4895","A69-1602-3127",4895,"Noordzeekanaal","Katwijk 1","VR2W-119057",52.210324,4.401197,2017-11-21 14:32:15,2017-11-21 14:32:15,1,NA,NA,NA,8073.072713,865.585746,FALSE,NA,NA,NA,NA,NA,NA,TRUE
"4896","A69-1602-3127",4896,"Noordzeekanaal","Katwijk 1","VR2W-119057",52.210324,4.401197,2017-11-21 16:11:45,2017-11-21 17:25:09,27,NA,NA,NA,8073.072713,865.585746,FALSE,NA,NA,NA,NA,NA,NA,TRUE
"4897","A69-1602-3127",4897,"Noordzeekanaal","Katwijk 1","VR2W-119057",52.210324,4.401197,2017-11-21 18:42:55,2017-11-21 19:09:44,7,NA,NA,NA,8073.072713,865.585746,FALSE,NA,NA,NA,NA,NA,NA,TRUE
"4898","A69-1602-3127",4898,"Noordzeekanaal","Katwijk 1","VR2W-119057",52.210324,4.401197,2017-11-21 20:13:24,2017-11-21 21:34:58,6,NA,NA,NA,8073.072713,865.585746,FALSE,NA,NA,NA,NA,NA,NA,TRUE
"4899","A69-1602-3127",4899,"Noordzeekanaal","Katwijk 1","VR2W-119057",52.210324,4.401197,2017-11-22 00:10:33,2017-11-22 04:06:05,101,NA,NA,NA,8073.072713,865.585746,FALSE,NA,NA,NA,NA,NA,NA,TRUE
"4900","A69-1602-3127",4900,"Noordzeekanaal","Katwijk 1","VR2W-119057",52.210324,4.401197,2017-11-22 19:42:51,2017-11-22 20:19:50,22,NA,NA,NA,8073.072713,865.585746,FALSE,NA,NA,NA,NA,NA,NA,TRUE
"4901","A69-1602-3127",4901,"Noordzeekanaal","Katwijk 1","VR2W-119057",52.210324,4.401197,2017-11-23 16:48:21,2017-11-23 18:08:26,14,NA,NA,NA,8073.072713,865.585746,FALSE,NA,NA,NA,NA,NA,NA,TRUE
"4902","A69-1602-3127",4902,"Noordzeekanaal","Katwijk 1","VR2W-119057",52.210324,4.401197,2017-11-26 01:32:04,2017-11-26 01:39:44,6,NA,NA,NA,8073.072713,865.585746,FALSE,NA,NA,NA,NA,NA,NA,TRUE
"4903","A69-1602-3127",4903,"Noordzeekanaal","Katwijk 1","VR2W-119057",52.210324,4.401197,2017-11-27 20:04:09,2017-11-27 22:11:53,62,NA,NA,NA,8073.072713,865.585746,FALSE,NA,NA,NA,NA,NA,NA,TRUE
"4904","A69-1602-3127",4904,"Noordzeekanaal","Katwijk 1","VR2W-119057",52.210324,4.401197,2017-11-28 07:51:29,2017-11-28 08:15:23,11,NA,NA,NA,8073.072713,865.585746,FALSE,NA,NA,NA,NA,NA,NA,TRUE
"4905","A69-1602-3127",4905,"Noordzeekanaal","Katwijk 1","VR2W-119057",52.210324,4.401197,2017-11-28 16:17:39,2017-11-28 16:25:43,2,NA,NA,NA,8073.072713,865.585746,FALSE,NA,NA,NA,NA,NA,NA,TRUE
"4906","A69-1602-3127",4906,"Noordzeekanaal","Katwijk 1","VR2W-119057",52.210324,4.401197,2017-11-28 20:41:35,2017-11-29 01:06:29,221,NA,NA,NA,8073.072713,865.585746,FALSE,NA,NA,NA,NA,NA,NA,TRUE
"4907","A69-1602-3127",4907,"Noordzeekanaal","Katwijk 1","VR2W-119057",52.210324,4.401197,2017-11-29 02:15:35,2017-11-29 03:31:53,71,NA,NA,NA,8073.072713,865.585746,FALSE,NA,NA,NA,NA,NA,NA,TRUE
"4908","A69-1602-3127",4908,"Noordzeekanaal","Katwijk 1","VR2W-119057",52.210324,4.401197,2017-11-29 21:03:01,2017-11-30 04:36:49,339,NA,NA,NA,8073.072713,865.585746,FALSE,NA,NA,NA,NA,NA,NA,TRUE
"4909","A69-1602-3127",4909,"Noordzeekanaal","Katwijk 1","VR2W-119057",52.210324,4.401197,2017-12-02 05:51:32,2017-12-02 06:36:24,8,NA,NA,NA,8073.072713,865.585746,FALSE,NA,NA,NA,NA,NA,NA,TRUE
"4910","A69-1602-3127",4910,"Noordzeekanaal","Katwijk 1","VR2W-119057",52.210324,4.401197,2017-12-08 16:10:27,2017-12-08 16:27:13,10,NA,NA,NA,8073.072713,865.585746,NA,NA,NA,NA,NA,NA,NA,TRUE
"4911","A69-1602-3128",4911,"Noordzeekanaal","rel_noordzeekanaal8","none",52.204831,4.400155,2017-10-23 13:00:00,2017-10-23 13:00:00,1,NA,NA,NA,0,0,NA,NA,NA,NA,NA,NA,NA,FALSE
"4912","A69-1602-3128",4912,"Noordzeekanaal","Katwijk 2","VR2W-119055",52.207545,4.407171,2017-10-24 02:53:51,2017-10-24 03:26:45,20,50031,624.191503,0.012476,624.191503,624.191503,FALSE,NA,NA,NA,NA,NA,NA,FALSE
"4913","A69-1602-3128",4913,"Noordzeekanaal","Katwijk 3","VR2W-119066",52.199717,4.426933,2017-10-24 03:28:37,2017-10-24 04:30:44,53,112,1731.169478,15.45687,2355.360981,-2189.693675,FALSE,624.191503,9,2017-11-22 20:09:40,2813.885178,2565663,0.00109674777162862,FALSE
"4914","A69-1602-3128",4914,"Noordzeekanaal","Katwijk 3","VR2W-119066",52.199717,4.426933,2017-11-13 18:00:56,2017-11-13 19:04:42,32,NA,NA,NA,2355.360981,-2189.693675,FALSE,624.191503,9,2017-11-22 20:09:40,2813.885178,785324,0.00358308822600608,FALSE
"4915","A69-1602-3128",4915,"Noordzeekanaal","Katwijk 3","VR2W-119066",52.199717,4.426933,2017-11-16 17:11:14,2017-11-17 22:41:21,2034,NA,NA,NA,2355.360981,-2189.693675,FALSE,624.191503,9,2017-11-22 20:09:40,2813.885178,529106,0.00531818799635612,FALSE
"4916","A69-1602-3128",4916,"Noordzeekanaal","Katwijk 3","VR2W-119066",52.199717,4.426933,2017-11-18 19:38:33,2017-11-18 23:20:29,16,NA,NA,NA,2355.360981,-2189.693675,FALSE,624.191503,9,2017-11-22 20:09:40,2813.885178,347467,0.00809828034892522,FALSE
"4917","A69-1602-3128",4917,"Noordzeekanaal","Katwijk 3","VR2W-119066",52.199717,4.426933,2017-11-19 01:06:26,2017-11-19 01:56:39,50,NA,NA,NA,2355.360981,-2189.693675,FALSE,624.191503,9,2017-11-22 20:09:40,2813.885178,327794,0.00858430959077957,FALSE
"4918","A69-1602-3128",4918,"Noordzeekanaal","Katwijk 3","VR2W-119066",52.199717,4.426933,2017-11-22 19:12:31,2017-11-22 20:08:13,51,NA,NA,NA,2355.360981,-2189.693675,TRUE,624.191503,9,2017-11-22 20:09:40,2813.885178,3429,0.820613933508311,TRUE
"4919","A69-1602-3128",4919,"Noordzeekanaal","Katwijk 2","VR2W-119055",52.207545,4.407171,2017-11-22 20:09:40,2017-11-22 20:09:40,1,87,1731.169478,19.8985,4086.530459,624.191503,FALSE,NA,NA,NA,NA,NA,NA,TRUE
"4920","A69-1602-3128",4920,"Noordzeekanaal","Katwijk 3","VR2W-119066",52.199717,4.426933,2017-11-22 20:11:02,2017-11-22 20:12:20,2,82,1731.169478,21.111823,5817.699937,-2189.693675,TRUE,624.191503,11,2017-11-22 20:15:53,2813.885178,291,9.66970851546392,TRUE
"4921","A69-1602-3128",4921,"Noordzeekanaal","Katwijk 2","VR2W-119055",52.207545,4.407171,2017-11-22 20:15:53,2017-11-22 23:02:54,150,213,1731.169478,8.127556,7548.869415,624.191503,NA,NA,NA,NA,NA,NA,NA,TRUE
"4922","A69-1602-3129",4922,"Noordzeekanaal","rel_noordzeekanaal8","none",52.204831,4.400155,2017-10-23 13:00:00,2017-10-23 13:00:00,1,NA,NA,NA,0,0,NA,NA,NA,NA,NA,NA,NA,FALSE
"4923","A69-1602-3129",4923,"Noordzeekanaal","Katwijk 2","VR2W-119055",52.207545,4.407171,2017-10-26 20:00:40,2017-10-26 20:50:53,9,284440,624.191503,0.002194,624.191503,624.191503,FALSE,NA,NA,NA,NA,NA,NA,FALSE
"4924","A69-1602-3129",4924,"Noordzeekanaal","Katwijk 3","VR2W-119066",52.199717,4.426933,2017-10-26 21:05:47,2017-10-26 21:51:47,31,894,1731.169478,1.936431,2355.360981,-2189.693675,NA,NA,NA,NA,NA,NA,NA,FALSE
"4925","A69-1602-3130",4925,"Noordzeekanaal","rel_noordzeekanaal8","none",52.204831,4.400155,2017-10-23 13:00:00,2017-10-23 13:00:00,1,NA,NA,NA,0,0,NA,NA,NA,NA,NA,NA,NA,FALSE
"4926","A69-1602-3130",4926,"Noordzeekanaal","Katwijk 2","VR2W-119055",52.207545,4.407171,2017-10-23 15:07:48,2017-10-26 18:07:08,5955,7668,624.191503,0.081402,624.191503,624.191503,NA,NA,NA,NA,NA,NA,NA,FALSE
"4927","A69-1602-3130",4927,"Noordzeekanaal","Katwijk 1","VR2W-119057",52.210324,4.401197,2017-10-26 19:22:12,2017-10-27 07:34:46,334,4504,524.203298,0.116386,1148.394801,865.585746,FALSE,NA,NA,NA,NA,NA,NA,FALSE
"4928","A69-1602-3130",4928,"Noordzeekanaal","Katwijk 1","VR2W-119057",52.210324,4.401197,2017-10-27 20:15:45,2017-10-28 12:18:12,744,NA,NA,NA,1148.394801,865.585746,FALSE,NA,NA,NA,NA,NA,NA,FALSE
"4929","A69-1602-3130",4929,"Noordzeekanaal","Katwijk 1","VR2W-119057",52.210324,4.401197,2017-10-28 15:23:58,2017-10-28 20:12:52,225,NA,NA,NA,1148.394801,865.585746,FALSE,NA,NA,NA,NA,NA,NA,FALSE
"4930","A69-1602-3130",4930,"Noordzeekanaal","Katwijk 1","VR2W-119057",52.210324,4.401197,2017-10-28 21:39:04,2017-10-29 00:32:23,16,NA,NA,NA,1148.394801,865.585746,FALSE,NA,NA,NA,NA,NA,NA,FALSE
"4931","A69-1602-3130",4931,"Noordzeekanaal","Katwijk 1","VR2W-119057",52.210324,4.401197,2017-10-29 07:28:26,2017-10-30 02:09:33,897,NA,NA,NA,1148.394801,865.585746,FALSE,NA,NA,NA,NA,NA,NA,FALSE
"4932","A69-1602-3130",4932,"Noordzeekanaal","Katwijk 1","VR2W-119057",52.210324,4.401197,2017-10-30 03:26:46,2017-10-30 05:19:39,102,NA,NA,NA,1148.394801,865.585746,FALSE,NA,NA,NA,NA,NA,NA,FALSE
"4933","A69-1602-3130",4933,"Noordzeekanaal","Katwijk 1","VR2W-119057",52.210324,4.401197,2017-10-31 02:54:58,2017-10-31 08:18:17,203,NA,NA,NA,1148.394801,865.585746,FALSE,NA,NA,NA,NA,NA,NA,FALSE
"4934","A69-1602-3130",4934,"Noordzeekanaal","Katwijk 1","VR2W-119057",52.210324,4.401197,2017-11-03 16:17:30,2017-11-04 16:12:33,979,NA,NA,NA,1148.394801,865.585746,FALSE,NA,NA,NA,NA,NA,NA,FALSE
"4935","A69-1602-3130",4935,"Noordzeekanaal","Katwijk 1","VR2W-119057",52.210324,4.401197,2017-11-04 17:14:28,2017-11-06 07:26:43,1245,NA,NA,NA,1148.394801,865.585746,FALSE,NA,NA,NA,NA,NA,NA,FALSE
"4936","A69-1602-3130",4936,"Noordzeekanaal","Katwijk 1","VR2W-119057",52.210324,4.401197,2017-11-06 19:30:24,2017-11-07 06:17:46,500,NA,NA,NA,1148.394801,865.585746,FALSE,NA,NA,NA,NA,NA,NA,FALSE
"4937","A69-1602-3130",4937,"Noordzeekanaal","Katwijk 1","VR2W-119057",52.210324,4.401197,2017-11-07 17:05:19,2017-11-08 12:01:16,567,NA,NA,NA,1148.394801,865.585746,FALSE,NA,NA,NA,NA,NA,NA,FALSE
"4938","A69-1602-3130",4938,"Noordzeekanaal","Katwijk 1","VR2W-119057",52.210324,4.401197,2017-11-08 16:30:29,2017-11-09 06:51:46,578,NA,NA,NA,1148.394801,865.585746,FALSE,NA,NA,NA,NA,NA,NA,FALSE
"4939","A69-1602-3130",4939,"Noordzeekanaal","Katwijk 1","VR2W-119057",52.210324,4.401197,2017-11-10 16:28:58,2017-11-11 06:18:54,477,NA,NA,NA,1148.394801,865.585746,FALSE,NA,NA,NA,NA,NA,NA,FALSE
"4940","A69-1602-3130",4940,"Noordzeekanaal","Katwijk 1","VR2W-119057",52.210324,4.401197,2017-11-11 08:59:41,2017-11-11 09:23:21,7,NA,NA,NA,1148.394801,865.585746,FALSE,NA,NA,NA,NA,NA,NA,FALSE
"4941","A69-1602-3130",4941,"Noordzeekanaal","Katwijk 1","VR2W-119057",52.210324,4.401197,2017-11-11 12:28:05,2017-11-11 13:13:32,35,NA,NA,NA,1148.394801,865.585746,FALSE,NA,NA,NA,NA,NA,NA,FALSE
"4942","A69-1602-3130",4942,"Noordzeekanaal","Katwijk 1","VR2W-119057",52.210324,4.401197,2017-11-11 15:33:02,2017-11-11 20:44:43,210,NA,NA,NA,1148.394801,865.585746,FALSE,NA,NA,NA,NA,NA,NA,FALSE
"4943","A69-1602-3130",4943,"Noordzeekanaal","Katwijk 1","VR2W-119057",52.210324,4.401197,2017-11-11 21:45:02,2017-11-12 05:04:06,122,NA,NA,NA,1148.394801,865.585746,FALSE,NA,NA,NA,NA,NA,NA,FALSE
"4944","A69-1602-3130",4944,"Noordzeekanaal","Katwijk 1","VR2W-119057",52.210324,4.401197,2017-11-12 15:58:23,2017-11-12 19:16:56,162,NA,NA,NA,1148.394801,865.585746,FALSE,NA,NA,NA,NA,NA,NA,FALSE
"4945","A69-1602-3130",4945,"Noordzeekanaal","Katwijk 1","VR2W-119057",52.210324,4.401197,2017-11-13 06:31:44,2017-11-13 06:43:13,13,NA,NA,NA,1148.394801,865.585746,FALSE,NA,NA,NA,NA,NA,NA,FALSE
"4946","A69-1602-3130",4946,"Noordzeekanaal","Katwijk 1","VR2W-119057",52.210324,4.401197,2017-11-13 19:11:05,2017-11-14 03:22:12,349,NA,NA,NA,1148.394801,865.585746,FALSE,NA,NA,NA,NA,NA,NA,FALSE
"4947","A69-1602-3130",4947,"Noordzeekanaal","Katwijk 1","VR2W-119057",52.210324,4.401197,2017-11-14 15:08:38,2017-11-14 20:31:37,348,NA,NA,NA,1148.394801,865.585746,FALSE,NA,NA,NA,NA,NA,NA,FALSE
"4948","A69-1602-3130",4948,"Noordzeekanaal","Katwijk 1","VR2W-119057",52.210324,4.401197,2017-11-15 13:25:43,2017-11-15 13:37:26,8,NA,NA,NA,1148.394801,865.585746,FALSE,NA,NA,NA,NA,NA,NA,FALSE
"4949","A69-1602-3130",4949,"Noordzeekanaal","Katwijk 1","VR2W-119057",52.210324,4.401197,2017-11-15 17:11:30,2017-11-16 05:00:25,827,NA,NA,NA,1148.394801,865.585746,FALSE,NA,NA,NA,NA,NA,NA,FALSE
"4950","A69-1602-3130",4950,"Noordzeekanaal","Katwijk 1","VR2W-119057",52.210324,4.401197,2017-11-19 16:18:45,2017-11-19 18:23:12,127,NA,NA,NA,1148.394801,865.585746,FALSE,NA,NA,NA,NA,NA,NA,FALSE
"4951","A69-1602-3130",4951,"Noordzeekanaal","Katwijk 1","VR2W-119057",52.210324,4.401197,2017-11-19 19:58:29,2017-11-19 21:17:19,67,NA,NA,NA,1148.394801,865.585746,FALSE,NA,NA,NA,NA,NA,NA,FALSE
"4952","A69-1602-3130",4952,"Noordzeekanaal","Katwijk 1","VR2W-119057",52.210324,4.401197,2017-11-23 17:45:37,2017-11-23 19:21:11,105,NA,NA,NA,1148.394801,865.585746,FALSE,NA,NA,NA,NA,NA,NA,FALSE
"4953","A69-1602-3130",4953,"Noordzeekanaal","Katwijk 2","VR2W-119055",52.207545,4.407171,2017-11-24 19:55:41,2017-11-26 19:00:04,3118,88470,524.203298,0.005925,1672.598099,624.191503,NA,NA,NA,NA,NA,NA,NA,FALSE
"4954","A69-1602-3130",4954,"Noordzeekanaal","Katwijk 1","VR2W-119057",52.210324,4.401197,2017-11-28 22:34:24,2017-11-29 12:03:33,395,185660,524.203298,0.002823,2196.801397,865.585746,FALSE,NA,NA,NA,NA,NA,NA,FALSE
"4955","A69-1602-3130",4955,"Noordzeekanaal","Katwijk 2","VR2W-119055",52.207545,4.407171,2017-11-29 13:34:25,2017-11-29 16:19:15,166,5452,524.203298,0.096149,2721.004695,624.191503,NA,NA,NA,NA,NA,NA,NA,FALSE
"4956","A69-1602-3130",4956,"Noordzeekanaal","Katwijk 1","VR2W-119057",52.210324,4.401197,2017-12-01 19:34:13,2017-12-01 20:18:46,48,184498,524.203298,0.002841,3245.207993,865.585746,FALSE,NA,NA,NA,NA,NA,NA,FALSE
"4957","A69-1602-3130",4957,"Noordzeekanaal","Katwijk 1","VR2W-119057",52.210324,4.401197,2017-12-01 23:41:56,2017-12-01 23:59:53,11,NA,NA,NA,3245.207993,865.585746,FALSE,NA,NA,NA,NA,NA,NA,FALSE
"4958","A69-1602-3130",4958,"Noordzeekanaal","Katwijk 1","VR2W-119057",52.210324,4.401197,2017-12-04 16:21:40,2017-12-04 16:46:45,20,NA,NA,NA,3245.207993,865.585746,FALSE,NA,NA,NA,NA,NA,NA,FALSE
"4959","A69-1602-3130",4959,"Noordzeekanaal","Katwijk 1","VR2W-119057",52.210324,4.401197,2017-12-04 20:05:27,2017-12-04 20:42:43,25,NA,NA,NA,3245.207993,865.585746,FALSE,NA,NA,NA,NA,NA,NA,FALSE
"4960","A69-1602-3130",4960,"Noordzeekanaal","Katwijk 1","VR2W-119057",52.210324,4.401197,2017-12-06 15:33:50,2017-12-10 02:40:09,5661,NA,NA,NA,3245.207993,865.585746,FALSE,NA,NA,NA,NA,NA,NA,FALSE
"4961","A69-1602-3130",4961,"Noordzeekanaal","Katwijk 3","VR2W-119066",52.199717,4.426933,2017-12-10 02:43:08,2017-12-10 02:43:08,1,179,2255.372776,12.599848,5500.580769,-2189.693675,TRUE,624.191503,38,2017-12-10 02:52:17,2813.885178,549,5.12547391256831,TRUE
"4962","A69-1602-3130",4962,"Noordzeekanaal","Katwijk 2","VR2W-119055",52.207545,4.407171,2017-12-10 02:52:17,2017-12-10 03:16:13,14,549,1731.169478,3.153314,7231.750247,624.191503,FALSE,NA,NA,NA,NA,NA,NA,TRUE
"4963","A69-1602-3130",4963,"Noordzeekanaal","Katwijk 3","VR2W-119066",52.199717,4.426933,2017-12-10 03:31:15,2017-12-10 04:58:53,66,902,1731.169478,1.919257,8962.919725,-2189.693675,TRUE,624.191503,40,2017-12-10 04:59:45,2813.885178,5310,0.529921879096045,TRUE
"4964","A69-1602-3130",4964,"Noordzeekanaal","Katwijk 2","VR2W-119055",52.207545,4.407171,2017-12-10 04:59:45,2017-12-10 04:59:45,1,52,1731.169478,33.291721,10694.089203,624.191503,FALSE,NA,NA,NA,NA,NA,NA,TRUE
"4965","A69-1602-3130",4965,"Noordzeekanaal","Katwijk 3","VR2W-119066",52.199717,4.426933,2017-12-10 05:02:51,2017-12-10 05:02:51,1,186,1731.169478,9.307363,12425.258681,-2189.693675,TRUE,624.191503,42,2017-12-10 05:04:35,2813.885178,104,27.05658825,TRUE
"4966","A69-1602-3130",4966,"Noordzeekanaal","Katwijk 2","VR2W-119055",52.207545,4.407171,2017-12-10 05:04:35,2017-12-10 05:13:42,3,104,1731.169478,16.64586,14156.428159,624.191503,FALSE,NA,NA,NA,NA,NA,NA,TRUE
"4967","A69-1602-3130",4967,"Noordzeekanaal","Katwijk 2","VR2W-119055",52.207545,4.407171,2017-12-10 15:47:23,2017-12-10 16:35:39,10,NA,NA,NA,14156.428159,624.191503,FALSE,NA,NA,NA,NA,NA,NA,TRUE
"4968","A69-1602-3130",4968,"Noordzeekanaal","Katwijk 3","VR2W-119066",52.199717,4.426933,2017-12-10 16:52:38,2017-12-10 19:32:19,42,1019,1731.169478,1.698891,15887.597637,-2189.693675,TRUE,624.191503,45,2017-12-10 19:36:21,2813.885178,9823,0.28645883925481,TRUE
"4969","A69-1602-3130",4969,"Noordzeekanaal","Katwijk 2","VR2W-119055",52.207545,4.407171,2017-12-10 19:36:21,2017-12-10 19:36:21,1,242,1731.169478,7.153593,17618.767115,624.191503,FALSE,NA,NA,NA,NA,NA,NA,TRUE
"4970","A69-1602-3130",4970,"Noordzeekanaal","Katwijk 3","VR2W-119066",52.199717,4.426933,2017-12-10 19:36:44,2017-12-11 01:10:21,222,23,1731.169478,75.268238,19349.936593,-2189.693675,FALSE,624.191503,48,2017-12-12 05:36:02,2813.885178,122358,0.0229971491688324,TRUE
"4971","A69-1602-3130",4971,"Noordzeekanaal","Katwijk 3","VR2W-119066",52.199717,4.426933,2017-12-12 04:08:05,2017-12-12 05:35:41,79,NA,NA,NA,19349.936593,-2189.693675,TRUE,624.191503,48,2017-12-12 05:36:02,2813.885178,5277,0.533235773735077,TRUE
"4972","A69-1602-3130",4972,"Noordzeekanaal","Katwijk 2","VR2W-119055",52.207545,4.407171,2017-12-12 05:36:02,2017-12-12 05:36:02,1,21,1731.169478,82.436642,21081.106071,624.191503,FALSE,NA,NA,NA,NA,NA,NA,TRUE
"4973","A69-1602-3130",4973,"Noordzeekanaal","Katwijk 3","VR2W-119066",52.199717,4.426933,2017-12-12 05:44:58,2017-12-12 05:56:30,7,536,1731.169478,3.229794,22812.275549,-2189.693675,TRUE,624.191503,50,2017-12-12 06:19:12,2813.885178,2054,1.36995383544304,TRUE
"4974","A69-1602-3130",4974,"Noordzeekanaal","Katwijk 2","VR2W-119055",52.207545,4.407171,2017-12-12 06:19:12,2017-12-12 07:20:22,10,1362,1731.169478,1.27105,24543.445027,624.191503,FALSE,NA,NA,NA,NA,NA,NA,TRUE
"4975","A69-1602-3130",4975,"Noordzeekanaal","Katwijk 2","VR2W-119055",52.207545,4.407171,2017-12-12 16:15:58,2017-12-12 18:44:51,164,NA,NA,NA,24543.445027,624.191503,NA,NA,NA,NA,NA,NA,NA,TRUE
"4976","A69-1602-3130",4976,"Noordzeekanaal","Katwijk 1","VR2W-119057",52.210324,4.401197,2017-12-12 19:53:48,2017-12-12 20:13:55,2,4137,524.203298,0.126711,25067.648325,865.585746,FALSE,NA,NA,NA,NA,NA,NA,TRUE
"4977","A69-1602-3130",4977,"Noordzeekanaal","Katwijk 1","VR2W-119057",52.210324,4.401197,2017-12-15 00:50:38,2017-12-15 01:15:30,9,NA,NA,NA,25067.648325,865.585746,NA,NA,NA,NA,NA,NA,NA,TRUE
"4978","A69-1602-3131",4978,"Noordzeekanaal","rel_noordzeekanaal8","none",52.204831,4.400155,2017-10-23 13:00:00,2017-10-23 13:00:00,1,NA,NA,NA,0,0,NA,NA,NA,NA,NA,NA,NA,FALSE
"4979","A69-1602-3131",4979,"Noordzeekanaal","Katwijk 2","VR2W-119055",52.207545,4.407171,2017-10-27 03:49:20,2017-10-27 05:13:11,56,312560,624.191503,0.001997,624.191503,624.191503,FALSE,NA,NA,NA,NA,NA,NA,FALSE
"4980","A69-1602-3131",4980,"Noordzeekanaal","Katwijk 3","VR2W-119066",52.199717,4.426933,2017-10-27 05:33:40,2017-10-27 07:19:34,71,1229,1731.169478,1.4086,2355.360981,-2189.693675,FALSE,NA,NA,NA,NA,NA,NA,FALSE
"4981","A69-1602-3131",4981,"Noordzeekanaal","Katwijk 3","VR2W-119066",52.199717,4.426933,2017-10-27 08:40:52,2017-10-27 08:45:13,2,NA,NA,NA,2355.360981,-2189.693675,NA,NA,NA,NA,NA,NA,NA,FALSE
"4982","A69-1602-3132",4982,"Noordzeekanaal","rel_noordzeekanaal8","none",52.204831,4.400155,2017-10-23 13:00:00,2017-10-23 13:00:00,1,NA,NA,NA,0,0,NA,NA,NA,NA,NA,NA,NA,FALSE
"4983","A69-1602-3132",4983,"Noordzeekanaal","Katwijk 2","VR2W-119055",52.207545,4.407171,2017-11-17 00:46:25,2017-11-17 08:26:38,362,2115985,624.191503,0.000295,624.191503,624.191503,NA,NA,NA,NA,NA,NA,NA,FALSE
"4984","A69-1602-3132",4984,"Noordzeekanaal","Katwijk 1","VR2W-119057",52.210324,4.401197,2017-11-17 13:33:20,2017-11-17 13:39:23,3,18402,524.203298,0.028486,1148.394801,865.585746,FALSE,NA,NA,NA,NA,NA,NA,FALSE
"4985","A69-1602-3132",4985,"Noordzeekanaal","Katwijk 1","VR2W-119057",52.210324,4.401197,2017-11-17 15:42:03,2017-11-17 18:27:24,175,NA,NA,NA,1148.394801,865.585746,FALSE,NA,NA,NA,NA,NA,NA,FALSE
"4986","A69-1602-3132",4986,"Noordzeekanaal","Katwijk 1","VR2W-119057",52.210324,4.401197,2017-11-17 19:55:03,2017-11-17 20:39:50,41,NA,NA,NA,1148.394801,865.585746,FALSE,NA,NA,NA,NA,NA,NA,FALSE
"4987","A69-1602-3132",4987,"Noordzeekanaal","Katwijk 1","VR2W-119057",52.210324,4.401197,2017-11-17 23:51:13,2017-11-17 23:53:11,2,NA,NA,NA,1148.394801,865.585746,FALSE,NA,NA,NA,NA,NA,NA,FALSE
"4988","A69-1602-3132",4988,"Noordzeekanaal","Katwijk 1","VR2W-119057",52.210324,4.401197,2017-11-18 01:54:47,2017-11-18 02:24:25,10,NA,NA,NA,1148.394801,865.585746,FALSE,NA,NA,NA,NA,NA,NA,FALSE
"4989","A69-1602-3132",4989,"Noordzeekanaal","Katwijk 1","VR2W-119057",52.210324,4.401197,2017-11-18 05:19:11,2017-11-18 05:36:20,12,NA,NA,NA,1148.394801,865.585746,FALSE,NA,NA,NA,NA,NA,NA,FALSE
"4990","A69-1602-3132",4990,"Noordzeekanaal","Katwijk 1","VR2W-119057",52.210324,4.401197,2017-11-18 15:26:30,2017-11-18 21:52:17,296,NA,NA,NA,1148.394801,865.585746,FALSE,NA,NA,NA,NA,NA,NA,FALSE
"4991","A69-1602-3132",4991,"Noordzeekanaal","Katwijk 1","VR2W-119057",52.210324,4.401197,2017-11-19 01:35:49,2017-11-19 03:31:31,109,NA,NA,NA,1148.394801,865.585746,FALSE,NA,NA,NA,NA,NA,NA,FALSE
"4992","A69-1602-3132",4992,"Noordzeekanaal","Katwijk 1","VR2W-119057",52.210324,4.401197,2017-11-19 15:55:29,2017-11-19 22:44:42,249,NA,NA,NA,1148.394801,865.585746,FALSE,NA,NA,NA,NA,NA,NA,FALSE
"4993","A69-1602-3132",4993,"Noordzeekanaal","Katwijk 1","VR2W-119057",52.210324,4.401197,2017-11-20 23:53:58,2017-11-21 02:15:01,40,NA,NA,NA,1148.394801,865.585746,FALSE,NA,NA,NA,NA,NA,NA,FALSE
"4994","A69-1602-3132",4994,"Noordzeekanaal","Katwijk 1","VR2W-119057",52.210324,4.401197,2017-11-22 17:25:19,2017-11-22 18:44:28,66,NA,NA,NA,1148.394801,865.585746,FALSE,NA,NA,NA,NA,NA,NA,FALSE
"4995","A69-1602-3132",4995,"Noordzeekanaal","Katwijk 1","VR2W-119057",52.210324,4.401197,2017-11-22 23:52:49,2017-11-23 05:44:49,198,NA,NA,NA,1148.394801,865.585746,FALSE,NA,NA,NA,NA,NA,NA,FALSE
"4996","A69-1602-3132",4996,"Noordzeekanaal","Katwijk 1","VR2W-119057",52.210324,4.401197,2017-11-24 04:48:19,2017-11-24 05:29:17,17,NA,NA,NA,1148.394801,865.585746,FALSE,NA,NA,NA,NA,NA,NA,FALSE
"4997","A69-1602-3132",4997,"Noordzeekanaal","Katwijk 1","VR2W-119057",52.210324,4.401197,2017-11-24 16:38:53,2017-11-24 22:51:23,256,NA,NA,NA,1148.394801,865.585746,FALSE,NA,NA,NA,NA,NA,NA,FALSE
"4998","A69-1602-3132",4998,"Noordzeekanaal","Katwijk 1","VR2W-119057",52.210324,4.401197,2017-11-27 20:53:59,2017-11-28 00:25:26,113,NA,NA,NA,1148.394801,865.585746,FALSE,NA,NA,NA,NA,NA,NA,FALSE
"4999","A69-1602-3132",4999,"Noordzeekanaal","Katwijk 1","VR2W-119057",52.210324,4.401197,2017-11-30 23:17:28,2017-11-30 23:17:28,1,NA,NA,NA,1148.394801,865.585746,FALSE,NA,NA,NA,NA,NA,NA,FALSE
"5000","A69-1602-3132",5000,"Noordzeekanaal","Katwijk 1","VR2W-119057",52.210324,4.401197,2017-12-18 01:32:39,2017-12-18 04:26:28,48,NA,NA,NA,1148.394801,865.585746,FALSE,NA,NA,NA,NA,NA,NA,FALSE
"5001","A69-1602-3132",5001,"Noordzeekanaal","Katwijk 1","VR2W-119057",52.210324,4.401197,2017-12-18 16:27:48,2017-12-18 18:13:54,57,NA,NA,NA,1148.394801,865.585746,FALSE,NA,NA,NA,NA,NA,NA,FALSE
"5002","A69-1602-3132",5002,"Noordzeekanaal","Katwijk 1","VR2W-119057",52.210324,4.401197,2017-12-26 16:07:34,2017-12-26 19:59:17,128,NA,NA,NA,1148.394801,865.585746,FALSE,NA,NA,NA,NA,NA,NA,FALSE
"5003","A69-1602-3132",5003,"Noordzeekanaal","Katwijk 1","VR2W-119057",52.210324,4.401197,2017-12-26 21:17:08,2017-12-26 22:41:41,90,NA,NA,NA,1148.394801,865.585746,FALSE,NA,NA,NA,NA,NA,NA,FALSE
"5004","A69-1602-3132",5004,"Noordzeekanaal","Katwijk 1","VR2W-119057",52.210324,4.401197,2017-12-27 15:40:34,2017-12-27 18:47:45,172,NA,NA,NA,1148.394801,865.585746,FALSE,NA,NA,NA,NA,NA,NA,FALSE
"5005","A69-1602-3132",5005,"Noordzeekanaal","Katwijk 1","VR2W-119057",52.210324,4.401197,2017-12-27 19:57:33,2017-12-27 20:52:52,44,NA,NA,NA,1148.394801,865.585746,FALSE,NA,NA,NA,NA,NA,NA,FALSE
"5006","A69-1602-3132",5006,"Noordzeekanaal","Katwijk 1","VR2W-119057",52.210324,4.401197,2017-12-28 16:14:57,2017-12-28 17:12:29,8,NA,NA,NA,1148.394801,865.585746,FALSE,NA,NA,NA,NA,NA,NA,FALSE
"5007","A69-1602-3132",5007,"Noordzeekanaal","Katwijk 1","VR2W-119057",52.210324,4.401197,2018-01-03 16:47:28,2018-01-03 17:12:56,30,NA,NA,NA,1148.394801,865.585746,NA,NA,NA,NA,NA,NA,NA,FALSE
"5008","A69-1602-3133",5008,"Noordzeekanaal","rel_noordzeekanaal8","none",52.204831,4.400155,2017-10-23 13:00:00,2017-10-23 13:00:00,1,NA,NA,NA,0,0,NA,NA,NA,NA,NA,NA,NA,FALSE
"5009","A69-1602-3133",5009,"Noordzeekanaal","Katwijk 2","VR2W-119055",52.207545,4.407171,2017-11-05 01:10:16,2017-11-05 02:10:20,37,1080616,624.191503,0.000578,624.191503,624.191503,FALSE,NA,NA,NA,NA,NA,NA,FALSE
"5010","A69-1602-3133",5010,"Noordzeekanaal","Katwijk 3","VR2W-119066",52.199717,4.426933,2017-11-05 02:11:25,2017-11-05 02:12:17,2,65,1731.169478,26.633377,2355.360981,-2189.693675,TRUE,624.191503,4,2017-11-05 02:51:01,2813.885178,2376,1.18429510858586,TRUE
"5011","A69-1602-3133",5011,"Noordzeekanaal","Katwijk 2","VR2W-119055",52.207545,4.407171,2017-11-05 02:51:01,2017-11-05 08:54:59,259,2324,1731.169478,0.744909,4086.530459,624.191503,NA,NA,NA,NA,NA,NA,NA,TRUE
"5012","A69-1602-3133",5012,"Noordzeekanaal","Katwijk 1","VR2W-119057",52.210324,4.401197,2017-11-05 10:21:13,2017-11-05 11:55:41,18,5174,524.203298,0.101315,4610.733757,865.585746,FALSE,NA,NA,NA,NA,NA,NA,TRUE
"5013","A69-1602-3133",5013,"Noordzeekanaal","Katwijk 1","VR2W-119057",52.210324,4.401197,2017-11-05 13:47:49,2017-11-06 00:20:23,352,NA,NA,NA,4610.733757,865.585746,FALSE,NA,NA,NA,NA,NA,NA,TRUE
"5014","A69-1602-3133",5014,"Noordzeekanaal","Katwijk 1","VR2W-119057",52.210324,4.401197,2017-11-06 01:49:43,2017-11-06 08:47:01,214,NA,NA,NA,4610.733757,865.585746,FALSE,NA,NA,NA,NA,NA,NA,TRUE
"5015","A69-1602-3133",5015,"Noordzeekanaal","Katwijk 1","VR2W-119057",52.210324,4.401197,2017-11-06 15:14:35,2017-11-07 14:30:18,920,NA,NA,NA,4610.733757,865.585746,FALSE,NA,NA,NA,NA,NA,NA,TRUE
"5016","A69-1602-3133",5016,"Noordzeekanaal","Katwijk 1","VR2W-119057",52.210324,4.401197,2017-11-07 17:55:53,2017-11-09 05:56:36,1159,NA,NA,NA,4610.733757,865.585746,FALSE,NA,NA,NA,NA,NA,NA,TRUE
"5017","A69-1602-3133",5017,"Noordzeekanaal","Katwijk 1","VR2W-119057",52.210324,4.401197,2017-11-09 16:06:47,2017-11-10 05:21:53,492,NA,NA,NA,4610.733757,865.585746,FALSE,NA,NA,NA,NA,NA,NA,TRUE
"5018","A69-1602-3133",5018,"Noordzeekanaal","Katwijk 1","VR2W-119057",52.210324,4.401197,2017-11-10 16:46:15,2017-11-11 00:40:46,220,NA,NA,NA,4610.733757,865.585746,FALSE,NA,NA,NA,NA,NA,NA,TRUE
"5019","A69-1602-3133",5019,"Noordzeekanaal","Katwijk 1","VR2W-119057",52.210324,4.401197,2017-11-11 15:49:39,2017-11-12 00:26:56,287,NA,NA,NA,4610.733757,865.585746,FALSE,NA,NA,NA,NA,NA,NA,TRUE
"5020","A69-1602-3133",5020,"Noordzeekanaal","Katwijk 1","VR2W-119057",52.210324,4.401197,2017-11-12 05:13:41,2017-11-12 05:18:35,5,NA,NA,NA,4610.733757,865.585746,FALSE,NA,NA,NA,NA,NA,NA,TRUE
"5021","A69-1602-3133",5021,"Noordzeekanaal","Katwijk 1","VR2W-119057",52.210324,4.401197,2017-11-12 15:32:53,2017-11-12 23:39:50,323,NA,NA,NA,4610.733757,865.585746,FALSE,NA,NA,NA,NA,NA,NA,TRUE
"5022","A69-1602-3133",5022,"Noordzeekanaal","Katwijk 1","VR2W-119057",52.210324,4.401197,2017-11-13 01:25:09,2017-11-13 01:43:11,9,NA,NA,NA,4610.733757,865.585746,FALSE,NA,NA,NA,NA,NA,NA,TRUE
"5023","A69-1602-3133",5023,"Noordzeekanaal","Katwijk 1","VR2W-119057",52.210324,4.401197,2017-11-13 03:31:22,2017-11-13 06:42:18,90,NA,NA,NA,4610.733757,865.585746,FALSE,NA,NA,NA,NA,NA,NA,TRUE
"5024","A69-1602-3133",5024,"Noordzeekanaal","Katwijk 1","VR2W-119057",52.210324,4.401197,2017-11-13 15:34:28,2017-11-13 18:31:08,162,NA,NA,NA,4610.733757,865.585746,FALSE,NA,NA,NA,NA,NA,NA,TRUE
"5025","A69-1602-3133",5025,"Noordzeekanaal","Katwijk 1","VR2W-119057",52.210324,4.401197,2017-11-13 19:42:54,2017-11-13 19:49:40,3,NA,NA,NA,4610.733757,865.585746,FALSE,NA,NA,NA,NA,NA,NA,TRUE
"5026","A69-1602-3133",5026,"Noordzeekanaal","Katwijk 1","VR2W-119057",52.210324,4.401197,2017-11-13 22:25:28,2017-11-13 22:29:53,5,NA,NA,NA,4610.733757,865.585746,FALSE,NA,NA,NA,NA,NA,NA,TRUE
"5027","A69-1602-3133",5027,"Noordzeekanaal","Katwijk 1","VR2W-119057",52.210324,4.401197,2017-11-13 23:53:21,2017-11-13 23:53:21,1,NA,NA,NA,4610.733757,865.585746,FALSE,NA,NA,NA,NA,NA,NA,TRUE
"5028","A69-1602-3133",5028,"Noordzeekanaal","Katwijk 1","VR2W-119057",52.210324,4.401197,2017-11-14 03:17:35,2017-11-14 03:50:32,6,NA,NA,NA,4610.733757,865.585746,FALSE,NA,NA,NA,NA,NA,NA,TRUE
"5029","A69-1602-3133",5029,"Noordzeekanaal","Katwijk 1","VR2W-119057",52.210324,4.401197,2017-11-14 06:00:58,2017-11-14 06:00:58,1,NA,NA,NA,4610.733757,865.585746,FALSE,NA,NA,NA,NA,NA,NA,TRUE
"5030","A69-1602-3133",5030,"Noordzeekanaal","Katwijk 1","VR2W-119057",52.210324,4.401197,2017-11-14 10:19:18,2017-11-14 13:22:50,68,NA,NA,NA,4610.733757,865.585746,FALSE,NA,NA,NA,NA,NA,NA,TRUE
"5031","A69-1602-3133",5031,"Noordzeekanaal","Katwijk 1","VR2W-119057",52.210324,4.401197,2017-11-14 15:54:06,2017-11-15 04:30:49,668,NA,NA,NA,4610.733757,865.585746,FALSE,NA,NA,NA,NA,NA,NA,TRUE
"5032","A69-1602-3133",5032,"Noordzeekanaal","Katwijk 1","VR2W-119057",52.210324,4.401197,2017-11-16 16:18:56,2017-11-16 18:03:23,95,NA,NA,NA,4610.733757,865.585746,FALSE,NA,NA,NA,NA,NA,NA,TRUE
"5033","A69-1602-3133",5033,"Noordzeekanaal","Katwijk 1","VR2W-119057",52.210324,4.401197,2017-11-19 16:17:49,2017-11-19 16:20:16,3,NA,NA,NA,4610.733757,865.585746,FALSE,NA,NA,NA,NA,NA,NA,TRUE
"5034","A69-1602-3133",5034,"Noordzeekanaal","Katwijk 1","VR2W-119057",52.210324,4.401197,2017-11-22 01:21:35,2017-11-22 01:21:35,1,NA,NA,NA,4610.733757,865.585746,FALSE,NA,NA,NA,NA,NA,NA,TRUE
"5035","A69-1602-3133",5035,"Noordzeekanaal","Katwijk 1","VR2W-119057",52.210324,4.401197,2017-11-24 16:26:33,2017-11-24 16:26:33,1,NA,NA,NA,4610.733757,865.585746,FALSE,NA,NA,NA,NA,NA,NA,TRUE
"5036","A69-1602-3133",5036,"Noordzeekanaal","Katwijk 1","VR2W-119057",52.210324,4.401197,2017-11-27 20:24:13,2017-11-27 23:01:18,100,NA,NA,NA,4610.733757,865.585746,FALSE,NA,NA,NA,NA,NA,NA,TRUE
"5037","A69-1602-3133",5037,"Noordzeekanaal","Katwijk 1","VR2W-119057",52.210324,4.401197,2017-11-28 16:11:49,2017-11-28 17:13:03,42,NA,NA,NA,4610.733757,865.585746,FALSE,NA,NA,NA,NA,NA,NA,TRUE
"5038","A69-1602-3133",5038,"Noordzeekanaal","Katwijk 1","VR2W-119057",52.210324,4.401197,2017-11-30 01:47:55,2017-11-30 02:25:30,46,NA,NA,NA,4610.733757,865.585746,FALSE,NA,NA,NA,NA,NA,NA,TRUE
"5039","A69-1602-3133",5039,"Noordzeekanaal","Katwijk 1","VR2W-119057",52.210324,4.401197,2017-12-02 16:13:06,2017-12-02 16:16:43,6,NA,NA,NA,4610.733757,865.585746,FALSE,NA,NA,NA,NA,NA,NA,TRUE
"5040","A69-1602-3133",5040,"Noordzeekanaal","Katwijk 1","VR2W-119057",52.210324,4.401197,2017-12-17 16:36:42,2017-12-17 17:25:18,42,NA,NA,NA,4610.733757,865.585746,FALSE,NA,NA,NA,NA,NA,NA,TRUE
"5041","A69-1602-3133",5041,"Noordzeekanaal","Katwijk 1","VR2W-119057",52.210324,4.401197,2017-12-27 22:10:08,2017-12-27 22:17:04,7,NA,NA,NA,4610.733757,865.585746,FALSE,NA,NA,NA,NA,NA,NA,TRUE
"5042","A69-1602-3133",5042,"Noordzeekanaal","Katwijk 1","VR2W-119057",52.210324,4.401197,2018-01-03 16:01:31,2018-01-03 18:28:36,98,NA,NA,NA,4610.733757,865.585746,FALSE,NA,NA,NA,NA,NA,NA,TRUE
"5043","A69-1602-3133",5043,"Noordzeekanaal","Katwijk 1","VR2W-119057",52.210324,4.401197,2018-01-05 01:41:38,2018-01-05 01:53:17,3,NA,NA,NA,4610.733757,865.585746,FALSE,NA,NA,NA,NA,NA,NA,TRUE
"5044","A69-1602-3133",5044,"Noordzeekanaal","Katwijk 1","VR2W-119057",52.210324,4.401197,2018-01-05 17:11:33,2018-01-05 18:55:47,80,NA,NA,NA,4610.733757,865.585746,FALSE,NA,NA,NA,NA,NA,NA,TRUE
"5045","A69-1602-3133",5045,"Noordzeekanaal","Katwijk 1","VR2W-119057",52.210324,4.401197,2018-02-10 18:02:56,2018-02-10 18:09:46,6,NA,NA,NA,4610.733757,865.585746,FALSE,NA,NA,NA,NA,NA,NA,TRUE
"5046","A69-1602-3133",5046,"Noordzeekanaal","Katwijk 1","VR2W-119057",52.210324,4.401197,2018-02-19 21:14:08,2018-02-19 21:14:43,2,NA,NA,NA,4610.733757,865.585746,FALSE,NA,NA,NA,NA,NA,NA,TRUE
"5047","A69-1602-3133",5047,"Noordzeekanaal","Katwijk 1","VR2W-119057",52.210324,4.401197,2018-02-22 18:23:49,2018-02-22 18:27:00,5,NA,NA,NA,4610.733757,865.585746,FALSE,NA,NA,NA,NA,NA,NA,TRUE
"5048","A69-1602-3133",5048,"Noordzeekanaal","Katwijk 1","VR2W-119057",52.210324,4.401197,2018-02-25 20:55:13,2018-02-25 20:55:13,1,NA,NA,NA,4610.733757,865.585746,FALSE,NA,NA,NA,NA,NA,NA,TRUE
"5049","A69-1602-3133",5049,"Noordzeekanaal","Katwijk 1","VR2W-119057",52.210324,4.401197,2018-03-14 20:03:11,2018-03-15 00:01:51,163,NA,NA,NA,4610.733757,865.585746,NA,NA,NA,NA,NA,NA,NA,TRUE
"5050","A69-1602-3134",5050,"Noordzeekanaal","rel_noordzeekanaal8","none",52.204831,4.400155,2017-10-23 13:00:00,2017-10-23 13:00:00,1,NA,NA,NA,0,0,NA,NA,NA,NA,NA,NA,NA,FALSE
"5051","A69-1602-3134",5051,"Noordzeekanaal","Katwijk 2","VR2W-119055",52.207545,4.407171,2017-11-06 23:00:11,2017-11-07 00:20:29,74,1245611,624.191503,0.000501,624.191503,624.191503,FALSE,NA,NA,NA,NA,NA,NA,FALSE
"5052","A69-1602-3134",5052,"Noordzeekanaal","Katwijk 3","VR2W-119066",52.199717,4.426933,2017-11-07 00:22:50,2017-11-07 00:22:50,1,141,1731.169478,12.277798,2355.360981,-2189.693675,TRUE,624.191503,4,2017-11-07 00:26:54,2813.885178,244,11.5323163032787,TRUE
"5053","A69-1602-3134",5053,"Noordzeekanaal","Katwijk 2","VR2W-119055",52.207545,4.407171,2017-11-07 00:26:54,2017-11-07 00:26:54,1,244,1731.169478,7.094957,4086.530459,624.191503,FALSE,NA,NA,NA,NA,NA,NA,TRUE
"5054","A69-1602-3134",5054,"Noordzeekanaal","Katwijk 3","VR2W-119066",52.199717,4.426933,2017-11-07 00:29:42,2017-11-07 00:32:45,4,168,1731.169478,10.30458,5817.699937,-2189.693675,TRUE,624.191503,6,2017-11-07 00:51:42,2813.885178,1320,2.13173119545455,TRUE
"5055","A69-1602-3134",5055,"Noordzeekanaal","Katwijk 2","VR2W-119055",52.207545,4.407171,2017-11-07 00:51:42,2017-11-07 08:59:43,247,1137,1731.169478,1.522576,7548.869415,624.191503,NA,NA,NA,NA,NA,NA,NA,TRUE
"5056","A69-1602-3134",5056,"Noordzeekanaal","Katwijk 1","VR2W-119057",52.210324,4.401197,2017-11-08 07:53:19,2017-11-08 15:16:49,138,82416,524.203298,0.00636,8073.072713,865.585746,FALSE,NA,NA,NA,NA,NA,NA,TRUE
"5057","A69-1602-3134",5057,"Noordzeekanaal","Katwijk 1","VR2W-119057",52.210324,4.401197,2017-11-09 07:31:11,2017-11-09 08:58:10,14,NA,NA,NA,8073.072713,865.585746,FALSE,NA,NA,NA,NA,NA,NA,TRUE
"5058","A69-1602-3134",5058,"Noordzeekanaal","Katwijk 1","VR2W-119057",52.210324,4.401197,2017-11-09 10:00:35,2017-11-09 11:20:29,32,NA,NA,NA,8073.072713,865.585746,FALSE,NA,NA,NA,NA,NA,NA,TRUE
"5059","A69-1602-3134",5059,"Noordzeekanaal","Katwijk 1","VR2W-119057",52.210324,4.401197,2017-11-09 12:27:06,2017-11-12 09:18:54,3002,NA,NA,NA,8073.072713,865.585746,FALSE,NA,NA,NA,NA,NA,NA,TRUE
"5060","A69-1602-3134",5060,"Noordzeekanaal","Katwijk 1","VR2W-119057",52.210324,4.401197,2017-11-12 10:30:32,2017-11-12 17:54:48,206,NA,NA,NA,8073.072713,865.585746,NA,NA,NA,NA,NA,NA,NA,TRUE
"5061","A69-1602-3135",5061,"Noordzeekanaal","rel_noordzeekanaal8","none",52.204831,4.400155,2017-10-23 13:00:00,2017-10-23 13:00:00,1,NA,NA,NA,0,0,NA,NA,NA,NA,NA,NA,NA,FALSE
"5062","A69-1602-3135",5062,"Noordzeekanaal","Katwijk 2","VR2W-119055",52.207545,4.407171,2017-10-29 04:14:31,2017-10-29 04:15:17,2,486871,624.191503,0.001282,624.191503,624.191503,FALSE,NA,NA,NA,NA,NA,NA,FALSE
"5063","A69-1602-3135",5063,"Noordzeekanaal","Katwijk 3","VR2W-119066",52.199717,4.426933,2017-10-29 05:21:10,2017-10-29 06:28:03,25,3953,1731.169478,0.437938,2355.360981,-2189.693675,FALSE,624.191503,5,2017-12-31 07:34:17,2813.885178,5451187,0.000516196780260886,FALSE
"5064","A69-1602-3135",5064,"Noordzeekanaal","Katwijk 3","VR2W-119066",52.199717,4.426933,2017-12-31 06:48:30,2017-12-31 07:34:11,57,NA,NA,NA,2355.360981,-2189.693675,TRUE,624.191503,5,2017-12-31 07:34:17,2813.885178,2747,1.02434844484893,TRUE
"5065","A69-1602-3135",5065,"Noordzeekanaal","Katwijk 2","VR2W-119055",52.207545,4.407171,2017-12-31 07:34:17,2017-12-31 07:34:17,1,6,1731.169478,288.528246,4086.530459,624.191503,FALSE,NA,NA,NA,NA,NA,NA,TRUE
"5066","A69-1602-3135",5066,"Noordzeekanaal","Katwijk 3","VR2W-119066",52.199717,4.426933,2017-12-31 07:34:48,2017-12-31 07:46:36,12,31,1731.169478,55.844177,5817.699937,-2189.693675,TRUE,624.191503,7,2017-12-31 16:10:39,2813.885178,30951,0.0909141926916739,TRUE
"5067","A69-1602-3135",5067,"Noordzeekanaal","Katwijk 2","VR2W-119055",52.207545,4.407171,2017-12-31 16:10:39,2017-12-31 16:10:39,1,30243,1731.169478,0.057242,7548.869415,624.191503,FALSE,NA,NA,NA,NA,NA,NA,TRUE
"5068","A69-1602-3135",5068,"Noordzeekanaal","Katwijk 3","VR2W-119066",52.199717,4.426933,2017-12-31 16:11:25,2017-12-31 16:11:25,1,46,1731.169478,37.634119,9280.038893,-2189.693675,TRUE,624.191503,9,2017-12-31 17:14:53,2813.885178,3808,0.73894043539916,TRUE
"5069","A69-1602-3135",5069,"Noordzeekanaal","Katwijk 2","VR2W-119055",52.207545,4.407171,2017-12-31 17:14:53,2017-12-31 17:35:22,26,3808,1731.169478,0.454614,11011.208371,624.191503,NA,NA,NA,NA,NA,NA,NA,TRUE
"5070","A69-1602-3135",5070,"Noordzeekanaal","Katwijk 1","VR2W-119057",52.210324,4.401197,2017-12-31 19:01:40,2017-12-31 20:02:35,55,5178,524.203298,0.101237,11535.411669,865.585746,NA,NA,NA,NA,NA,NA,NA,TRUE
"5071","A69-1602-3136",5071,"Noordzeekanaal","rel_noordzeekanaal8","none",52.204831,4.400155,2017-10-23 13:00:00,2017-10-23 13:00:00,1,NA,NA,NA,0,0,TRUE,118900.159581,40,2017-11-15 11:26:12,118900.159581,1981572,0.0600029469436387,TRUE
"5072","A69-1602-3136",5072,"Noordzeekanaal","Katwijk 2","VR2W-119055",52.207545,4.407171,2017-10-26 05:51:13,2017-10-28 17:37:49,4720,233473,624.191503,0.002674,624.191503,624.191503,TRUE,118900.159581,40,2017-11-15 11:26:12,118275.968078,1748099,0.0676597653096307,TRUE
"5073","A69-1602-3136",5073,"Noordzeekanaal","Katwijk 1","VR2W-119057",52.210324,4.401197,2017-10-28 20:22:12,2017-10-29 00:10:34,56,9863,524.203298,0.053148,1148.394801,865.585746,FALSE,118900.159581,40,2017-11-15 11:26:12,118034.573835,1523040,0.0774993262389694,TRUE
"5074","A69-1602-3136",5074,"Noordzeekanaal","Katwijk 1","VR2W-119057",52.210324,4.401197,2017-10-30 01:50:49,2017-10-30 07:27:25,210,NA,NA,NA,1148.394801,865.585746,FALSE,118900.159581,40,2017-11-15 11:26:12,118034.573835,1416923,0.0833034496828692,TRUE
"5075","A69-1602-3136",5075,"Noordzeekanaal","Katwijk 1","VR2W-119057",52.210324,4.401197,2017-10-30 20:02:53,2017-10-31 06:28:53,606,NA,NA,NA,1148.394801,865.585746,FALSE,118900.159581,40,2017-11-15 11:26:12,118034.573835,1351399,0.0873425049411758,TRUE
"5076","A69-1602-3136",5076,"Noordzeekanaal","Katwijk 1","VR2W-119057",52.210324,4.401197,2017-10-31 16:23:26,2017-11-01 06:13:33,652,NA,NA,NA,1148.394801,865.585746,FALSE,118900.159581,40,2017-11-15 11:26:12,118034.573835,1278166,0.0923468264959325,TRUE
"5077","A69-1602-3136",5077,"Noordzeekanaal","Katwijk 1","VR2W-119057",52.210324,4.401197,2017-11-01 09:40:20,2017-11-01 09:40:20,1,NA,NA,NA,1148.394801,865.585746,FALSE,118900.159581,40,2017-11-15 11:26:12,118034.573835,1215952,0.0970717378934366,TRUE
"5078","A69-1602-3136",5078,"Noordzeekanaal","Katwijk 1","VR2W-119057",52.210324,4.401197,2017-11-01 16:37:33,2017-11-02 05:41:39,855,NA,NA,NA,1148.394801,865.585746,FALSE,118900.159581,40,2017-11-15 11:26:12,118034.573835,1190919,0.0991121762563197,TRUE
"5079","A69-1602-3136",5079,"Noordzeekanaal","Katwijk 1","VR2W-119057",52.210324,4.401197,2017-11-02 08:06:37,2017-11-02 08:06:37,1,NA,NA,NA,1148.394801,865.585746,FALSE,118900.159581,40,2017-11-15 11:26:12,118034.573835,1135175,0.103979187204616,TRUE
"5080","A69-1602-3136",5080,"Noordzeekanaal","Katwijk 1","VR2W-119057",52.210324,4.401197,2017-11-02 18:13:19,2017-11-02 18:15:31,2,NA,NA,NA,1148.394801,865.585746,FALSE,118900.159581,40,2017-11-15 11:26:12,118034.573835,1098773,0.107423984603735,TRUE
"5081","A69-1602-3136",5081,"Noordzeekanaal","Katwijk 1","VR2W-119057",52.210324,4.401197,2017-11-02 19:19:25,2017-11-02 19:25:59,2,NA,NA,NA,1148.394801,865.585746,FALSE,118900.159581,40,2017-11-15 11:26:12,118034.573835,1094807,0.10781313403641,TRUE
"5082","A69-1602-3136",5082,"Noordzeekanaal","Katwijk 1","VR2W-119057",52.210324,4.401197,2017-11-02 20:34:20,2017-11-02 20:34:20,1,NA,NA,NA,1148.394801,865.585746,FALSE,118900.159581,40,2017-11-15 11:26:12,118034.573835,1090312,0.108257612348575,TRUE
"5083","A69-1602-3136",5083,"Noordzeekanaal","Katwijk 1","VR2W-119057",52.210324,4.401197,2017-11-02 22:39:56,2017-11-02 22:39:56,1,NA,NA,NA,1148.394801,865.585746,FALSE,118900.159581,40,2017-11-15 11:26:12,118034.573835,1082776,0.109011073236754,TRUE
"5084","A69-1602-3136",5084,"Noordzeekanaal","Katwijk 1","VR2W-119057",52.210324,4.401197,2017-11-03 01:06:51,2017-11-03 01:06:51,1,NA,NA,NA,1148.394801,865.585746,FALSE,118900.159581,40,2017-11-15 11:26:12,118034.573835,1073961,0.10990582882898,TRUE
"5085","A69-1602-3136",5085,"Noordzeekanaal","Katwijk 1","VR2W-119057",52.210324,4.401197,2017-11-03 09:54:08,2017-11-03 10:56:57,20,NA,NA,NA,1148.394801,865.585746,FALSE,118900.159581,40,2017-11-15 11:26:12,118034.573835,1042324,0.113241730819783,TRUE
"5086","A69-1602-3136",5086,"Noordzeekanaal","Katwijk 1","VR2W-119057",52.210324,4.401197,2017-11-03 12:01:07,2017-11-03 12:01:07,1,NA,NA,NA,1148.394801,865.585746,FALSE,118900.159581,40,2017-11-15 11:26:12,118034.573835,1034705,0.114075580803224,TRUE
"5087","A69-1602-3136",5087,"Noordzeekanaal","Katwijk 1","VR2W-119057",52.210324,4.401197,2017-11-03 17:02:42,2017-11-03 17:12:53,10,NA,NA,NA,1148.394801,865.585746,FALSE,118900.159581,40,2017-11-15 11:26:12,118034.573835,1016610,0.116106052306194,TRUE
"5088","A69-1602-3136",5088,"Noordzeekanaal","Katwijk 1","VR2W-119057",52.210324,4.401197,2017-11-04 08:50:10,2017-11-04 09:23:25,3,NA,NA,NA,1148.394801,865.585746,FALSE,118900.159581,40,2017-11-15 11:26:12,118034.573835,959762,0.12298317065585,TRUE
"5089","A69-1602-3136",5089,"Noordzeekanaal","Katwijk 1","VR2W-119057",52.210324,4.401197,2017-11-04 15:01:57,2017-11-04 15:01:57,1,NA,NA,NA,1148.394801,865.585746,FALSE,118900.159581,40,2017-11-15 11:26:12,118034.573835,937455,0.125909589084276,TRUE
"5090","A69-1602-3136",5090,"Noordzeekanaal","Katwijk 1","VR2W-119057",52.210324,4.401197,2017-11-04 16:20:10,2017-11-05 02:08:44,274,NA,NA,NA,1148.394801,865.585746,FALSE,118900.159581,40,2017-11-15 11:26:12,118034.573835,932762,0.126543077264082,TRUE
"5091","A69-1602-3136",5091,"Noordzeekanaal","Katwijk 1","VR2W-119057",52.210324,4.401197,2017-11-07 05:50:09,2017-11-07 08:16:36,12,NA,NA,NA,1148.394801,865.585746,FALSE,118900.159581,40,2017-11-15 11:26:12,118034.573835,711363,0.165927344878775,TRUE
"5092","A69-1602-3136",5092,"Noordzeekanaal","Katwijk 1","VR2W-119057",52.210324,4.401197,2017-11-07 09:16:39,2017-11-07 14:01:52,19,NA,NA,NA,1148.394801,865.585746,FALSE,118900.159581,40,2017-11-15 11:26:12,118034.573835,698973,0.168868574086553,TRUE
"5093","A69-1602-3136",5093,"Noordzeekanaal","Katwijk 1","VR2W-119057",52.210324,4.401197,2017-11-07 16:58:48,2017-11-08 04:28:52,419,NA,NA,NA,1148.394801,865.585746,FALSE,118900.159581,40,2017-11-15 11:26:12,118034.573835,671244,0.175844512330836,TRUE
"5094","A69-1602-3136",5094,"Noordzeekanaal","Katwijk 1","VR2W-119057",52.210324,4.401197,2017-11-08 05:53:55,2017-11-08 16:10:14,112,NA,NA,NA,1148.394801,865.585746,FALSE,118900.159581,40,2017-11-15 11:26:12,118034.573835,624737,0.188934821909059,TRUE
"5095","A69-1602-3136",5095,"Noordzeekanaal","Katwijk 1","VR2W-119057",52.210324,4.401197,2017-11-09 06:20:38,2017-11-09 08:59:38,25,NA,NA,NA,1148.394801,865.585746,FALSE,118900.159581,40,2017-11-15 11:26:12,118034.573835,536734,0.219912608172763,TRUE
"5096","A69-1602-3136",5096,"Noordzeekanaal","Katwijk 1","VR2W-119057",52.210324,4.401197,2017-11-09 10:16:23,2017-11-09 14:30:01,32,NA,NA,NA,1148.394801,865.585746,FALSE,118900.159581,40,2017-11-15 11:26:12,118034.573835,522589,0.225865017891689,TRUE
"5097","A69-1602-3136",5097,"Noordzeekanaal","Katwijk 1","VR2W-119057",52.210324,4.401197,2017-11-09 15:36:52,2017-11-09 21:09:19,155,NA,NA,NA,1148.394801,865.585746,FALSE,118900.159581,40,2017-11-15 11:26:12,118034.573835,503360,0.23449335234226,TRUE
"5098","A69-1602-3136",5098,"Noordzeekanaal","Katwijk 1","VR2W-119057",52.210324,4.401197,2017-11-09 22:31:22,2017-11-09 23:02:41,5,NA,NA,NA,1148.394801,865.585746,FALSE,118900.159581,40,2017-11-15 11:26:12,118034.573835,478490,0.246681380666263,TRUE
"5099","A69-1602-3136",5099,"Noordzeekanaal","Katwijk 1","VR2W-119057",52.210324,4.401197,2017-11-10 00:44:14,2017-11-10 00:44:14,1,NA,NA,NA,1148.394801,865.585746,FALSE,118900.159581,40,2017-11-15 11:26:12,118034.573835,470518,0.250860910390251,TRUE
"5100","A69-1602-3136",5100,"Noordzeekanaal","Katwijk 1","VR2W-119057",52.210324,4.401197,2017-11-10 07:46:06,2017-11-10 07:46:06,1,NA,NA,NA,1148.394801,865.585746,FALSE,118900.159581,40,2017-11-15 11:26:12,118034.573835,445206,0.265123502008059,TRUE
"5101","A69-1602-3136",5101,"Noordzeekanaal","Katwijk 1","VR2W-119057",52.210324,4.401197,2017-11-10 08:52:15,2017-11-10 08:52:15,1,NA,NA,NA,1148.394801,865.585746,FALSE,118900.159581,40,2017-11-15 11:26:12,118034.573835,441237,0.267508331882866,TRUE
"5102","A69-1602-3136",5102,"Noordzeekanaal","Katwijk 1","VR2W-119057",52.210324,4.401197,2017-11-10 18:13:22,2017-11-11 04:06:31,393,NA,NA,NA,1148.394801,865.585746,FALSE,118900.159581,40,2017-11-15 11:26:12,118034.573835,407570,0.289605647704689,TRUE
"5103","A69-1602-3136",5103,"Noordzeekanaal","Katwijk 1","VR2W-119057",52.210324,4.401197,2017-11-11 07:06:04,2017-11-11 09:43:31,16,NA,NA,NA,1148.394801,865.585746,FALSE,118900.159581,40,2017-11-15 11:26:12,118034.573835,361208,0.326777296834511,TRUE
"5104","A69-1602-3136",5104,"Noordzeekanaal","Katwijk 1","VR2W-119057",52.210324,4.401197,2017-11-11 11:02:11,2017-11-11 11:02:11,1,NA,NA,NA,1148.394801,865.585746,FALSE,118900.159581,40,2017-11-15 11:26:12,118034.573835,347041,0.340117086554615,TRUE
"5105","A69-1602-3136",5105,"Noordzeekanaal","Katwijk 1","VR2W-119057",52.210324,4.401197,2017-11-11 13:56:17,2017-11-11 22:37:01,303,NA,NA,NA,1148.394801,865.585746,FALSE,118900.159581,40,2017-11-15 11:26:12,118034.573835,336595,0.350672392147833,TRUE
"5106","A69-1602-3136",5106,"Noordzeekanaal","Katwijk 1","VR2W-119057",52.210324,4.401197,2017-11-12 02:01:15,2017-11-12 02:01:15,1,NA,NA,NA,1148.394801,865.585746,FALSE,118900.159581,40,2017-11-15 11:26:12,118034.573835,293097,0.40271505281528,TRUE
"5107","A69-1602-3136",5107,"Noordzeekanaal","Katwijk 1","VR2W-119057",52.210324,4.401197,2017-11-12 03:41:00,2017-11-12 03:41:00,1,NA,NA,NA,1148.394801,865.585746,FALSE,118900.159581,40,2017-11-15 11:26:12,118034.573835,287112,0.41110985899231,TRUE
"5108","A69-1602-3136",5108,"Noordzeekanaal","Katwijk 1","VR2W-119057",52.210324,4.401197,2017-11-12 12:43:41,2017-11-12 12:48:07,5,NA,NA,NA,1148.394801,865.585746,FALSE,118900.159581,40,2017-11-15 11:26:12,118034.573835,254551,0.463697152378109,TRUE
"5109","A69-1602-3136",5109,"Noordzeekanaal","Katwijk 1","VR2W-119057",52.210324,4.401197,2017-11-12 14:17:46,2017-11-12 17:22:11,94,NA,NA,NA,1148.394801,865.585746,TRUE,118900.159581,40,2017-11-15 11:26:12,118034.573835,248906,0.474213453412132,TRUE
"5110","A69-1602-3136",5110,"Noordzeekanaal","ws-W6","VR2W-123815",51.41834,3.453181,2017-11-15 11:26:12,2017-11-15 13:02:14,50,237841,118093.145717,0.496521,119241.540518,118900.159581,TRUE,176092.390795,41,2017-11-17 03:23:40,57192.231214,143848,0.397587948487292,TRUE
"5111","A69-1602-3136",5111,"Noordzeekanaal","bpns-Trapegeer","VR2W-126201",51.1403333333,2.573,2017-11-17 03:23:40,2017-11-17 03:27:57,2,138086,74190.557086,0.537278,193432.097604,176092.390795,NA,NA,NA,NA,NA,NA,NA,TRUE
"5112","A69-1602-3137",5112,"Noordzeekanaal","rel_noordzeekanaal8","none",52.204831,4.400155,2017-10-23 13:00:00,2017-10-23 13:00:00,1,NA,NA,NA,0,0,FALSE,NA,NA,NA,NA,NA,NA,FALSE
"5113","A69-1602-3137",5113,"Noordzeekanaal","Katwijk 3","VR2W-119066",52.199717,4.426933,2017-10-27 05:24:56,2017-10-27 06:45:24,75,318296,2189.693675,0.006879,2189.693675,-2189.693675,FALSE,624.191503,4,2017-12-09 00:13:20,2813.885178,3696504,0.000761228765882574,FALSE
"5114","A69-1602-3137",5114,"Noordzeekanaal","Katwijk 3","VR2W-119066",52.199717,4.426933,2017-12-08 23:16:10,2017-12-09 00:01:21,37,NA,NA,NA,2189.693675,-2189.693675,TRUE,624.191503,4,2017-12-09 00:13:20,2813.885178,3430,0.820374687463557,TRUE
"5115","A69-1602-3137",5115,"Noordzeekanaal","Katwijk 2","VR2W-119055",52.207545,4.407171,2017-12-09 00:13:20,2017-12-09 02:54:11,136,719,1731.169478,2.407746,3920.863153,624.191503,NA,NA,NA,NA,NA,NA,NA,TRUE
"5116","A69-1602-3137",5116,"Noordzeekanaal","Katwijk 1","VR2W-119057",52.210324,4.401197,2017-12-10 21:06:02,2017-12-10 22:17:41,33,151911,524.203298,0.003451,4445.066451,865.585746,FALSE,NA,NA,NA,NA,NA,NA,TRUE
"5117","A69-1602-3137",5117,"Noordzeekanaal","Katwijk 1","VR2W-119057",52.210324,4.401197,2017-12-11 00:51:40,2017-12-11 03:03:30,125,NA,NA,NA,4445.066451,865.585746,FALSE,NA,NA,NA,NA,NA,NA,TRUE
"5118","A69-1602-3137",5118,"Noordzeekanaal","Katwijk 1","VR2W-119057",52.210324,4.401197,2017-12-11 19:52:27,2017-12-11 20:07:55,4,NA,NA,NA,4445.066451,865.585746,FALSE,NA,NA,NA,NA,NA,NA,TRUE
"5119","A69-1602-3137",5119,"Noordzeekanaal","Katwijk 1","VR2W-119057",52.210324,4.401197,2017-12-13 16:45:53,2017-12-13 16:57:38,13,NA,NA,NA,4445.066451,865.585746,NA,NA,NA,NA,NA,NA,NA,TRUE
"5120","A69-1602-3138",5120,"Noordzeekanaal","rel_noordzeekanaal9","none",52.205318,4.403105,2017-11-01 14:30:00,2017-11-01 14:30:00,1,NA,NA,NA,0,0,NA,NA,NA,NA,NA,NA,NA,FALSE
"5121","A69-1602-3138",5121,"Noordzeekanaal","Katwijk 2","VR2W-119055",52.207545,4.407171,2017-11-02 05:35:39,2017-11-02 07:11:11,70,54339,382.798267,0.007045,382.798267,382.798267,FALSE,NA,NA,NA,NA,NA,NA,FALSE
"5122","A69-1602-3138",5122,"Noordzeekanaal","Katwijk 3","VR2W-119066",52.199717,4.426933,2017-11-02 07:15:13,2017-11-02 07:18:01,2,242,1731.169478,7.153593,2113.967745,-1948.300439,TRUE,382.798267,4,2017-11-02 07:22:06,2331.098706,413,5.64430679418886,TRUE
"5123","A69-1602-3138",5123,"Noordzeekanaal","Katwijk 2","VR2W-119055",52.207545,4.407171,2017-11-02 07:22:06,2017-11-02 07:22:06,1,245,1731.169478,7.065998,3845.137223,382.798267,FALSE,NA,NA,NA,NA,NA,NA,TRUE
"5124","A69-1602-3138",5124,"Noordzeekanaal","Katwijk 3","VR2W-119066",52.199717,4.426933,2017-11-02 07:30:32,2017-11-02 07:38:31,3,506,1731.169478,3.421284,5576.306701,-1948.300439,TRUE,382.798267,6,2017-11-02 07:38:54,2331.098706,502,4.64362292031873,TRUE
"5125","A69-1602-3138",5125,"Noordzeekanaal","Katwijk 2","VR2W-119055",52.207545,4.407171,2017-11-02 07:38:54,2017-11-02 07:41:24,3,23,1731.169478,75.268238,7307.476179,382.798267,FALSE,NA,NA,NA,NA,NA,NA,TRUE
"5126","A69-1602-3138",5126,"Noordzeekanaal","Katwijk 2","VR2W-119055",52.207545,4.407171,2017-11-02 11:13:53,2017-11-02 11:32:18,17,NA,NA,NA,7307.476179,382.798267,FALSE,NA,NA,NA,NA,NA,NA,TRUE
"5127","A69-1602-3138",5127,"Noordzeekanaal","Katwijk 2","VR2W-119055",52.207545,4.407171,2017-11-02 16:12:34,2017-11-02 16:12:34,1,NA,NA,NA,7307.476179,382.798267,FALSE,NA,NA,NA,NA,NA,NA,TRUE
"5128","A69-1602-3138",5128,"Noordzeekanaal","Katwijk 3","VR2W-119066",52.199717,4.426933,2017-11-02 16:12:50,2017-11-02 16:12:50,1,16,1731.169478,108.198092,9038.645657,-1948.300439,TRUE,382.798267,10,2017-11-02 16:13:19,2331.098706,29,80.382714,TRUE
"5129","A69-1602-3138",5129,"Noordzeekanaal","Katwijk 2","VR2W-119055",52.207545,4.407171,2017-11-02 16:13:19,2017-11-02 16:13:19,1,29,1731.169478,59.695499,10769.815135,382.798267,FALSE,NA,NA,NA,NA,NA,NA,TRUE
"5130","A69-1602-3138",5130,"Noordzeekanaal","Katwijk 3","VR2W-119066",52.199717,4.426933,2017-11-02 16:13:31,2017-11-02 16:13:31,1,12,1731.169478,144.264123,12500.984613,-1948.300439,TRUE,382.798267,12,2017-11-02 16:13:57,2331.098706,26,89.6576425384615,TRUE
"5131","A69-1602-3138",5131,"Noordzeekanaal","Katwijk 2","VR2W-119055",52.207545,4.407171,2017-11-02 16:13:57,2017-11-02 17:13:56,10,26,1731.169478,66.583441,14232.154091,382.798267,FALSE,NA,NA,NA,NA,NA,NA,TRUE
"5132","A69-1602-3138",5132,"Noordzeekanaal","Katwijk 3","VR2W-119066",52.199717,4.426933,2017-11-02 17:18:32,2017-11-02 18:08:43,56,276,1731.169478,6.272353,15963.323569,-1948.300439,FALSE,NA,NA,NA,NA,NA,NA,TRUE
"5133","A69-1602-3138",5133,"Noordzeekanaal","Katwijk 3","VR2W-119066",52.199717,4.426933,2017-11-02 20:31:28,2017-11-02 20:58:42,20,NA,NA,NA,15963.323569,-1948.300439,NA,NA,NA,NA,NA,NA,NA,TRUE
"5134","A69-1602-3139",5134,"Noordzeekanaal","rel_noordzeekanaal9","none",52.205318,4.403105,2017-11-01 14:30:00,2017-11-01 14:30:00,1,NA,NA,NA,0,0,TRUE,124823.224202,6,2017-11-13 23:14:21,124823.224202,1068261,0.116847122755581,TRUE
"5135","A69-1602-3139",5135,"Noordzeekanaal","Katwijk 2","VR2W-119055",52.207545,4.407171,2017-11-05 18:51:01,2017-11-07 09:00:13,2624,361261,382.798267,0.00106,382.798267,382.798267,TRUE,124823.224202,6,2017-11-13 23:14:21,124440.425935,707000,0.176011917871287,TRUE
"5136","A69-1602-3139",5136,"Noordzeekanaal","Katwijk 1","VR2W-119057",52.210324,4.401197,2017-11-07 10:19:38,2017-11-07 11:00:31,31,4765,524.203298,0.110011,907.001565,624.19251,FALSE,124823.224202,6,2017-11-13 23:14:21,124199.031692,564883,0.219866824974375,TRUE
"5137","A69-1602-3139",5137,"Noordzeekanaal","Katwijk 1","VR2W-119057",52.210324,4.401197,2017-11-07 13:46:09,2017-11-07 15:15:42,78,NA,NA,NA,907.001565,624.19251,FALSE,124823.224202,6,2017-11-13 23:14:21,124199.031692,552492,0.224797882488796,TRUE
"5138","A69-1602-3139",5138,"Noordzeekanaal","Katwijk 1","VR2W-119057",52.210324,4.401197,2017-11-07 17:56:00,2017-11-11 13:06:16,3881,NA,NA,NA,907.001565,624.19251,TRUE,124823.224202,6,2017-11-13 23:14:21,124199.031692,537501,0.231067536045514,TRUE
"5139","A69-1602-3139",5139,"Noordzeekanaal","bpns-W1","VR2W-114312",51.391333,3.303666667,2017-11-13 23:14:21,2017-11-13 23:22:52,4,209285,124257.603574,0.593724,125164.605139,124823.224202,NA,NA,NA,NA,NA,NA,NA,TRUE
"5140","A69-1602-3140",5140,"Noordzeekanaal","rel_noordzeekanaal9","none",52.205318,4.403105,2017-11-01 14:30:00,2017-11-01 14:30:00,1,NA,NA,NA,0,0,NA,NA,NA,NA,NA,NA,NA,FALSE
"5141","A69-1602-3140",5141,"Noordzeekanaal","Katwijk 2","VR2W-119055",52.207545,4.407171,2017-11-17 22:37:22,2017-11-17 22:54:22,19,1411642,382.798267,0.000271,382.798267,382.798267,FALSE,NA,NA,NA,NA,NA,NA,FALSE
"5142","A69-1602-3140",5142,"Noordzeekanaal","Katwijk 3","VR2W-119066",52.199717,4.426933,2017-11-17 23:08:10,2017-11-17 23:50:01,36,828,1731.169478,2.090784,2113.967745,-1948.300439,FALSE,382.798267,7,2017-12-30 21:54:05,2331.098706,3710755,0.000628200650810954,FALSE
"5143","A69-1602-3140",5143,"Noordzeekanaal","Katwijk 3","VR2W-119066",52.199717,4.426933,2017-11-20 20:18:30,2017-11-20 22:56:49,126,NA,NA,NA,2113.967745,-1948.300439,FALSE,382.798267,7,2017-12-30 21:54:05,2331.098706,3461735,0.000673390281462908,FALSE
"5144","A69-1602-3140",5144,"Noordzeekanaal","Katwijk 3","VR2W-119066",52.199717,4.426933,2017-12-30 04:12:04,2017-12-30 05:00:43,48,NA,NA,NA,2113.967745,-1948.300439,FALSE,382.798267,7,2017-12-30 21:54:05,2331.098706,63721,0.0365828958428148,FALSE
"5145","A69-1602-3140",5145,"Noordzeekanaal","Katwijk 3","VR2W-119066",52.199717,4.426933,2017-12-30 11:32:38,2017-12-30 21:49:55,582,NA,NA,NA,2113.967745,-1948.300439,TRUE,382.798267,7,2017-12-30 21:54:05,2331.098706,37287,0.0625177328827742,TRUE
"5146","A69-1602-3140",5146,"Noordzeekanaal","Katwijk 2","VR2W-119055",52.207545,4.407171,2017-12-30 21:54:05,2017-12-30 23:53:20,110,250,1731.169478,6.924678,3845.137223,382.798267,NA,NA,NA,NA,NA,NA,NA,TRUE
"5147","A69-1602-3141",5147,"Noordzeekanaal","rel_noordzeekanaal9","none",52.205318,4.403105,2017-11-01 14:30:00,2017-11-01 14:30:00,1,NA,NA,NA,0,0,NA,NA,NA,NA,NA,NA,NA,FALSE
"5148","A69-1602-3141",5148,"Noordzeekanaal","Katwijk 2","VR2W-119055",52.207545,4.407171,2017-11-13 17:52:05,2017-11-13 20:37:04,201,1048925,382.798267,0.000365,382.798267,382.798267,FALSE,NA,NA,NA,NA,NA,NA,FALSE
"5149","A69-1602-3141",5149,"Noordzeekanaal","Katwijk 2","VR2W-119055",52.207545,4.407171,2017-11-13 21:47:09,2017-11-13 23:27:27,18,NA,NA,NA,382.798267,382.798267,FALSE,NA,NA,NA,NA,NA,NA,FALSE
"5150","A69-1602-3141",5150,"Noordzeekanaal","Katwijk 2","VR2W-119055",52.207545,4.407171,2017-11-14 01:14:57,2017-11-14 01:56:13,45,NA,NA,NA,382.798267,382.798267,FALSE,NA,NA,NA,NA,NA,NA,FALSE
"5151","A69-1602-3141",5151,"Noordzeekanaal","Katwijk 3","VR2W-119066",52.199717,4.426933,2017-11-14 01:59:47,2017-11-14 01:59:47,1,214,1731.169478,8.089577,2113.967745,-1948.300439,TRUE,382.798267,6,2017-11-14 02:02:37,2331.098706,170,13.7123453294118,TRUE
"5152","A69-1602-3141",5152,"Noordzeekanaal","Katwijk 2","VR2W-119055",52.207545,4.407171,2017-11-14 02:02:37,2017-11-14 02:02:37,1,170,1731.169478,10.18335,3845.137223,382.798267,FALSE,NA,NA,NA,NA,NA,NA,TRUE
"5153","A69-1602-3141",5153,"Noordzeekanaal","Katwijk 3","VR2W-119066",52.199717,4.426933,2017-11-14 02:03:06,2017-11-14 02:49:51,39,29,1731.169478,59.695499,5576.306701,-1948.300439,FALSE,382.798267,9,2017-11-18 21:04:07,2331.098706,414061,0.00562984368486769,TRUE
"5154","A69-1602-3141",5154,"Noordzeekanaal","Katwijk 3","VR2W-119066",52.199717,4.426933,2017-11-18 18:38:06,2017-11-18 20:39:29,86,NA,NA,NA,5576.306701,-1948.300439,TRUE,382.798267,9,2017-11-18 21:04:07,2331.098706,8761,0.26607678415706,TRUE
"5155","A69-1602-3141",5155,"Noordzeekanaal","Katwijk 2","VR2W-119055",52.207545,4.407171,2017-11-18 21:04:07,2017-11-19 21:33:31,1608,1478,1731.169478,1.171292,7307.476179,382.798267,NA,NA,NA,NA,NA,NA,NA,TRUE
"5156","A69-1602-3142",5156,"Noordzeekanaal","rel_noordzeekanaal9","none",52.205318,4.403105,2017-11-01 14:30:00,2017-11-01 14:30:00,1,NA,NA,NA,0,0,NA,NA,NA,NA,NA,NA,NA,FALSE
"5157","A69-1602-3142",5157,"Noordzeekanaal","Katwijk 2","VR2W-119055",52.207545,4.407171,2017-11-02 05:35:33,2017-11-02 06:25:20,59,54333,382.798267,0.007045,382.798267,382.798267,FALSE,NA,NA,NA,NA,NA,NA,FALSE
"5158","A69-1602-3142",5158,"Noordzeekanaal","Katwijk 3","VR2W-119066",52.199717,4.426933,2017-11-02 06:46:05,2017-11-02 08:11:28,61,1245,1731.169478,1.390498,2113.967745,-1948.300439,NA,NA,NA,NA,NA,NA,NA,FALSE
"5159","A69-1602-3143",5159,"Noordzeekanaal","rel_noordzeekanaal9","none",52.205318,4.403105,2017-11-01 14:30:00,2017-11-01 14:30:00,1,NA,NA,NA,0,0,NA,NA,NA,NA,NA,NA,NA,FALSE
"5160","A69-1602-3143",5160,"Noordzeekanaal","Katwijk 2","VR2W-119055",52.207545,4.407171,2017-12-15 22:56:28,2017-12-15 23:07:58,5,3831988,382.798267,1e-04,382.798267,382.798267,NA,NA,NA,NA,NA,NA,NA,FALSE
"5161","A69-1602-3144",5161,"Noordzeekanaal","rel_noordzeekanaal9","none",52.205318,4.403105,2017-11-01 14:30:00,2017-11-01 14:30:00,1,NA,NA,NA,0,0,NA,NA,NA,NA,NA,NA,NA,FALSE
"5162","A69-1602-3144",5162,"Noordzeekanaal","Katwijk 2","VR2W-119055",52.207545,4.407171,2018-03-12 23:19:33,2018-03-12 23:19:33,1,11350173,382.798267,3.4e-05,382.798267,382.798267,FALSE,NA,NA,NA,NA,NA,NA,FALSE
"5163","A69-1602-3144",5163,"Noordzeekanaal","Katwijk 2","VR2W-119055",52.207545,4.407171,2018-03-13 00:52:12,2018-03-13 02:13:01,112,NA,NA,NA,382.798267,382.798267,NA,NA,NA,NA,NA,NA,NA,FALSE
"5164","A69-1602-3145",5164,"Noordzeekanaal","rel_noordzeekanaal9","none",52.205318,4.403105,2017-11-01 14:30:00,2017-11-01 14:30:00,1,NA,NA,NA,0,0,NA,NA,NA,NA,NA,NA,NA,FALSE
"5165","A69-1602-3145",5165,"Noordzeekanaal","Katwijk 2","VR2W-119055",52.207545,4.407171,2017-11-06 18:45:45,2017-11-06 20:29:53,113,447345,382.798267,0.000856,382.798267,382.798267,FALSE,NA,NA,NA,NA,NA,NA,FALSE
"5166","A69-1602-3145",5166,"Noordzeekanaal","Katwijk 3","VR2W-119066",52.199717,4.426933,2017-11-06 20:47:00,2017-11-07 00:31:32,115,1027,1731.169478,1.685657,2113.967745,-1948.300439,FALSE,382.798267,5,2017-11-10 22:50:45,2331.098706,353025,0.00660321140429148,FALSE
"5167","A69-1602-3145",5167,"Noordzeekanaal","Katwijk 3","VR2W-119066",52.199717,4.426933,2017-11-10 20:41:29,2017-11-10 21:59:32,75,NA,NA,NA,2113.967745,-1948.300439,TRUE,382.798267,5,2017-11-10 22:50:45,2331.098706,7756,0.300554242650851,TRUE
"5168","A69-1602-3145",5168,"Noordzeekanaal","Katwijk 2","VR2W-119055",52.207545,4.407171,2017-11-10 22:50:45,2017-11-11 00:26:26,114,3073,1731.169478,0.563348,3845.137223,382.798267,FALSE,NA,NA,NA,NA,NA,NA,TRUE
"5169","A69-1602-3145",5169,"Noordzeekanaal","Katwijk 2","VR2W-119055",52.207545,4.407171,2017-11-11 16:51:07,2017-11-14 04:53:26,4010,NA,NA,NA,3845.137223,382.798267,NA,NA,NA,NA,NA,NA,NA,TRUE
"5170","A69-1602-3145",5170,"Noordzeekanaal","Katwijk 1","VR2W-119057",52.210324,4.401197,2017-11-14 16:38:41,2017-11-15 05:26:34,770,42315,524.203298,0.012388,4369.340521,624.19251,FALSE,NA,NA,NA,NA,NA,NA,TRUE
"5171","A69-1602-3145",5171,"Noordzeekanaal","Katwijk 1","VR2W-119057",52.210324,4.401197,2017-11-16 00:31:30,2017-11-16 02:56:49,111,NA,NA,NA,4369.340521,624.19251,FALSE,NA,NA,NA,NA,NA,NA,TRUE
"5172","A69-1602-3145",5172,"Noordzeekanaal","Katwijk 1","VR2W-119057",52.210324,4.401197,2017-11-16 03:57:14,2017-11-16 04:27:57,25,NA,NA,NA,4369.340521,624.19251,FALSE,NA,NA,NA,NA,NA,NA,TRUE
"5173","A69-1602-3145",5173,"Noordzeekanaal","Katwijk 1","VR2W-119057",52.210324,4.401197,2017-11-27 20:30:57,2017-11-28 02:43:59,158,NA,NA,NA,4369.340521,624.19251,FALSE,NA,NA,NA,NA,NA,NA,TRUE
"5174","A69-1602-3145",5174,"Noordzeekanaal","Katwijk 1","VR2W-119057",52.210324,4.401197,2017-11-28 21:18:20,2017-11-28 23:48:05,77,NA,NA,NA,4369.340521,624.19251,FALSE,NA,NA,NA,NA,NA,NA,TRUE
"5175","A69-1602-3145",5175,"Noordzeekanaal","Katwijk 1","VR2W-119057",52.210324,4.401197,2017-11-30 16:09:55,2017-11-30 17:52:45,41,NA,NA,NA,4369.340521,624.19251,FALSE,NA,NA,NA,NA,NA,NA,TRUE
"5176","A69-1602-3145",5176,"Noordzeekanaal","Katwijk 1","VR2W-119057",52.210324,4.401197,2017-12-01 22:59:46,2017-12-02 00:00:21,48,NA,NA,NA,4369.340521,624.19251,FALSE,NA,NA,NA,NA,NA,NA,TRUE
"5177","A69-1602-3145",5177,"Noordzeekanaal","Katwijk 1","VR2W-119057",52.210324,4.401197,2017-12-07 22:43:07,2017-12-08 00:30:09,65,NA,NA,NA,4369.340521,624.19251,FALSE,NA,NA,NA,NA,NA,NA,TRUE
"5178","A69-1602-3145",5178,"Noordzeekanaal","Katwijk 1","VR2W-119057",52.210324,4.401197,2017-12-08 01:33:55,2017-12-08 03:04:32,69,NA,NA,NA,4369.340521,624.19251,NA,NA,NA,NA,NA,NA,NA,TRUE
"5179","A69-1602-3146",5179,"Noordzeekanaal","rel_noordzeekanaal9","none",52.205318,4.403105,2017-11-01 14:30:00,2017-11-01 14:30:00,1,NA,NA,NA,0,0,NA,NA,NA,NA,NA,NA,NA,FALSE
"5180","A69-1602-3146",5180,"Noordzeekanaal","Katwijk 2","VR2W-119055",52.207545,4.407171,2017-11-04 17:29:53,2017-11-04 17:29:53,1,269993,382.798267,0.001418,382.798267,382.798267,FALSE,NA,NA,NA,NA,NA,NA,FALSE
"5181","A69-1602-3146",5181,"Noordzeekanaal","Katwijk 2","VR2W-119055",52.207545,4.407171,2017-11-08 03:22:19,2017-11-08 04:46:00,60,NA,NA,NA,382.798267,382.798267,FALSE,NA,NA,NA,NA,NA,NA,FALSE
"5182","A69-1602-3146",5182,"Noordzeekanaal","Katwijk 2","VR2W-119055",52.207545,4.407171,2017-11-11 17:24:49,2017-11-11 17:38:25,10,NA,NA,NA,382.798267,382.798267,FALSE,NA,NA,NA,NA,NA,NA,FALSE
"5183","A69-1602-3146",5183,"Noordzeekanaal","Katwijk 2","VR2W-119055",52.207545,4.407171,2017-11-13 16:47:02,2017-11-13 16:48:30,3,NA,NA,NA,382.798267,382.798267,FALSE,NA,NA,NA,NA,NA,NA,FALSE
"5184","A69-1602-3146",5184,"Noordzeekanaal","Katwijk 3","VR2W-119066",52.199717,4.426933,2017-11-13 16:53:06,2017-11-13 16:53:06,1,276,1731.169478,6.272353,2113.967745,-1948.300439,TRUE,382.798267,7,2017-11-13 16:56:31,2331.098706,205,11.3712132,TRUE
"5185","A69-1602-3146",5185,"Noordzeekanaal","Katwijk 2","VR2W-119055",52.207545,4.407171,2017-11-13 16:56:31,2017-11-13 17:01:16,7,205,1731.169478,8.444729,3845.137223,382.798267,FALSE,NA,NA,NA,NA,NA,NA,TRUE
"5186","A69-1602-3146",5186,"Noordzeekanaal","Katwijk 3","VR2W-119066",52.199717,4.426933,2017-11-13 17:02:25,2017-11-13 17:08:56,8,69,1731.169478,25.089413,5576.306701,-1948.300439,TRUE,382.798267,9,2017-11-13 17:10:14,2331.098706,469,4.97035971428571,TRUE
"5187","A69-1602-3146",5187,"Noordzeekanaal","Katwijk 2","VR2W-119055",52.207545,4.407171,2017-11-13 17:10:14,2017-11-13 17:11:07,2,78,1731.169478,22.19448,7307.476179,382.798267,FALSE,NA,NA,NA,NA,NA,NA,TRUE
"5188","A69-1602-3146",5188,"Noordzeekanaal","Katwijk 3","VR2W-119066",52.199717,4.426933,2017-11-13 17:11:36,2017-11-13 19:06:36,53,29,1731.169478,59.695499,9038.645657,-1948.300439,FALSE,382.798267,13,2017-11-18 23:03:47,2331.098706,453131,0.00514442557670961,TRUE
"5189","A69-1602-3146",5189,"Noordzeekanaal","Katwijk 3","VR2W-119066",52.199717,4.426933,2017-11-17 23:45:08,2017-11-18 01:07:50,87,NA,NA,NA,9038.645657,-1948.300439,FALSE,382.798267,13,2017-11-18 23:03:47,2331.098706,83919,0.0277779609623566,TRUE
"5190","A69-1602-3146",5190,"Noordzeekanaal","Katwijk 3","VR2W-119066",52.199717,4.426933,2017-11-18 21:25:56,2017-11-18 22:28:30,59,NA,NA,NA,9038.645657,-1948.300439,TRUE,382.798267,13,2017-11-18 23:03:47,2331.098706,5871,0.397053092488503,TRUE
"5191","A69-1602-3146",5191,"Noordzeekanaal","Katwijk 2","VR2W-119055",52.207545,4.407171,2017-11-18 23:03:47,2017-11-19 00:52:35,102,2117,1731.169478,0.817747,10769.815135,382.798267,FALSE,NA,NA,NA,NA,NA,NA,TRUE
"5192","A69-1602-3146",5192,"Noordzeekanaal","Katwijk 2","VR2W-119055",52.207545,4.407171,2017-11-22 20:59:00,2017-11-22 23:21:57,74,NA,NA,NA,10769.815135,382.798267,FALSE,NA,NA,NA,NA,NA,NA,TRUE
"5193","A69-1602-3146",5193,"Noordzeekanaal","Katwijk 2","VR2W-119055",52.207545,4.407171,2017-11-23 02:36:59,2017-11-23 03:19:46,3,NA,NA,NA,10769.815135,382.798267,FALSE,NA,NA,NA,NA,NA,NA,TRUE
"5194","A69-1602-3146",5194,"Noordzeekanaal","Katwijk 2","VR2W-119055",52.207545,4.407171,2017-11-23 05:11:35,2017-11-23 06:41:03,71,NA,NA,NA,10769.815135,382.798267,FALSE,NA,NA,NA,NA,NA,NA,TRUE
"5195","A69-1602-3146",5195,"Noordzeekanaal","Katwijk 2","VR2W-119055",52.207545,4.407171,2017-11-24 16:18:19,2017-11-24 17:33:23,72,NA,NA,NA,10769.815135,382.798267,FALSE,NA,NA,NA,NA,NA,NA,TRUE
"5196","A69-1602-3146",5196,"Noordzeekanaal","Katwijk 2","VR2W-119055",52.207545,4.407171,2017-11-24 18:37:18,2017-11-24 19:04:00,7,NA,NA,NA,10769.815135,382.798267,FALSE,NA,NA,NA,NA,NA,NA,TRUE
"5197","A69-1602-3146",5197,"Noordzeekanaal","Katwijk 2","VR2W-119055",52.207545,4.407171,2017-11-24 21:34:41,2017-11-25 03:46:54,335,NA,NA,NA,10769.815135,382.798267,FALSE,NA,NA,NA,NA,NA,NA,TRUE
"5198","A69-1602-3146",5198,"Noordzeekanaal","Katwijk 2","VR2W-119055",52.207545,4.407171,2017-11-25 18:17:19,2017-11-25 21:36:41,90,NA,NA,NA,10769.815135,382.798267,FALSE,NA,NA,NA,NA,NA,NA,TRUE
"5199","A69-1602-3146",5199,"Noordzeekanaal","Katwijk 2","VR2W-119055",52.207545,4.407171,2017-11-25 22:57:55,2017-11-26 07:32:24,145,NA,NA,NA,10769.815135,382.798267,FALSE,NA,NA,NA,NA,NA,NA,TRUE
"5200","A69-1602-3146",5200,"Noordzeekanaal","Katwijk 2","VR2W-119055",52.207545,4.407171,2017-11-26 15:41:14,2017-11-26 16:02:03,12,NA,NA,NA,10769.815135,382.798267,FALSE,NA,NA,NA,NA,NA,NA,TRUE
"5201","A69-1602-3146",5201,"Noordzeekanaal","Katwijk 3","VR2W-119066",52.199717,4.426933,2017-11-26 16:32:28,2017-11-26 16:32:28,1,1825,1731.169478,0.948586,12500.984613,-1948.300439,TRUE,382.798267,24,2017-11-27 20:39:01,2331.098706,101193,0.0230361656043402,TRUE
"5202","A69-1602-3146",5202,"Noordzeekanaal","Katwijk 2","VR2W-119055",52.207545,4.407171,2017-11-27 20:39:01,2017-11-27 22:06:46,65,101193,1731.169478,0.017108,14232.154091,382.798267,FALSE,NA,NA,NA,NA,NA,NA,TRUE
"5203","A69-1602-3146",5203,"Noordzeekanaal","Katwijk 2","VR2W-119055",52.207545,4.407171,2017-11-28 07:38:09,2017-11-28 07:38:09,1,NA,NA,NA,14232.154091,382.798267,FALSE,NA,NA,NA,NA,NA,NA,TRUE
"5204","A69-1602-3146",5204,"Noordzeekanaal","Katwijk 2","VR2W-119055",52.207545,4.407171,2017-11-28 21:42:12,2017-11-28 21:42:12,1,NA,NA,NA,14232.154091,382.798267,FALSE,NA,NA,NA,NA,NA,NA,TRUE
"5205","A69-1602-3146",5205,"Noordzeekanaal","Katwijk 2","VR2W-119055",52.207545,4.407171,2017-11-28 23:16:16,2017-11-29 00:14:26,3,NA,NA,NA,14232.154091,382.798267,FALSE,NA,NA,NA,NA,NA,NA,TRUE
"5206","A69-1602-3146",5206,"Noordzeekanaal","Katwijk 2","VR2W-119055",52.207545,4.407171,2017-11-29 04:23:41,2017-11-29 04:25:10,3,NA,NA,NA,14232.154091,382.798267,FALSE,NA,NA,NA,NA,NA,NA,TRUE
"5207","A69-1602-3146",5207,"Noordzeekanaal","Katwijk 2","VR2W-119055",52.207545,4.407171,2017-11-29 06:57:30,2017-11-29 07:15:13,7,NA,NA,NA,14232.154091,382.798267,FALSE,NA,NA,NA,NA,NA,NA,TRUE
"5208","A69-1602-3146",5208,"Noordzeekanaal","Katwijk 2","VR2W-119055",52.207545,4.407171,2017-11-29 08:43:47,2017-11-29 08:50:39,6,NA,NA,NA,14232.154091,382.798267,FALSE,NA,NA,NA,NA,NA,NA,TRUE
"5209","A69-1602-3146",5209,"Noordzeekanaal","Katwijk 2","VR2W-119055",52.207545,4.407171,2017-11-29 14:40:42,2017-11-29 14:43:08,4,NA,NA,NA,14232.154091,382.798267,FALSE,NA,NA,NA,NA,NA,NA,TRUE
"5210","A69-1602-3146",5210,"Noordzeekanaal","Katwijk 2","VR2W-119055",52.207545,4.407171,2017-11-29 19:08:49,2017-11-29 19:12:44,3,NA,NA,NA,14232.154091,382.798267,FALSE,NA,NA,NA,NA,NA,NA,TRUE
"5211","A69-1602-3146",5211,"Noordzeekanaal","Katwijk 2","VR2W-119055",52.207545,4.407171,2017-11-29 20:16:17,2017-11-30 03:48:58,237,NA,NA,NA,14232.154091,382.798267,FALSE,NA,NA,NA,NA,NA,NA,TRUE
"5212","A69-1602-3146",5212,"Noordzeekanaal","Katwijk 2","VR2W-119055",52.207545,4.407171,2017-11-30 06:56:00,2017-11-30 06:56:00,1,NA,NA,NA,14232.154091,382.798267,FALSE,NA,NA,NA,NA,NA,NA,TRUE
"5213","A69-1602-3146",5213,"Noordzeekanaal","Katwijk 3","VR2W-119066",52.199717,4.426933,2017-11-30 23:42:44,2017-12-01 00:05:00,12,60404,1731.169478,0.02866,15963.323569,-1948.300439,TRUE,382.798267,36,2017-12-01 00:24:18,2331.098706,2494,0.934682720930233,TRUE
"5214","A69-1602-3146",5214,"Noordzeekanaal","Katwijk 2","VR2W-119055",52.207545,4.407171,2017-12-01 00:24:18,2017-12-01 00:24:54,2,1158,1731.169478,1.494965,17694.493047,382.798267,FALSE,NA,NA,NA,NA,NA,NA,TRUE
"5215","A69-1602-3146",5215,"Noordzeekanaal","Katwijk 2","VR2W-119055",52.207545,4.407171,2017-12-01 02:22:48,2017-12-01 17:59:56,1127,NA,NA,NA,17694.493047,382.798267,FALSE,NA,NA,NA,NA,NA,NA,TRUE
"5216","A69-1602-3146",5216,"Noordzeekanaal","Katwijk 3","VR2W-119066",52.199717,4.426933,2017-12-01 18:06:55,2017-12-01 18:58:03,15,419,1731.169478,4.131669,19425.662525,-1948.300439,FALSE,382.798267,40,2017-12-02 16:02:58,2331.098706,78963,0.0295214050378025,TRUE
"5217","A69-1602-3146",5217,"Noordzeekanaal","Katwijk 3","VR2W-119066",52.199717,4.426933,2017-12-02 16:02:42,2017-12-02 16:02:42,1,NA,NA,NA,19425.662525,-1948.300439,TRUE,382.798267,40,2017-12-02 16:02:58,2331.098706,16,145.693669125,TRUE
"5218","A69-1602-3146",5218,"Noordzeekanaal","Katwijk 2","VR2W-119055",52.207545,4.407171,2017-12-02 16:02:58,2017-12-02 16:02:58,1,16,1731.169478,108.198092,21156.832003,382.798267,FALSE,NA,NA,NA,NA,NA,NA,TRUE
"5219","A69-1602-3146",5219,"Noordzeekanaal","Katwijk 3","VR2W-119066",52.199717,4.426933,2017-12-02 16:03:33,2017-12-02 16:35:45,9,35,1731.169478,49.461985,22888.001481,-1948.300439,TRUE,382.798267,42,2017-12-02 17:04:55,2331.098706,3682,0.633106655621945,TRUE
"5220","A69-1602-3146",5220,"Noordzeekanaal","Katwijk 2","VR2W-119055",52.207545,4.407171,2017-12-02 17:04:55,2017-12-03 07:49:24,1116,1750,1731.169478,0.98924,24619.170959,382.798267,FALSE,NA,NA,NA,NA,NA,NA,TRUE
"5221","A69-1602-3146",5221,"Noordzeekanaal","Katwijk 2","VR2W-119055",52.207545,4.407171,2017-12-04 18:39:14,2017-12-04 20:24:50,58,NA,NA,NA,24619.170959,382.798267,FALSE,NA,NA,NA,NA,NA,NA,TRUE
"5222","A69-1602-3146",5222,"Noordzeekanaal","Katwijk 2","VR2W-119055",52.207545,4.407171,2017-12-04 21:31:01,2017-12-05 00:02:07,67,NA,NA,NA,24619.170959,382.798267,FALSE,NA,NA,NA,NA,NA,NA,TRUE
"5223","A69-1602-3146",5223,"Noordzeekanaal","Katwijk 2","VR2W-119055",52.207545,4.407171,2017-12-05 01:12:47,2017-12-05 08:11:01,438,NA,NA,NA,24619.170959,382.798267,FALSE,NA,NA,NA,NA,NA,NA,TRUE
"5224","A69-1602-3146",5224,"Noordzeekanaal","Katwijk 2","VR2W-119055",52.207545,4.407171,2017-12-05 15:53:28,2017-12-07 14:18:29,3388,NA,NA,NA,24619.170959,382.798267,FALSE,NA,NA,NA,NA,NA,NA,TRUE
"5225","A69-1602-3146",5225,"Noordzeekanaal","Katwijk 2","VR2W-119055",52.207545,4.407171,2017-12-07 15:22:28,2017-12-08 19:42:42,1684,NA,NA,NA,24619.170959,382.798267,NA,NA,NA,NA,NA,NA,NA,TRUE
"5226","A69-1602-3147",5226,"Noordzeekanaal","rel_noordzeekanaal9","none",52.205318,4.403105,2017-11-01 14:30:00,2017-11-01 14:30:00,1,NA,NA,NA,0,0,NA,NA,NA,NA,NA,NA,NA,FALSE
"5227","A69-1602-3147",5227,"Noordzeekanaal","Katwijk 2","VR2W-119055",52.207545,4.407171,2017-11-02 06:01:58,2017-11-03 06:29:25,1633,55918,382.798267,0.006846,382.798267,382.798267,FALSE,NA,NA,NA,NA,NA,NA,FALSE
"5228","A69-1602-3147",5228,"Noordzeekanaal","Katwijk 2","VR2W-119055",52.207545,4.407171,2017-11-03 08:34:26,2017-11-05 20:48:08,3913,NA,NA,NA,382.798267,382.798267,NA,NA,NA,NA,NA,NA,NA,FALSE
"5229","A69-1602-3147",5229,"Noordzeekanaal","Katwijk 1","VR2W-119057",52.210324,4.401197,2017-11-05 21:55:09,2017-11-06 05:44:13,235,4021,524.203298,0.130366,907.001565,624.19251,FALSE,NA,NA,NA,NA,NA,NA,FALSE
"5230","A69-1602-3147",5230,"Noordzeekanaal","Katwijk 1","VR2W-119057",52.210324,4.401197,2017-11-07 07:10:53,2017-11-07 07:13:40,2,NA,NA,NA,907.001565,624.19251,FALSE,NA,NA,NA,NA,NA,NA,FALSE
"5231","A69-1602-3147",5231,"Noordzeekanaal","Katwijk 1","VR2W-119057",52.210324,4.401197,2017-11-07 17:54:02,2017-11-09 17:11:33,1362,NA,NA,NA,907.001565,624.19251,FALSE,NA,NA,NA,NA,NA,NA,FALSE
"5232","A69-1602-3147",5232,"Noordzeekanaal","Katwijk 1","VR2W-119057",52.210324,4.401197,2017-11-10 01:55:03,2017-11-10 05:55:54,99,NA,NA,NA,907.001565,624.19251,FALSE,NA,NA,NA,NA,NA,NA,FALSE
"5233","A69-1602-3147",5233,"Noordzeekanaal","Katwijk 1","VR2W-119057",52.210324,4.401197,2017-11-10 23:11:57,2017-11-10 23:11:57,1,NA,NA,NA,907.001565,624.19251,FALSE,NA,NA,NA,NA,NA,NA,FALSE
"5234","A69-1602-3147",5234,"Noordzeekanaal","Katwijk 1","VR2W-119057",52.210324,4.401197,2017-11-11 00:40:04,2017-11-11 11:20:30,384,NA,NA,NA,907.001565,624.19251,FALSE,NA,NA,NA,NA,NA,NA,FALSE
"5235","A69-1602-3147",5235,"Noordzeekanaal","Katwijk 1","VR2W-119057",52.210324,4.401197,2017-11-11 15:38:45,2017-11-11 23:39:56,211,NA,NA,NA,907.001565,624.19251,FALSE,NA,NA,NA,NA,NA,NA,FALSE
"5236","A69-1602-3147",5236,"Noordzeekanaal","Katwijk 1","VR2W-119057",52.210324,4.401197,2017-11-12 01:37:28,2017-11-12 01:38:03,2,NA,NA,NA,907.001565,624.19251,FALSE,NA,NA,NA,NA,NA,NA,FALSE
"5237","A69-1602-3147",5237,"Noordzeekanaal","Katwijk 1","VR2W-119057",52.210324,4.401197,2017-11-12 07:15:21,2017-11-12 07:38:26,10,NA,NA,NA,907.001565,624.19251,FALSE,NA,NA,NA,NA,NA,NA,FALSE
"5238","A69-1602-3147",5238,"Noordzeekanaal","Katwijk 1","VR2W-119057",52.210324,4.401197,2017-11-12 09:02:32,2017-11-12 10:02:00,10,NA,NA,NA,907.001565,624.19251,FALSE,NA,NA,NA,NA,NA,NA,FALSE
"5239","A69-1602-3147",5239,"Noordzeekanaal","Katwijk 1","VR2W-119057",52.210324,4.401197,2017-11-12 11:31:29,2017-11-12 11:32:44,3,NA,NA,NA,907.001565,624.19251,FALSE,NA,NA,NA,NA,NA,NA,FALSE
"5240","A69-1602-3147",5240,"Noordzeekanaal","Katwijk 1","VR2W-119057",52.210324,4.401197,2017-11-12 18:26:52,2017-11-12 19:07:16,9,NA,NA,NA,907.001565,624.19251,FALSE,NA,NA,NA,NA,NA,NA,FALSE
"5241","A69-1602-3147",5241,"Noordzeekanaal","Katwijk 1","VR2W-119057",52.210324,4.401197,2017-11-13 07:08:05,2017-11-13 07:47:30,13,NA,NA,NA,907.001565,624.19251,FALSE,NA,NA,NA,NA,NA,NA,FALSE
"5242","A69-1602-3147",5242,"Noordzeekanaal","Katwijk 1","VR2W-119057",52.210324,4.401197,2017-11-13 11:14:32,2017-11-13 11:20:20,2,NA,NA,NA,907.001565,624.19251,FALSE,NA,NA,NA,NA,NA,NA,FALSE
"5243","A69-1602-3147",5243,"Noordzeekanaal","Katwijk 1","VR2W-119057",52.210324,4.401197,2017-11-13 12:22:00,2017-11-13 12:29:21,2,NA,NA,NA,907.001565,624.19251,FALSE,NA,NA,NA,NA,NA,NA,FALSE
"5244","A69-1602-3147",5244,"Noordzeekanaal","Katwijk 1","VR2W-119057",52.210324,4.401197,2017-11-13 13:29:23,2017-11-13 18:23:56,149,NA,NA,NA,907.001565,624.19251,FALSE,NA,NA,NA,NA,NA,NA,FALSE
"5245","A69-1602-3147",5245,"Noordzeekanaal","Katwijk 1","VR2W-119057",52.210324,4.401197,2017-11-13 19:34:49,2017-11-14 04:45:40,234,NA,NA,NA,907.001565,624.19251,FALSE,NA,NA,NA,NA,NA,NA,FALSE
"5246","A69-1602-3147",5246,"Noordzeekanaal","Katwijk 1","VR2W-119057",52.210324,4.401197,2017-11-15 10:45:18,2017-11-15 10:52:47,10,NA,NA,NA,907.001565,624.19251,FALSE,NA,NA,NA,NA,NA,NA,FALSE
"5247","A69-1602-3147",5247,"Noordzeekanaal","Katwijk 1","VR2W-119057",52.210324,4.401197,2017-11-15 17:55:20,2017-11-15 18:41:25,20,NA,NA,NA,907.001565,624.19251,NA,NA,NA,NA,NA,NA,NA,FALSE
"5248","A69-1602-3148",5248,"Noordzeekanaal","rel_noordzeekanaal10","none",52.219452,4.96083,2017-09-29 09:00:00,2017-09-29 09:00:00,1,NA,NA,NA,0,0,NA,NA,NA,NA,NA,NA,NA,FALSE
"5249","A69-1602-3148",5249,"Noordzeekanaal","Vinkeveen gemaal","VR2W-120095",52.220129,4.973093,2017-10-05 19:12:31,2017-10-05 21:01:03,60,555151,841.322464,0.001515,841.322464,841.322464,FALSE,NA,NA,NA,NA,NA,NA,FALSE
"5250","A69-1602-3148",5250,"Noordzeekanaal","Vinkeveen gemaal","VR2W-120095",52.220129,4.973093,2017-10-08 18:46:35,2017-10-08 19:17:51,10,NA,NA,NA,841.322464,841.322464,FALSE,NA,NA,NA,NA,NA,NA,FALSE
"5251","A69-1602-3148",5251,"Noordzeekanaal","Vinkeveen gemaal","VR2W-120095",52.220129,4.973093,2017-10-11 19:28:10,2017-10-11 19:57:31,31,NA,NA,NA,841.322464,841.322464,NA,NA,NA,NA,NA,NA,NA,FALSE
"5252","A69-1602-3149",5252,"Noordzeekanaal","rel_noordzeekanaal10","none",52.219452,4.96083,2017-09-29 09:00:00,2017-09-29 09:00:00,1,NA,NA,NA,0,0,NA,NA,NA,NA,NA,NA,NA,FALSE
"5253","A69-1602-3150",5253,"Noordzeekanaal","rel_noordzeekanaal10","none",52.219452,4.96083,2017-09-29 09:00:00,2017-09-29 09:00:00,1,NA,NA,NA,0,0,NA,NA,NA,NA,NA,NA,NA,FALSE
"5254","A69-1602-3150",5254,"Noordzeekanaal","Vinkeveen gemaal","VR2W-120095",52.220129,4.973093,2017-10-05 12:17:49,2017-10-05 12:37:14,15,530269,841.322464,0.001587,841.322464,841.322464,FALSE,NA,NA,NA,NA,NA,NA,FALSE
"5255","A69-1602-3150",5255,"Noordzeekanaal","Vinkeveen gemaal","VR2W-120095",52.220129,4.973093,2017-10-26 01:32:20,2017-10-26 01:36:32,3,NA,NA,NA,841.322464,841.322464,FALSE,NA,NA,NA,NA,NA,NA,FALSE
"5256","A69-1602-3150",5256,"Noordzeekanaal","Vinkeveen gemaal","VR2W-120095",52.220129,4.973093,2017-10-29 04:35:57,2017-10-29 05:03:46,27,NA,NA,NA,841.322464,841.322464,FALSE,NA,NA,NA,NA,NA,NA,FALSE
"5257","A69-1602-3150",5257,"Noordzeekanaal","Vinkeveen gemaal","VR2W-120095",52.220129,4.973093,2018-01-04 19:32:19,2018-01-04 19:49:12,29,NA,NA,NA,841.322464,841.322464,NA,NA,NA,NA,NA,NA,NA,FALSE
"5258","A69-1602-3151",5258,"Noordzeekanaal","rel_noordzeekanaal11","none",52.220457,4.973436,2017-09-29 09:00:00,2017-09-29 09:00:00,1,NA,NA,NA,0,0,FALSE,NA,NA,NA,NA,NA,NA,FALSE
"5259","A69-1602-3151",5259,"Noordzeekanaal","Vinkeveen gemaal","VR2W-120095",52.220129,4.973093,2017-10-01 18:49:56,2017-10-01 19:36:21,61,208196,141.405031,0.000679,141.405031,-141.405031,FALSE,NA,NA,NA,NA,NA,NA,FALSE
"5260","A69-1602-3151",5260,"Noordzeekanaal","Vinkeveen gemaal","VR2W-120095",52.220129,4.973093,2017-10-01 20:59:36,2017-10-09 14:16:46,14339,NA,NA,NA,141.405031,-141.405031,NA,NA,NA,NA,NA,NA,NA,FALSE
"5261","A69-1602-3152",5261,"Noordzeekanaal","rel_noordzeekanaal11","none",52.220457,4.973436,2017-09-29 09:00:00,2017-09-29 09:00:00,1,NA,NA,NA,0,0,FALSE,NA,NA,NA,NA,NA,NA,FALSE
"5262","A69-1602-3152",5262,"Noordzeekanaal","ARK Zuid","VR2W-119060",52.185058,4.996343,2017-09-29 23:12:23,2017-09-29 23:26:52,3,51143,43514.111807,0.850832,43514.111807,-43514.111807,TRUE,22152.58219,3,2017-10-01 01:02:47,65666.693997,93024,0.705911313177245,TRUE
"5263","A69-1602-3152",5263,"Noordzeekanaal","ARK Noord","VR2W-119054",52.355706,4.97029,2017-10-01 01:02:47,2017-10-01 02:49:40,95,92155,21361.529618,0.2318,64875.641425,22152.58219,FALSE,23500.96196,4,2017-11-04 18:10:03,1348.37977,2999236,0.000449574414951007,TRUE
"5264","A69-1602-3152",5264,"Noordzeekanaal","Oranjesluis","VR2W-102056",52.380016,4.955998,2017-11-04 18:10:03,2017-11-04 18:10:03,1,2992823,3196.690998,0.001068,68072.332423,23500.96196,FALSE,NA,NA,NA,NA,NA,NA,TRUE
"5265","A69-1602-3152",5265,"Noordzeekanaal","Oranjesluis","VR2W-102056",52.380016,4.955998,2017-11-05 17:02:06,2017-11-05 17:15:26,2,NA,NA,NA,68072.332423,23500.96196,FALSE,NA,NA,NA,NA,NA,NA,TRUE
"5266","A69-1602-3152",5266,"Noordzeekanaal","Oranjesluis","VR2W-102056",52.380016,4.955998,2017-11-08 17:30:30,2017-11-08 17:30:30,1,NA,NA,NA,68072.332423,23500.96196,FALSE,NA,NA,NA,NA,NA,NA,TRUE
"5267","A69-1602-3152",5267,"Noordzeekanaal","Oranjesluis","VR2W-102056",52.380016,4.955998,2017-11-10 18:13:49,2017-11-10 19:04:13,41,NA,NA,NA,68072.332423,23500.96196,FALSE,NA,NA,NA,NA,NA,NA,TRUE
"5268","A69-1602-3152",5268,"Noordzeekanaal","Oranjesluis","VR2W-114163",52.382553,4.959779,2017-11-10 20:38:45,2017-11-10 21:22:32,41,NA,NA,NA,68072.332423,23500.96196,FALSE,NA,NA,NA,NA,NA,NA,TRUE
"5269","A69-1602-3152",5269,"Noordzeekanaal","Oranjesluis","VR2W-114163",52.382553,4.959779,2017-11-11 00:02:17,2017-11-11 00:14:03,9,NA,NA,NA,68072.332423,23500.96196,FALSE,NA,NA,NA,NA,NA,NA,TRUE
"5270","A69-1602-3152",5270,"Noordzeekanaal","Oranjesluis","VR2W-102056",52.380016,4.955998,2017-11-14 17:34:04,2017-11-14 17:34:04,1,NA,NA,NA,68072.332423,23500.96196,FALSE,NA,NA,NA,NA,NA,NA,TRUE
"5271","A69-1602-3152",5271,"Noordzeekanaal","Oranjesluis","VR2W-102056",52.380016,4.955998,2017-11-16 16:53:16,2017-11-16 16:53:16,1,NA,NA,NA,68072.332423,23500.96196,FALSE,NA,NA,NA,NA,NA,NA,TRUE
"5272","A69-1602-3152",5272,"Noordzeekanaal","Oranjesluis","VR2W-102056",52.380016,4.955998,2017-11-18 17:22:45,2017-11-18 18:41:31,17,NA,NA,NA,68072.332423,23500.96196,FALSE,NA,NA,NA,NA,NA,NA,TRUE
"5273","A69-1602-3152",5273,"Noordzeekanaal","Oranjesluis","VR2W-102056",52.380016,4.955998,2017-11-18 20:10:09,2017-11-18 20:36:39,6,NA,NA,NA,68072.332423,23500.96196,FALSE,NA,NA,NA,NA,NA,NA,TRUE
"5274","A69-1602-3152",5274,"Noordzeekanaal","Oranjesluis","VR2W-114163",52.382553,4.959779,2017-11-23 19:16:54,2017-11-23 21:03:53,70,NA,NA,NA,68072.332423,23500.96196,NA,NA,NA,NA,NA,NA,NA,TRUE
"5275","A69-1602-3153",5275,"Noordzeekanaal","rel_noordzeekanaal11","none",52.220457,4.973436,2017-09-29 09:00:00,2017-09-29 09:00:00,1,NA,NA,NA,0,0,FALSE,NA,NA,NA,NA,NA,NA,FALSE
"5276","A69-1602-3153",5276,"Noordzeekanaal","ARK Zuid","VR2W-119060",52.185058,4.996343,2017-10-01 03:37:38,2017-10-01 03:42:14,4,153458,43514.111807,0.283557,43514.111807,-43514.111807,TRUE,22152.58219,3,2017-10-15 19:42:15,65666.693997,1267477,0.0518089827247358,TRUE
"5277","A69-1602-3153",5277,"Noordzeekanaal","ARK Noord","VR2W-119054",52.355706,4.97029,2017-10-15 19:42:15,2017-10-15 20:49:33,48,1267201,21361.529618,0.016857,64875.641425,22152.58219,FALSE,23500.96196,4,2017-10-18 19:13:40,1348.37977,257485,0.00523673134357341,TRUE
"5278","A69-1602-3153",5278,"Noordzeekanaal","Oranjesluis","VR2W-102056",52.380016,4.955998,2017-10-18 19:13:40,2017-10-18 20:03:40,6,253447,3196.690998,0.012613,68072.332423,23500.96196,FALSE,44380.869162,11,2017-10-24 18:54:54,20879.907202,517274,0.0403652748871971,TRUE
"5279","A69-1602-3153",5279,"Noordzeekanaal","Oranjesluis","VR2W-102056",52.380016,4.955998,2017-10-18 21:37:37,2017-10-19 05:50:35,115,NA,NA,NA,68072.332423,23500.96196,FALSE,44380.869162,11,2017-10-24 18:54:54,20879.907202,508637,0.0410507045338817,TRUE
"5280","A69-1602-3153",5280,"Noordzeekanaal","Oranjesluis","VR2W-102056",52.380016,4.955998,2017-10-19 21:29:40,2017-10-20 02:19:46,33,NA,NA,NA,68072.332423,23500.96196,FALSE,44380.869162,11,2017-10-24 18:54:54,20879.907202,422714,0.0493948797579451,TRUE
"5281","A69-1602-3153",5281,"Noordzeekanaal","Oranjesluis","VR2W-102056",52.380016,4.955998,2017-10-20 03:24:33,2017-10-20 03:24:33,1,NA,NA,NA,68072.332423,23500.96196,FALSE,44380.869162,11,2017-10-24 18:54:54,20879.907202,401421,0.0520149847715989,TRUE
"5282","A69-1602-3153",5282,"Noordzeekanaal","Oranjesluis","VR2W-102056",52.380016,4.955998,2017-10-20 05:14:11,2017-10-20 05:15:53,2,NA,NA,NA,68072.332423,23500.96196,FALSE,44380.869162,11,2017-10-24 18:54:54,20879.907202,394843,0.0528815433020213,TRUE
"5283","A69-1602-3153",5283,"Noordzeekanaal","Oranjesluis","VR2W-102056",52.380016,4.955998,2017-10-20 20:51:33,2017-10-20 22:00:37,13,NA,NA,NA,68072.332423,23500.96196,FALSE,NA,NA,NA,NA,NA,NA,TRUE
"5284","A69-1602-3153",5284,"Noordzeekanaal","Willem 2 sluis 2","VR2W-130587",52.383677,4.907053,2017-10-21 00:08:02,2017-10-21 00:08:42,2,7645,3423.861235,0.447856,71496.193658,22476.820659,TRUE,44380.869162,11,2017-10-24 18:54:54,21904.048503,326812,0.0670233911331285,TRUE
"5285","A69-1602-3153",5285,"Noordzeekanaal","Noordzeekanaal","VR2W-114165",52.462798,4.633995,2017-10-24 18:54:54,2017-10-24 19:36:11,22,326772,22552.500267,0.069016,94048.693925,44380.869162,TRUE,45987.788161,12,2017-10-24 20:01:55,1606.91899899999,4021,0.399631683412085,TRUE
"5286","A69-1602-3153",5286,"Noordzeekanaal","Grote sluis NZK","VR2W-114178",52.467488,4.613347,2017-10-24 20:01:55,2017-10-24 21:00:01,26,1544,1606.918999,1.040751,95655.612924,45987.788161,FALSE,NA,NA,NA,NA,NA,NA,TRUE
"5287","A69-1602-3153",5287,"Noordzeekanaal","Noordzeekanaal","VR2W-114165",52.462798,4.633995,2017-10-24 21:48:02,2017-10-24 22:27:37,53,2881,1606.918999,0.557764,97262.531923,44380.869162,TRUE,45987.788161,14,2017-10-24 23:02:41,1606.91899899999,4479,0.358767358562178,TRUE
"5288","A69-1602-3153",5288,"Noordzeekanaal","Grote sluis NZK","VR2W-114178",52.467488,4.613347,2017-10-24 23:02:41,2017-10-24 23:22:15,17,2104,1606.918999,0.763745,98869.450922,45987.788161,FALSE,NA,NA,NA,NA,NA,NA,TRUE
"5289","A69-1602-3153",5289,"Noordzeekanaal","Noordzeekanaal","VR2W-114165",52.462798,4.633995,2017-10-24 23:33:04,2017-10-24 23:33:04,1,649,1606.918999,2.475992,100476.369921,44380.869162,TRUE,45987.788161,16,2017-10-24 23:34:40,1606.91899899999,96,16.7387395729166,TRUE
"5290","A69-1602-3153",5290,"Noordzeekanaal","Grote sluis NZK","VR2W-114178",52.467488,4.613347,2017-10-24 23:34:40,2017-10-25 00:10:03,25,96,1606.918999,16.73874,102083.28892,45987.788161,FALSE,NA,NA,NA,NA,NA,NA,TRUE
"5291","A69-1602-3153",5291,"Noordzeekanaal","Noordzeekanaal","VR2W-114165",52.462798,4.633995,2017-10-25 00:10:42,2017-10-25 00:10:42,1,39,1606.918999,41.203051,103690.207919,44380.869162,TRUE,45987.788161,18,2017-10-25 00:13:59,1606.91899899999,197,8.15694923350251,TRUE
"5292","A69-1602-3153",5292,"Noordzeekanaal","Grote sluis NZK","VR2W-114178",52.467488,4.613347,2017-10-25 00:13:59,2017-10-25 00:26:46,14,197,1606.918999,8.156949,105297.126918,45987.788161,FALSE,NA,NA,NA,NA,NA,NA,TRUE
"5293","A69-1602-3153",5293,"Noordzeekanaal","Noordzeekanaal","VR2W-114165",52.462798,4.633995,2017-10-25 00:27:24,2017-10-25 00:27:24,1,38,1606.918999,42.287342,106904.045917,44380.869162,TRUE,45987.788161,20,2017-10-25 00:29:39,1606.91899899999,135,11.9031036962963,TRUE
"5294","A69-1602-3153",5294,"Noordzeekanaal","Grote sluis NZK","VR2W-114178",52.467488,4.613347,2017-10-25 00:29:39,2017-10-25 01:23:11,46,135,1606.918999,11.903104,108510.964916,45987.788161,NA,NA,NA,NA,NA,NA,NA,TRUE
"5295","A69-1602-3153",5295,"Noordzeekanaal","Middensluis NZK","VR2W-132417",52.465373,4.601803,2017-10-25 02:27:18,2017-10-25 07:29:06,105,3847,882.739291,0.229462,109393.704207,46704.860145,FALSE,NA,NA,NA,NA,NA,NA,TRUE
"5296","A69-1602-3153",5296,"Noordzeekanaal","Middensluis NZK","VR2W-132417",52.465373,4.601803,2017-10-25 08:31:16,2017-10-25 09:50:57,19,NA,NA,NA,109393.704207,46704.860145,FALSE,NA,NA,NA,NA,NA,NA,TRUE
"5297","A69-1602-3153",5297,"Noordzeekanaal","Middensluis NZK","VR2W-132417",52.465373,4.601803,2017-10-25 17:07:07,2017-10-25 18:10:23,38,NA,NA,NA,109393.704207,46704.860145,FALSE,NA,NA,NA,NA,NA,NA,TRUE
"5298","A69-1602-3153",5298,"Noordzeekanaal","Noordzeekanaal","VR2W-114165",52.462798,4.633995,2017-10-25 18:11:26,2017-10-25 18:11:26,1,63,2323.990983,36.888746,111717.69519,44380.869162,TRUE,45987.788161,25,2017-10-25 18:12:10,1606.91899899999,44,36.520886340909,TRUE
"5299","A69-1602-3153",5299,"Noordzeekanaal","Grote sluis NZK","VR2W-114178",52.467488,4.613347,2017-10-25 18:12:10,2017-10-25 18:18:44,4,44,1606.918999,36.520886,113324.614189,45987.788161,FALSE,NA,NA,NA,NA,NA,NA,TRUE
"5300","A69-1602-3153",5300,"Noordzeekanaal","Noordzeekanaal","VR2W-114164",52.465232,4.633992,2017-10-25 18:50:38,2017-10-25 19:05:23,13,1914,1606.918999,0.839561,114931.533188,44380.869162,TRUE,46704.860145,27,2017-10-25 19:05:24,2323.990983,886,2.62301465349887,TRUE
"5301","A69-1602-3153",5301,"Noordzeekanaal","Middensluis NZK","VR2W-132417",52.465373,4.601803,2017-10-25 19:05:24,2017-10-25 19:06:00,2,1,2323.990983,2323.990983,117255.524171,46704.860145,FALSE,NA,NA,NA,NA,NA,NA,TRUE
"5302","A69-1602-3153",5302,"Noordzeekanaal","Noordzeekanaal","VR2W-114165",52.462798,4.633995,2017-10-25 19:06:02,2017-10-25 19:23:05,22,2,2323.990983,1161.995492,119579.515154,44380.869162,TRUE,46704.860145,29,2017-10-25 19:27:24,2323.990983,1282,1.81278547815912,TRUE
"5303","A69-1602-3153",5303,"Noordzeekanaal","Middensluis NZK","VR2W-132417",52.465373,4.601803,2017-10-25 19:27:24,2017-10-25 19:28:16,2,259,2323.990983,8.972938,121903.506137,46704.860145,FALSE,NA,NA,NA,NA,NA,NA,TRUE
"5304","A69-1602-3153",5304,"Noordzeekanaal","Noordzeekanaal","VR2W-114165",52.462798,4.633995,2017-10-25 19:30:42,2017-10-25 19:30:42,1,146,2323.990983,15.917746,124227.49712,44380.869162,TRUE,45987.788161,31,2017-10-25 19:36:38,1606.91899899999,356,4.51381741292133,TRUE
"5305","A69-1602-3153",5305,"Noordzeekanaal","Grote sluis NZK","VR2W-114178",52.467488,4.613347,2017-10-25 19:36:38,2017-10-25 21:28:09,122,356,1606.918999,4.513817,125834.416119,45987.788161,FALSE,NA,NA,NA,NA,NA,NA,TRUE
"5306","A69-1602-3153",5306,"Noordzeekanaal","Noordzeekanaal","VR2W-114165",52.462798,4.633995,2017-10-25 21:28:32,2017-10-25 21:28:32,1,23,1606.918999,69.866043,127441.335118,44380.869162,TRUE,45987.788161,33,2017-10-25 21:28:45,1606.91899899999,13,123.60915376923,TRUE
"5307","A69-1602-3153",5307,"Noordzeekanaal","Grote sluis NZK","VR2W-114178",52.467488,4.613347,2017-10-25 21:28:45,2017-10-25 21:28:45,1,13,1606.918999,123.609154,129048.254117,45987.788161,FALSE,NA,NA,NA,NA,NA,NA,TRUE
"5308","A69-1602-3153",5308,"Noordzeekanaal","Noordzeekanaal","VR2W-114165",52.462798,4.633995,2017-10-25 21:29:09,2017-10-25 21:30:34,3,24,1606.918999,66.954958,130655.173116,44380.869162,TRUE,45987.788161,35,2017-10-25 21:31:27,1606.91899899999,138,11.6443405724637,TRUE
"5309","A69-1602-3153",5309,"Noordzeekanaal","Grote sluis NZK","VR2W-114178",52.467488,4.613347,2017-10-25 21:31:27,2017-10-25 21:31:27,1,53,1606.918999,30.319226,132262.092115,45987.788161,FALSE,NA,NA,NA,NA,NA,NA,TRUE
"5310","A69-1602-3153",5310,"Noordzeekanaal","Noordzeekanaal","VR2W-114165",52.462798,4.633995,2017-10-25 21:31:53,2017-10-25 21:36:08,6,26,1606.918999,61.804577,133869.011114,44380.869162,TRUE,45987.788161,37,2017-10-25 21:36:23,1606.91899899999,270,5.95155184814813,TRUE
"5311","A69-1602-3153",5311,"Noordzeekanaal","Grote sluis NZK","VR2W-114178",52.467488,4.613347,2017-10-25 21:36:23,2017-10-25 21:36:23,1,15,1606.918999,107.127933,135475.930113,45987.788161,FALSE,NA,NA,NA,NA,NA,NA,TRUE
"5312","A69-1602-3153",5312,"Noordzeekanaal","Noordzeekanaal","VR2W-114165",52.462798,4.633995,2017-10-25 21:36:51,2017-10-25 22:37:45,59,28,1606.918999,57.389964,137082.849112,44380.869162,FALSE,46704.860145,41,2017-10-26 20:47:45,2323.990983,83454,0.0278475685167876,TRUE
"5313","A69-1602-3153",5313,"Noordzeekanaal","Noordzeekanaal","VR2W-114165",52.462798,4.633995,2017-10-26 01:23:15,2017-10-26 01:23:15,1,NA,NA,NA,137082.849112,44380.869162,FALSE,46704.860145,41,2017-10-26 20:47:45,2323.990983,69870,0.0332616428080721,TRUE
"5314","A69-1602-3153",5314,"Noordzeekanaal","Noordzeekanaal","VR2W-114165",52.462798,4.633995,2017-10-26 19:56:49,2017-10-26 20:43:03,56,NA,NA,NA,137082.849112,44380.869162,TRUE,46704.860145,41,2017-10-26 20:47:45,2323.990983,3056,0.760468253599475,TRUE
"5315","A69-1602-3153",5315,"Noordzeekanaal","Middensluis NZK","VR2W-132417",52.465373,4.601803,2017-10-26 20:47:45,2017-10-26 23:33:05,148,282,2323.990983,8.241103,139406.840095,46704.860145,FALSE,NA,NA,NA,NA,NA,NA,TRUE
"5316","A69-1602-3153",5316,"Noordzeekanaal","Noordzeekanaal","VR2W-114165",52.462798,4.633995,2017-10-26 23:58:03,2017-10-27 02:00:11,109,1498,2323.990983,1.551396,141730.831078,44380.869162,FALSE,45987.788161,45,2017-10-31 02:41:49,1606.91899899999,355426,0.00452110706307359,TRUE
"5317","A69-1602-3153",5317,"Noordzeekanaal","Noordzeekanaal","VR2W-114165",52.462798,4.633995,2017-10-28 02:33:47,2017-10-28 03:41:07,35,NA,NA,NA,141730.831078,44380.869162,FALSE,45987.788161,45,2017-10-31 02:41:49,1606.91899899999,259682,0.00618802612040878,TRUE
"5318","A69-1602-3153",5318,"Noordzeekanaal","Noordzeekanaal","VR2W-114165",52.462798,4.633995,2017-10-31 01:17:51,2017-10-31 02:28:50,52,NA,NA,NA,141730.831078,44380.869162,TRUE,45987.788161,45,2017-10-31 02:41:49,1606.91899899999,5038,0.318959706034139,TRUE
"5319","A69-1602-3153",5319,"Noordzeekanaal","Grote sluis NZK","VR2W-114178",52.467488,4.613347,2017-10-31 02:41:49,2017-10-31 04:40:37,101,779,1606.918999,2.062797,143337.750077,45987.788161,FALSE,NA,NA,NA,NA,NA,NA,TRUE
"5320","A69-1602-3153",5320,"Noordzeekanaal","Noordzeekanaal","VR2W-114165",52.462798,4.633995,2017-10-31 05:08:59,2017-10-31 06:58:20,72,1702,1606.918999,0.944136,144944.669076,44380.869162,FALSE,46704.860145,49,2017-11-01 21:11:32,2323.990983,144153,0.016121696967805,TRUE
"5321","A69-1602-3153",5321,"Noordzeekanaal","Noordzeekanaal","VR2W-114164",52.465232,4.633992,2017-11-01 03:47:05,2017-11-01 03:47:05,1,NA,NA,NA,144944.669076,44380.869162,FALSE,46704.860145,49,2017-11-01 21:11:32,2323.990983,62667,0.0370847652352912,TRUE
"5322","A69-1602-3153",5322,"Noordzeekanaal","Noordzeekanaal","VR2W-114165",52.462798,4.633995,2017-11-01 17:20:20,2017-11-01 20:54:16,125,NA,NA,NA,144944.669076,44380.869162,TRUE,46704.860145,49,2017-11-01 21:11:32,2323.990983,13872,0.167531068555363,TRUE
"5323","A69-1602-3153",5323,"Noordzeekanaal","Middensluis NZK","VR2W-132417",52.465373,4.601803,2017-11-01 21:11:32,2017-11-01 21:14:37,3,1036,2323.990983,2.243235,147268.660059,46704.860145,FALSE,NA,NA,NA,NA,NA,NA,TRUE
"5324","A69-1602-3153",5324,"Noordzeekanaal","Noordzeekanaal","VR2W-114165",52.462798,4.633995,2017-11-01 21:16:16,2017-11-01 21:16:16,1,99,2323.990983,23.474656,149592.651042,44380.869162,TRUE,46704.860145,51,2017-11-01 21:18:11,2323.990983,115,20.2086172434782,TRUE
"5325","A69-1602-3153",5325,"Noordzeekanaal","Middensluis NZK","VR2W-132417",52.465373,4.601803,2017-11-01 21:18:11,2017-11-01 22:07:53,21,115,2323.990983,20.208617,151916.642025,46704.860145,FALSE,NA,NA,NA,NA,NA,NA,TRUE
"5326","A69-1602-3153",5326,"Noordzeekanaal","Noordzeekanaal","VR2W-114165",52.462798,4.633995,2017-11-01 22:23:01,2017-11-01 22:24:22,2,908,2323.990983,2.559461,154240.633008,44380.869162,TRUE,45987.788161,53,2017-11-01 22:56:15,1606.91899899999,1994,0.805877130892675,TRUE
"5327","A69-1602-3153",5327,"Noordzeekanaal","Grote sluis NZK","VR2W-114178",52.467488,4.613347,2017-11-01 22:56:15,2017-11-02 00:11:43,64,1913,1606.918999,0.839999,155847.552007,45987.788161,FALSE,NA,NA,NA,NA,NA,NA,TRUE
"5328","A69-1602-3153",5328,"Noordzeekanaal","Noordzeekanaal","VR2W-114165",52.462798,4.633995,2017-11-02 00:25:14,2017-11-02 00:48:32,7,811,1606.918999,1.981404,157454.471006,44380.869162,TRUE,45987.788161,55,2017-11-02 00:49:12,1606.91899899999,1438,1.11746801043115,TRUE
"5329","A69-1602-3153",5329,"Noordzeekanaal","Grote sluis NZK","VR2W-114178",52.467488,4.613347,2017-11-02 00:49:12,2017-11-02 00:56:35,3,40,1606.918999,40.172975,159061.390005,45987.788161,FALSE,NA,NA,NA,NA,NA,NA,TRUE
"5330","A69-1602-3153",5330,"Noordzeekanaal","Noordzeekanaal","VR2W-114165",52.462798,4.633995,2017-11-02 00:56:52,2017-11-02 00:56:52,1,17,1606.918999,94.524647,160668.309004,44380.869162,TRUE,45987.788161,57,2017-11-02 00:57:25,1606.91899899999,33,48.6945151212119,TRUE
"5331","A69-1602-3153",5331,"Noordzeekanaal","Grote sluis NZK","VR2W-114178",52.467488,4.613347,2017-11-02 00:57:25,2017-11-02 00:58:11,2,33,1606.918999,48.694515,162275.228003,45987.788161,FALSE,NA,NA,NA,NA,NA,NA,TRUE
"5332","A69-1602-3153",5332,"Noordzeekanaal","Noordzeekanaal","VR2W-114165",52.462798,4.633995,2017-11-02 00:58:24,2017-11-02 00:59:10,2,13,1606.918999,123.609154,163882.147002,44380.869162,TRUE,45987.788161,59,2017-11-02 00:59:31,1606.91899899999,67,23.9838656567163,TRUE
"5333","A69-1602-3153",5333,"Noordzeekanaal","Grote sluis NZK","VR2W-114178",52.467488,4.613347,2017-11-02 00:59:31,2017-11-02 01:02:31,4,21,1606.918999,76.519952,165489.066001,45987.788161,FALSE,NA,NA,NA,NA,NA,NA,TRUE
"5334","A69-1602-3153",5334,"Noordzeekanaal","Noordzeekanaal","VR2W-114165",52.462798,4.633995,2017-11-02 01:10:14,2017-11-02 01:10:52,2,463,1606.918999,3.470667,167095.985,44380.869162,TRUE,46704.860145,61,2017-11-02 01:24:43,2323.990983,869,2.67432794361334,TRUE
"5335","A69-1602-3153",5335,"Noordzeekanaal","Middensluis NZK","VR2W-132417",52.465373,4.601803,2017-11-02 01:24:43,2017-11-02 01:24:43,1,831,2323.990983,2.79662,169419.975983,46704.860145,FALSE,NA,NA,NA,NA,NA,NA,TRUE
"5336","A69-1602-3153",5336,"Noordzeekanaal","Noordzeekanaal","VR2W-114165",52.462798,4.633995,2017-11-02 01:38:41,2017-11-02 02:05:47,21,838,2323.990983,2.773259,171743.966966,44380.869162,TRUE,46704.860145,63,2017-11-02 02:07:56,2323.990983,1755,1.32421138632478,TRUE
"5337","A69-1602-3153",5337,"Noordzeekanaal","Middensluis NZK","VR2W-132417",52.465373,4.601803,2017-11-02 02:07:56,2017-11-02 02:10:03,2,129,2323.990983,18.015434,174067.957949,46704.860145,FALSE,NA,NA,NA,NA,NA,NA,TRUE
"5338","A69-1602-3153",5338,"Noordzeekanaal","Noordzeekanaal","VR2W-114164",52.465232,4.633992,2017-11-02 02:13:42,2017-11-02 04:10:15,103,219,2323.990983,10.611831,176391.948932,44380.869162,TRUE,46704.860145,65,2017-11-02 04:30:19,2323.990983,8197,0.283517260339148,TRUE
"5339","A69-1602-3153",5339,"Noordzeekanaal","Middensluis NZK","VR2W-132417",52.465373,4.601803,2017-11-02 04:30:19,2017-11-02 04:30:19,1,1204,2323.990983,1.930225,178715.939915,46704.860145,FALSE,NA,NA,NA,NA,NA,NA,TRUE
"5340","A69-1602-3153",5340,"Noordzeekanaal","Noordzeekanaal","VR2W-114165",52.462798,4.633995,2017-11-02 05:10:21,2017-11-02 05:36:52,3,2402,2323.990983,0.967523,181039.930898,44380.869162,FALSE,46704.860145,68,2017-11-03 21:54:56,2323.990983,146675,0.0158444928106357,TRUE
"5341","A69-1602-3153",5341,"Noordzeekanaal","Noordzeekanaal","VR2W-114164",52.465232,4.633992,2017-11-03 21:52:33,2017-11-03 21:52:33,1,NA,NA,NA,181039.930898,44380.869162,TRUE,46704.860145,68,2017-11-03 21:54:56,2323.990983,143,16.2516851958042,TRUE
"5342","A69-1602-3153",5342,"Noordzeekanaal","Middensluis NZK","VR2W-132417",52.465373,4.601803,2017-11-03 21:54:56,2017-11-03 21:54:56,1,143,2323.990983,16.251685,183363.921881,46704.860145,FALSE,NA,NA,NA,NA,NA,NA,TRUE
"5343","A69-1602-3153",5343,"Noordzeekanaal","Noordzeekanaal","VR2W-114164",52.465232,4.633992,2017-11-03 21:57:57,2017-11-03 21:57:57,1,181,2323.990983,12.839729,185687.912864,44380.869162,TRUE,45987.788161,70,2017-11-03 22:24:21,1606.91899899999,1584,1.01446906502525,TRUE
"5344","A69-1602-3153",5344,"Noordzeekanaal","Grote sluis NZK","VR2W-114178",52.467488,4.613347,2017-11-03 22:24:21,2017-11-03 22:44:13,11,1584,1606.918999,1.014469,187294.831863,45987.788161,FALSE,NA,NA,NA,NA,NA,NA,TRUE
"5345","A69-1602-3153",5345,"Noordzeekanaal","Noordzeekanaal","VR2W-114165",52.462798,4.633995,2017-11-03 22:44:16,2017-11-03 22:44:16,1,3,1606.918999,535.639666,188901.750862,44380.869162,TRUE,45987.788161,72,2017-11-03 22:47:01,1606.91899899999,165,9.73890302424239,TRUE
"5346","A69-1602-3153",5346,"Noordzeekanaal","Grote sluis NZK","VR2W-114178",52.467488,4.613347,2017-11-03 22:47:01,2017-11-04 00:05:30,53,165,1606.918999,9.738903,190508.669861,45987.788161,FALSE,NA,NA,NA,NA,NA,NA,TRUE
"5347","A69-1602-3153",5347,"Noordzeekanaal","Noordzeekanaal","VR2W-114165",52.462798,4.633995,2017-11-04 00:05:56,2017-11-04 00:05:56,1,26,1606.918999,61.804577,192115.58886,44380.869162,TRUE,45987.788161,74,2017-11-04 00:06:13,1606.91899899999,17,94.5246469999996,TRUE
"5348","A69-1602-3153",5348,"Noordzeekanaal","Grote sluis NZK","VR2W-114178",52.467488,4.613347,2017-11-04 00:06:13,2017-11-04 00:06:13,1,17,1606.918999,94.524647,193722.507859,45987.788161,FALSE,NA,NA,NA,NA,NA,NA,TRUE
"5349","A69-1602-3153",5349,"Noordzeekanaal","Noordzeekanaal","VR2W-114165",52.462798,4.633995,2017-11-04 00:07:35,2017-11-04 00:08:18,2,82,1606.918999,19.596573,195329.426858,44380.869162,TRUE,45987.788161,76,2017-11-04 00:10:20,1606.91899899999,165,9.73890302424239,TRUE
"5350","A69-1602-3153",5350,"Noordzeekanaal","Grote sluis NZK","VR2W-114178",52.467488,4.613347,2017-11-04 00:10:20,2017-11-04 02:03:38,92,122,1606.918999,13.171467,196936.345857,45987.788161,FALSE,NA,NA,NA,NA,NA,NA,TRUE
"5351","A69-1602-3153",5351,"Noordzeekanaal","Noordzeekanaal","VR2W-114165",52.462798,4.633995,2017-11-04 02:04:46,2017-11-04 02:05:26,2,68,1606.918999,23.631162,198543.264856,44380.869162,TRUE,45987.788161,78,2017-11-04 02:10:07,1606.91899899999,321,5.00597819003113,TRUE
"5352","A69-1602-3153",5352,"Noordzeekanaal","Grote sluis NZK","VR2W-114178",52.467488,4.613347,2017-11-04 02:10:07,2017-11-04 02:35:29,22,281,1606.918999,5.718573,200150.183855,45987.788161,FALSE,NA,NA,NA,NA,NA,NA,TRUE
"5353","A69-1602-3153",5353,"Noordzeekanaal","Noordzeekanaal","VR2W-114165",52.462798,4.633995,2017-11-04 02:37:23,2017-11-04 02:57:58,5,114,1606.918999,14.095781,201757.102854,44380.869162,TRUE,46553.408286,80,2017-11-04 03:39:37,2172.539124,3734,0.581826224959827,TRUE
"5354","A69-1602-3153",5354,"Noordzeekanaal","Spuisluis NZK","VR2W-114167",52.470646,4.607811,2017-11-04 03:39:37,2017-11-04 04:41:59,43,2499,2172.539123,0.869363,203929.641977,46553.408286,FALSE,NA,NA,NA,NA,NA,NA,TRUE
"5355","A69-1602-3153",5355,"Noordzeekanaal","Noordzeekanaal","VR2W-114165",52.462798,4.633995,2017-11-04 05:15:39,2017-11-04 05:20:26,6,2020,2172.539123,1.075514,206102.1811,44380.869162,TRUE,45987.788161,82,2017-11-04 05:24:00,1606.91899899999,501,3.20742315169659,TRUE
"5356","A69-1602-3153",5356,"Noordzeekanaal","Grote sluis NZK","VR2W-114178",52.467488,4.613347,2017-11-04 05:24:00,2017-11-04 05:24:00,1,214,1606.918999,7.508967,207709.100099,45987.788161,FALSE,NA,NA,NA,NA,NA,NA,TRUE
"5357","A69-1602-3153",5357,"Noordzeekanaal","Noordzeekanaal","VR2W-114164",52.465232,4.633992,2017-11-04 05:37:54,2017-11-04 05:40:37,2,834,1606.918999,1.926761,209316.019098,44380.869162,TRUE,45987.788161,84,2017-11-04 05:54:55,1606.91899899999,1021,1.57386777571008,TRUE
"5358","A69-1602-3153",5358,"Noordzeekanaal","Grote sluis NZK","VR2W-114178",52.467488,4.613347,2017-11-04 05:54:55,2017-11-04 05:54:55,1,858,1606.918999,1.872866,210922.938097,45987.788161,FALSE,NA,NA,NA,NA,NA,NA,TRUE
"5359","A69-1602-3153",5359,"Noordzeekanaal","Noordzeekanaal","VR2W-114165",52.462798,4.633995,2017-11-05 16:41:39,2017-11-05 18:07:07,86,125204,1606.918999,0.012834,212529.857096,44380.869162,TRUE,45987.788161,86,2017-11-05 18:08:32,1606.91899899999,5213,0.308252253788604,TRUE
"5360","A69-1602-3153",5360,"Noordzeekanaal","Grote sluis NZK","VR2W-114178",52.467488,4.613347,2017-11-05 18:08:32,2017-11-05 18:08:32,1,85,1606.918999,18.904929,214136.776095,45987.788161,FALSE,NA,NA,NA,NA,NA,NA,TRUE
"5361","A69-1602-3153",5361,"Noordzeekanaal","Noordzeekanaal","VR2W-114165",52.462798,4.633995,2017-11-05 18:08:48,2017-11-05 18:08:48,1,16,1606.918999,100.432437,215743.695094,44380.869162,TRUE,45987.788161,88,2017-11-05 18:11:41,1606.91899899999,173,9.2885491271676,TRUE
"5362","A69-1602-3153",5362,"Noordzeekanaal","Grote sluis NZK","VR2W-114178",52.467488,4.613347,2017-11-05 18:11:41,2017-11-05 20:43:19,110,173,1606.918999,9.288549,217350.614093,45987.788161,FALSE,NA,NA,NA,NA,NA,NA,TRUE
"5363","A69-1602-3153",5363,"Noordzeekanaal","Noordzeekanaal","VR2W-114165",52.462798,4.633995,2017-11-05 20:44:37,2017-11-05 20:57:40,6,78,1606.918999,20.601526,218957.533092,44380.869162,TRUE,46553.408286,90,2017-11-05 21:31:38,2172.539124,2821,0.770130848635234,TRUE
"5364","A69-1602-3153",5364,"Noordzeekanaal","Spuisluis NZK","VR2W-114167",52.470646,4.607811,2017-11-05 21:31:38,2017-11-05 23:42:51,42,2038,2172.539123,1.066015,221130.072215,46553.408286,FALSE,NA,NA,NA,NA,NA,NA,TRUE
"5365","A69-1602-3153",5365,"Noordzeekanaal","Spuisluis NZK","VR2W-114167",52.470646,4.607811,2017-11-06 04:23:01,2017-11-06 04:46:35,30,NA,NA,NA,221130.072215,46553.408286,FALSE,NA,NA,NA,NA,NA,NA,TRUE
"5366","A69-1602-3153",5366,"Noordzeekanaal","Grote sluis NZK","VR2W-114178",52.467488,4.613347,2017-11-06 05:53:44,2017-11-06 06:00:09,4,4029,565.620125,0.140387,221695.69234,45987.788161,FALSE,NA,NA,NA,NA,NA,NA,TRUE
"5367","A69-1602-3153",5367,"Noordzeekanaal","Noordzeekanaal","VR2W-114165",52.462798,4.633995,2017-11-06 16:45:12,2017-11-06 16:45:12,1,38703,1606.918999,0.041519,223302.611339,44380.869162,TRUE,45987.788161,94,2017-11-06 16:46:42,1606.91899899999,90,17.8546555444444,TRUE
"5368","A69-1602-3153",5368,"Noordzeekanaal","Grote sluis NZK","VR2W-114178",52.467488,4.613347,2017-11-06 16:46:42,2017-11-06 17:02:01,6,90,1606.918999,17.854656,224909.530338,45987.788161,FALSE,NA,NA,NA,NA,NA,NA,TRUE
"5369","A69-1602-3153",5369,"Noordzeekanaal","Noordzeekanaal","VR2W-114165",52.462798,4.633995,2017-11-06 17:08:04,2017-11-06 17:08:04,1,363,1606.918999,4.426774,226516.449337,44380.869162,TRUE,46553.408286,96,2017-11-06 17:51:35,2172.539124,2611,0.83207166756032,TRUE
"5370","A69-1602-3153",5370,"Noordzeekanaal","Spuisluis NZK","VR2W-114167",52.470646,4.607811,2017-11-06 17:51:35,2017-11-06 19:52:32,25,2611,2172.539123,0.832072,228688.98846,46553.408286,FALSE,NA,NA,NA,NA,NA,NA,TRUE
"5371","A69-1602-3153",5371,"Noordzeekanaal","Noordzeekanaal","VR2W-114165",52.462798,4.633995,2017-11-06 20:38:07,2017-11-06 20:38:07,1,2735,2172.539123,0.794347,230861.527583,44380.869162,TRUE,45987.788161,98,2017-11-06 20:38:49,1606.91899899999,42,38.2599761666665,TRUE
"5372","A69-1602-3153",5372,"Noordzeekanaal","Grote sluis NZK","VR2W-114178",52.467488,4.613347,2017-11-06 20:38:49,2017-11-06 22:00:18,43,42,1606.918999,38.259976,232468.446582,45987.788161,NA,NA,NA,NA,NA,NA,NA,TRUE
"5373","A69-1602-3153",5373,"Noordzeekanaal","Grote sluis Noordzee","VR2W-132414",52.466907,4.600546,2017-11-06 23:20:36,2017-11-06 23:56:05,15,4818,941.310669,0.195374,233409.757251,46846.265177,NA,NA,NA,NA,NA,NA,NA,TRUE
"5374","A69-1602-3154",5374,"Noordzeekanaal","rel_noordzeekanaal11","none",52.220457,4.973436,2017-09-29 09:00:00,2017-09-29 10:06:44,27,NA,NA,NA,0,0,FALSE,NA,NA,NA,NA,NA,NA,FALSE
"5375","A69-1602-3154",5375,"Noordzeekanaal","Vinkeveen gemaal","VR2W-120095",52.220129,4.973093,2017-10-03 03:44:12,2017-10-03 03:48:44,2,322648,141.405031,0.000438,141.405031,-141.405031,FALSE,NA,NA,NA,NA,NA,NA,FALSE
"5376","A69-1602-3154",5376,"Noordzeekanaal","Vinkeveen gemaal","VR2W-120095",52.220129,4.973093,2017-10-11 22:11:12,2017-10-11 22:29:10,19,NA,NA,NA,141.405031,-141.405031,FALSE,NA,NA,NA,NA,NA,NA,FALSE
"5377","A69-1602-3154",5377,"Noordzeekanaal","Vinkeveen gemaal","VR2W-120095",52.220129,4.973093,2017-10-22 19:40:03,2017-10-22 19:40:03,1,NA,NA,NA,141.405031,-141.405031,FALSE,NA,NA,NA,NA,NA,NA,FALSE
"5378","A69-1602-3154",5378,"Noordzeekanaal","Vinkeveen gemaal","VR2W-120095",52.220129,4.973093,2018-01-29 00:29:46,2018-01-29 00:32:02,3,NA,NA,NA,141.405031,-141.405031,NA,NA,NA,NA,NA,NA,NA,FALSE
"5379","A69-1602-3155",5379,"Noordzeekanaal","rel_noordzeekanaal10","none",52.219452,4.96083,2017-10-06 09:00:00,2017-10-06 09:00:00,1,NA,NA,NA,0,0,NA,NA,NA,NA,NA,NA,NA,FALSE
"5380","A69-1602-3155",5380,"Noordzeekanaal","Vinkeveen gemaal","VR2W-120095",52.220129,4.973093,2017-10-07 19:45:46,2017-10-07 20:11:34,8,125146,841.322464,0.006723,841.322464,841.322464,FALSE,NA,NA,NA,NA,NA,NA,FALSE
"5381","A69-1602-3155",5381,"Noordzeekanaal","Vinkeveen gemaal","VR2W-120095",52.220129,4.973093,2017-10-18 03:22:53,2017-10-18 03:22:53,1,NA,NA,NA,841.322464,841.322464,FALSE,NA,NA,NA,NA,NA,NA,FALSE
"5382","A69-1602-3155",5382,"Noordzeekanaal","Vinkeveen gemaal","VR2W-120095",52.220129,4.973093,2017-10-20 20:08:57,2017-10-20 21:10:08,13,NA,NA,NA,841.322464,841.322464,FALSE,NA,NA,NA,NA,NA,NA,FALSE
"5383","A69-1602-3155",5383,"Noordzeekanaal","Vinkeveen gemaal","VR2W-120095",52.220129,4.973093,2017-10-20 23:16:54,2017-10-20 23:29:27,5,NA,NA,NA,841.322464,841.322464,FALSE,NA,NA,NA,NA,NA,NA,FALSE
"5384","A69-1602-3155",5384,"Noordzeekanaal","Vinkeveen gemaal","VR2W-120095",52.220129,4.973093,2017-11-10 21:15:19,2017-11-10 21:15:19,1,NA,NA,NA,841.322464,841.322464,FALSE,NA,NA,NA,NA,NA,NA,FALSE
"5385","A69-1602-3155",5385,"Noordzeekanaal","Vinkeveen gemaal","VR2W-120095",52.220129,4.973093,2017-11-11 00:01:00,2017-11-11 00:05:01,2,NA,NA,NA,841.322464,841.322464,FALSE,NA,NA,NA,NA,NA,NA,FALSE
"5386","A69-1602-3155",5386,"Noordzeekanaal","Vinkeveen gemaal","VR2W-120095",52.220129,4.973093,2017-11-23 20:32:01,2017-11-23 21:12:57,29,NA,NA,NA,841.322464,841.322464,FALSE,NA,NA,NA,NA,NA,NA,FALSE
"5387","A69-1602-3155",5387,"Noordzeekanaal","Vinkeveen gemaal","VR2W-120095",52.220129,4.973093,2017-11-25 21:52:07,2017-11-25 21:52:07,1,NA,NA,NA,841.322464,841.322464,FALSE,NA,NA,NA,NA,NA,NA,FALSE
"5388","A69-1602-3155",5388,"Noordzeekanaal","Vinkeveen gemaal","VR2W-120095",52.220129,4.973093,2017-12-26 19:06:11,2017-12-26 19:06:11,1,NA,NA,NA,841.322464,841.322464,FALSE,NA,NA,NA,NA,NA,NA,FALSE
"5389","A69-1602-3155",5389,"Noordzeekanaal","Vinkeveen gemaal","VR2W-120095",52.220129,4.973093,2017-12-26 20:06:13,2017-12-26 21:03:57,6,NA,NA,NA,841.322464,841.322464,FALSE,NA,NA,NA,NA,NA,NA,FALSE
"5390","A69-1602-3155",5390,"Noordzeekanaal","Vinkeveen gemaal","VR2W-120095",52.220129,4.973093,2018-01-03 20:44:04,2018-01-03 21:28:43,41,NA,NA,NA,841.322464,841.322464,FALSE,NA,NA,NA,NA,NA,NA,FALSE
"5391","A69-1602-3155",5391,"Noordzeekanaal","Vinkeveen gemaal","VR2W-120095",52.220129,4.973093,2018-01-29 21:55:53,2018-01-29 22:02:45,8,NA,NA,NA,841.322464,841.322464,FALSE,NA,NA,NA,NA,NA,NA,FALSE
"5392","A69-1602-3155",5392,"Noordzeekanaal","Vinkeveen gemaal","VR2W-120095",52.220129,4.973093,2018-01-30 02:03:23,2018-01-30 02:06:14,3,NA,NA,NA,841.322464,841.322464,FALSE,NA,NA,NA,NA,NA,NA,FALSE
"5393","A69-1602-3155",5393,"Noordzeekanaal","Vinkeveen gemaal","VR2W-120095",52.220129,4.973093,2018-01-30 07:10:47,2018-01-30 07:16:23,3,NA,NA,NA,841.322464,841.322464,FALSE,NA,NA,NA,NA,NA,NA,FALSE
"5394","A69-1602-3155",5394,"Noordzeekanaal","Vinkeveen gemaal","VR2W-120095",52.220129,4.973093,2018-01-30 17:08:21,2018-01-30 17:42:03,19,NA,NA,NA,841.322464,841.322464,NA,NA,NA,NA,NA,NA,NA,FALSE
"5395","A69-1602-3156",5395,"Noordzeekanaal","rel_noordzeekanaal10","none",52.219452,4.96083,2017-10-06 09:00:00,2017-10-06 09:00:00,1,NA,NA,NA,0,0,NA,NA,NA,NA,NA,NA,NA,FALSE
"5396","A69-1602-3156",5396,"Noordzeekanaal","Vinkeveen gemaal","VR2W-120095",52.220129,4.973093,2017-10-11 23:57:17,2017-10-12 01:52:40,9,485837,841.322464,0.001732,841.322464,841.322464,FALSE,NA,NA,NA,NA,NA,NA,FALSE
"5397","A69-1602-3156",5397,"Noordzeekanaal","Vinkeveen gemaal","VR2W-120095",52.220129,4.973093,2017-10-13 07:41:40,2017-10-13 08:08:37,10,NA,NA,NA,841.322464,841.322464,FALSE,NA,NA,NA,NA,NA,NA,FALSE
"5398","A69-1602-3156",5398,"Noordzeekanaal","Vinkeveen gemaal","VR2W-120095",52.220129,4.973093,2017-10-15 04:39:13,2017-10-15 05:23:09,15,NA,NA,NA,841.322464,841.322464,FALSE,NA,NA,NA,NA,NA,NA,FALSE
"5399","A69-1602-3156",5399,"Noordzeekanaal","Vinkeveen gemaal","VR2W-120095",52.220129,4.973093,2017-10-17 00:55:10,2017-10-17 01:28:10,2,NA,NA,NA,841.322464,841.322464,FALSE,NA,NA,NA,NA,NA,NA,FALSE
"5400","A69-1602-3156",5400,"Noordzeekanaal","Vinkeveen gemaal","VR2W-120095",52.220129,4.973093,2017-10-17 04:03:09,2017-10-17 05:04:29,9,NA,NA,NA,841.322464,841.322464,FALSE,NA,NA,NA,NA,NA,NA,FALSE
"5401","A69-1602-3156",5401,"Noordzeekanaal","Vinkeveen gemaal","VR2W-120095",52.220129,4.973093,2017-10-17 17:24:43,2017-10-17 17:24:43,1,NA,NA,NA,841.322464,841.322464,FALSE,NA,NA,NA,NA,NA,NA,FALSE
"5402","A69-1602-3156",5402,"Noordzeekanaal","Vinkeveen gemaal","VR2W-120095",52.220129,4.973093,2017-10-18 07:56:19,2017-10-18 07:56:19,1,NA,NA,NA,841.322464,841.322464,FALSE,NA,NA,NA,NA,NA,NA,FALSE
"5403","A69-1602-3156",5403,"Noordzeekanaal","Vinkeveen gemaal","VR2W-120095",52.220129,4.973093,2017-10-18 09:20:35,2017-10-18 09:22:03,3,NA,NA,NA,841.322464,841.322464,FALSE,NA,NA,NA,NA,NA,NA,FALSE
"5404","A69-1602-3156",5404,"Noordzeekanaal","Vinkeveen gemaal","VR2W-120095",52.220129,4.973093,2017-10-20 21:06:09,2017-10-20 21:09:33,3,NA,NA,NA,841.322464,841.322464,FALSE,NA,NA,NA,NA,NA,NA,FALSE
"5405","A69-1602-3156",5405,"Noordzeekanaal","Vinkeveen gemaal","VR2W-120095",52.220129,4.973093,2017-10-20 22:36:25,2017-10-21 01:01:13,84,NA,NA,NA,841.322464,841.322464,FALSE,NA,NA,NA,NA,NA,NA,FALSE
"5406","A69-1602-3156",5406,"Noordzeekanaal","Vinkeveen gemaal","VR2W-120095",52.220129,4.973093,2017-10-21 23:12:38,2017-10-21 23:52:29,11,NA,NA,NA,841.322464,841.322464,FALSE,NA,NA,NA,NA,NA,NA,FALSE
"5407","A69-1602-3156",5407,"Noordzeekanaal","Vinkeveen gemaal","VR2W-120095",52.220129,4.973093,2017-10-22 18:36:29,2017-10-22 19:12:03,21,NA,NA,NA,841.322464,841.322464,FALSE,NA,NA,NA,NA,NA,NA,FALSE
"5408","A69-1602-3156",5408,"Noordzeekanaal","Vinkeveen gemaal","VR2W-120095",52.220129,4.973093,2017-10-25 00:16:11,2017-10-25 00:49:36,13,NA,NA,NA,841.322464,841.322464,FALSE,NA,NA,NA,NA,NA,NA,FALSE
"5409","A69-1602-3156",5409,"Noordzeekanaal","Vinkeveen gemaal","VR2W-120095",52.220129,4.973093,2017-10-25 05:07:01,2017-10-25 05:07:01,1,NA,NA,NA,841.322464,841.322464,FALSE,NA,NA,NA,NA,NA,NA,FALSE
"5410","A69-1602-3156",5410,"Noordzeekanaal","Vinkeveen gemaal","VR2W-120095",52.220129,4.973093,2017-10-25 18:46:07,2017-10-25 18:52:18,6,NA,NA,NA,841.322464,841.322464,FALSE,NA,NA,NA,NA,NA,NA,FALSE
"5411","A69-1602-3156",5411,"Noordzeekanaal","Vinkeveen gemaal","VR2W-120095",52.220129,4.973093,2017-10-26 04:21:17,2017-10-26 04:28:05,8,NA,NA,NA,841.322464,841.322464,FALSE,NA,NA,NA,NA,NA,NA,FALSE
"5412","A69-1602-3156",5412,"Noordzeekanaal","Vinkeveen gemaal","VR2W-120095",52.220129,4.973093,2017-10-26 07:15:43,2017-10-26 07:17:56,2,NA,NA,NA,841.322464,841.322464,FALSE,NA,NA,NA,NA,NA,NA,FALSE
"5413","A69-1602-3156",5413,"Noordzeekanaal","Vinkeveen gemaal","VR2W-120095",52.220129,4.973093,2017-11-02 08:00:06,2017-11-02 08:00:06,1,NA,NA,NA,841.322464,841.322464,FALSE,NA,NA,NA,NA,NA,NA,FALSE
"5414","A69-1602-3156",5414,"Noordzeekanaal","Vinkeveen gemaal","VR2W-120095",52.220129,4.973093,2017-11-05 08:11:21,2017-11-05 08:11:21,1,NA,NA,NA,841.322464,841.322464,FALSE,NA,NA,NA,NA,NA,NA,FALSE
"5415","A69-1602-3156",5415,"Noordzeekanaal","Vinkeveen gemaal","VR2W-120095",52.220129,4.973093,2017-11-05 17:17:11,2017-11-05 17:17:11,1,NA,NA,NA,841.322464,841.322464,FALSE,NA,NA,NA,NA,NA,NA,FALSE
"5416","A69-1602-3156",5416,"Noordzeekanaal","Vinkeveen gemaal","VR2W-120095",52.220129,4.973093,2017-11-06 00:08:46,2017-11-06 00:14:19,6,NA,NA,NA,841.322464,841.322464,FALSE,NA,NA,NA,NA,NA,NA,FALSE
"5417","A69-1602-3156",5417,"Noordzeekanaal","Vinkeveen gemaal","VR2W-120095",52.220129,4.973093,2017-11-06 02:06:48,2017-11-06 02:06:48,1,NA,NA,NA,841.322464,841.322464,FALSE,NA,NA,NA,NA,NA,NA,FALSE
"5418","A69-1602-3156",5418,"Noordzeekanaal","Vinkeveen gemaal","VR2W-120095",52.220129,4.973093,2017-11-06 17:23:06,2017-11-06 18:20:21,29,NA,NA,NA,841.322464,841.322464,FALSE,NA,NA,NA,NA,NA,NA,FALSE
"5419","A69-1602-3156",5419,"Noordzeekanaal","Vinkeveen gemaal","VR2W-120095",52.220129,4.973093,2017-11-08 04:51:03,2017-11-08 04:51:42,2,NA,NA,NA,841.322464,841.322464,FALSE,NA,NA,NA,NA,NA,NA,FALSE
"5420","A69-1602-3156",5420,"Noordzeekanaal","Vinkeveen gemaal","VR2W-120095",52.220129,4.973093,2017-11-11 17:34:29,2017-11-11 17:45:41,9,NA,NA,NA,841.322464,841.322464,FALSE,NA,NA,NA,NA,NA,NA,FALSE
"5421","A69-1602-3156",5421,"Noordzeekanaal","Vinkeveen gemaal","VR2W-120095",52.220129,4.973093,2017-11-24 00:35:05,2017-11-24 00:36:22,3,NA,NA,NA,841.322464,841.322464,FALSE,NA,NA,NA,NA,NA,NA,FALSE
"5422","A69-1602-3156",5422,"Noordzeekanaal","Vinkeveen gemaal","VR2W-120095",52.220129,4.973093,2018-01-28 17:35:52,2018-01-28 23:19:01,83,NA,NA,NA,841.322464,841.322464,FALSE,NA,NA,NA,NA,NA,NA,FALSE
"5423","A69-1602-3156",5423,"Noordzeekanaal","Vinkeveen gemaal","VR2W-120095",52.220129,4.973093,2018-01-29 02:01:11,2018-01-29 03:55:40,14,NA,NA,NA,841.322464,841.322464,NA,NA,NA,NA,NA,NA,NA,FALSE
"5424","A69-1602-3157",5424,"Noordzeekanaal","rel_noordzeekanaal10","none",52.219452,4.96083,2017-10-06 09:00:00,2017-10-06 09:00:00,1,NA,NA,NA,0,0,NA,NA,NA,NA,NA,NA,NA,FALSE
"5425","A69-1602-3157",5425,"Noordzeekanaal","Vinkeveen gemaal","VR2W-120095",52.220129,4.973093,2017-10-21 17:35:17,2017-10-21 18:01:50,5,1326917,841.322464,0.000634,841.322464,841.322464,FALSE,NA,NA,NA,NA,NA,NA,FALSE
"5426","A69-1602-3157",5426,"Noordzeekanaal","Vinkeveen gemaal","VR2W-120095",52.220129,4.973093,2017-10-29 16:59:15,2017-10-29 16:59:15,1,NA,NA,NA,841.322464,841.322464,FALSE,NA,NA,NA,NA,NA,NA,FALSE
"5427","A69-1602-3157",5427,"Noordzeekanaal","Vinkeveen gemaal","VR2W-120095",52.220129,4.973093,2017-11-11 03:37:51,2017-11-11 03:38:31,2,NA,NA,NA,841.322464,841.322464,FALSE,NA,NA,NA,NA,NA,NA,FALSE
"5428","A69-1602-3157",5428,"Noordzeekanaal","Vinkeveen gemaal","VR2W-120095",52.220129,4.973093,2018-01-06 18:33:50,2018-01-06 18:36:49,2,NA,NA,NA,841.322464,841.322464,FALSE,NA,NA,NA,NA,NA,NA,FALSE
"5429","A69-1602-3157",5429,"Noordzeekanaal","Vinkeveen gemaal","VR2W-120095",52.220129,4.973093,2018-01-06 20:05:44,2018-01-07 01:40:50,189,NA,NA,NA,841.322464,841.322464,FALSE,NA,NA,NA,NA,NA,NA,FALSE
"5430","A69-1602-3157",5430,"Noordzeekanaal","Vinkeveen gemaal","VR2W-120095",52.220129,4.973093,2018-01-07 04:14:51,2018-01-07 06:42:51,33,NA,NA,NA,841.322464,841.322464,FALSE,NA,NA,NA,NA,NA,NA,FALSE
"5431","A69-1602-3157",5431,"Noordzeekanaal","Vinkeveen gemaal","VR2W-120095",52.220129,4.973093,2018-01-14 21:03:07,2018-01-14 21:26:54,9,NA,NA,NA,841.322464,841.322464,FALSE,NA,NA,NA,NA,NA,NA,FALSE
"5432","A69-1602-3157",5432,"Noordzeekanaal","Vinkeveen gemaal","VR2W-120095",52.220129,4.973093,2018-01-18 23:08:32,2018-01-18 23:19:03,3,NA,NA,NA,841.322464,841.322464,FALSE,NA,NA,NA,NA,NA,NA,FALSE
"5433","A69-1602-3157",5433,"Noordzeekanaal","Vinkeveen gemaal","VR2W-120095",52.220129,4.973093,2018-01-19 01:05:48,2018-01-19 02:14:50,59,NA,NA,NA,841.322464,841.322464,FALSE,NA,NA,NA,NA,NA,NA,FALSE
"5434","A69-1602-3157",5434,"Noordzeekanaal","Vinkeveen gemaal","VR2W-120095",52.220129,4.973093,2018-01-19 03:16:23,2018-01-19 05:20:53,74,NA,NA,NA,841.322464,841.322464,FALSE,NA,NA,NA,NA,NA,NA,FALSE
"5435","A69-1602-3157",5435,"Noordzeekanaal","Vinkeveen gemaal","VR2W-120095",52.220129,4.973093,2018-01-19 20:58:33,2018-01-19 22:26:38,79,NA,NA,NA,841.322464,841.322464,FALSE,NA,NA,NA,NA,NA,NA,FALSE
"5436","A69-1602-3157",5436,"Noordzeekanaal","Vinkeveen gemaal","VR2W-120095",52.220129,4.973093,2018-01-20 01:41:45,2018-01-20 03:49:49,74,NA,NA,NA,841.322464,841.322464,FALSE,NA,NA,NA,NA,NA,NA,FALSE
"5437","A69-1602-3157",5437,"Noordzeekanaal","Vinkeveen gemaal","VR2W-120095",52.220129,4.973093,2018-01-24 22:11:16,2018-01-25 02:51:06,232,NA,NA,NA,841.322464,841.322464,FALSE,NA,NA,NA,NA,NA,NA,FALSE
"5438","A69-1602-3157",5438,"Noordzeekanaal","Vinkeveen gemaal","VR2W-120095",52.220129,4.973093,2018-01-25 04:19:43,2018-01-25 19:59:33,1121,NA,NA,NA,841.322464,841.322464,FALSE,NA,NA,NA,NA,NA,NA,FALSE
"5439","A69-1602-3157",5439,"Noordzeekanaal","Vinkeveen gemaal","VR2W-120095",52.220129,4.973093,2018-01-25 21:10:04,2018-01-25 22:51:36,119,NA,NA,NA,841.322464,841.322464,NA,NA,NA,NA,NA,NA,NA,FALSE
"5440","A69-1602-3158",5440,"Noordzeekanaal","rel_noordzeekanaal10","none",52.219452,4.96083,2017-10-06 09:00:00,2017-10-06 14:24:43,172,NA,NA,NA,0,0,NA,NA,NA,NA,NA,NA,NA,FALSE
"5441","A69-1602-3158",5441,"Noordzeekanaal","Vinkeveen gemaal","VR2W-120095",52.220129,4.973093,2017-10-06 17:05:28,2017-10-06 17:23:03,20,9645,841.322464,0.087229,841.322464,841.322464,FALSE,NA,NA,NA,NA,NA,NA,FALSE
"5442","A69-1602-3158",5442,"Noordzeekanaal","Vinkeveen gemaal","VR2W-120095",52.220129,4.973093,2017-10-06 19:13:28,2017-10-06 19:14:10,2,NA,NA,NA,841.322464,841.322464,FALSE,NA,NA,NA,NA,NA,NA,FALSE
"5443","A69-1602-3158",5443,"Noordzeekanaal","Vinkeveen gemaal","VR2W-120095",52.220129,4.973093,2017-10-06 20:38:16,2017-10-06 20:38:16,1,NA,NA,NA,841.322464,841.322464,FALSE,NA,NA,NA,NA,NA,NA,FALSE
"5444","A69-1602-3158",5444,"Noordzeekanaal","Vinkeveen gemaal","VR2W-120095",52.220129,4.973093,2017-10-07 04:20:57,2017-10-07 04:20:57,1,NA,NA,NA,841.322464,841.322464,FALSE,NA,NA,NA,NA,NA,NA,FALSE
"5445","A69-1602-3158",5445,"Noordzeekanaal","Vinkeveen gemaal","VR2W-120095",52.220129,4.973093,2017-10-07 05:24:50,2017-10-07 07:56:46,55,NA,NA,NA,841.322464,841.322464,FALSE,NA,NA,NA,NA,NA,NA,FALSE
"5446","A69-1602-3158",5446,"Noordzeekanaal","Vinkeveen gemaal","VR2W-120095",52.220129,4.973093,2017-10-07 10:20:22,2017-10-07 11:18:29,18,NA,NA,NA,841.322464,841.322464,FALSE,NA,NA,NA,NA,NA,NA,FALSE
"5447","A69-1602-3158",5447,"Noordzeekanaal","Vinkeveen gemaal","VR2W-120095",52.220129,4.973093,2017-10-10 10:30:07,2017-10-10 10:30:57,2,NA,NA,NA,841.322464,841.322464,FALSE,NA,NA,NA,NA,NA,NA,FALSE
"5448","A69-1602-3158",5448,"Noordzeekanaal","Vinkeveen gemaal","VR2W-120095",52.220129,4.973093,2017-10-10 17:54:39,2017-10-10 19:09:33,52,NA,NA,NA,841.322464,841.322464,FALSE,NA,NA,NA,NA,NA,NA,FALSE
"5449","A69-1602-3158",5449,"Noordzeekanaal","Vinkeveen gemaal","VR2W-120095",52.220129,4.973093,2017-10-10 20:14:28,2017-10-10 21:42:22,67,NA,NA,NA,841.322464,841.322464,FALSE,NA,NA,NA,NA,NA,NA,FALSE
"5450","A69-1602-3158",5450,"Noordzeekanaal","Vinkeveen gemaal","VR2W-120095",52.220129,4.973093,2017-10-11 05:02:55,2017-10-11 06:12:06,44,NA,NA,NA,841.322464,841.322464,FALSE,NA,NA,NA,NA,NA,NA,FALSE
"5451","A69-1602-3158",5451,"Noordzeekanaal","Vinkeveen gemaal","VR2W-120095",52.220129,4.973093,2017-10-11 17:02:16,2017-10-11 18:34:18,75,NA,NA,NA,841.322464,841.322464,FALSE,NA,NA,NA,NA,NA,NA,FALSE
"5452","A69-1602-3158",5452,"Noordzeekanaal","Vinkeveen gemaal","VR2W-120095",52.220129,4.973093,2017-10-11 21:14:33,2017-10-11 22:10:39,46,NA,NA,NA,841.322464,841.322464,FALSE,NA,NA,NA,NA,NA,NA,FALSE
"5453","A69-1602-3158",5453,"Noordzeekanaal","Vinkeveen gemaal","VR2W-120095",52.220129,4.973093,2017-10-12 18:49:15,2017-10-12 19:42:55,15,NA,NA,NA,841.322464,841.322464,FALSE,NA,NA,NA,NA,NA,NA,FALSE
"5454","A69-1602-3158",5454,"Noordzeekanaal","Vinkeveen gemaal","VR2W-120095",52.220129,4.973093,2017-10-20 12:20:39,2017-10-20 12:20:39,1,NA,NA,NA,841.322464,841.322464,FALSE,NA,NA,NA,NA,NA,NA,FALSE
"5455","A69-1602-3158",5455,"Noordzeekanaal","Vinkeveen gemaal","VR2W-120095",52.220129,4.973093,2017-10-20 14:10:04,2017-10-20 14:10:04,1,NA,NA,NA,841.322464,841.322464,FALSE,NA,NA,NA,NA,NA,NA,FALSE
"5456","A69-1602-3158",5456,"Noordzeekanaal","Vinkeveen gemaal","VR2W-120095",52.220129,4.973093,2017-10-20 17:09:49,2017-10-20 17:10:31,2,NA,NA,NA,841.322464,841.322464,FALSE,NA,NA,NA,NA,NA,NA,FALSE
"5457","A69-1602-3158",5457,"Noordzeekanaal","Vinkeveen gemaal","VR2W-120095",52.220129,4.973093,2017-10-24 22:41:57,2017-10-25 00:30:46,11,NA,NA,NA,841.322464,841.322464,FALSE,NA,NA,NA,NA,NA,NA,FALSE
"5458","A69-1602-3158",5458,"Noordzeekanaal","Vinkeveen gemaal","VR2W-120095",52.220129,4.973093,2017-10-25 17:06:23,2017-10-25 19:08:42,32,NA,NA,NA,841.322464,841.322464,FALSE,NA,NA,NA,NA,NA,NA,FALSE
"5459","A69-1602-3158",5459,"Noordzeekanaal","Vinkeveen gemaal","VR2W-120095",52.220129,4.973093,2017-10-25 20:14:56,2017-10-25 22:09:51,39,NA,NA,NA,841.322464,841.322464,FALSE,NA,NA,NA,NA,NA,NA,FALSE
"5460","A69-1602-3158",5460,"Noordzeekanaal","Vinkeveen gemaal","VR2W-120095",52.220129,4.973093,2017-10-29 20:17:26,2017-10-29 20:44:55,23,NA,NA,NA,841.322464,841.322464,FALSE,NA,NA,NA,NA,NA,NA,FALSE
"5461","A69-1602-3158",5461,"Noordzeekanaal","Vinkeveen gemaal","VR2W-120095",52.220129,4.973093,2017-10-29 21:48:35,2017-10-29 22:58:04,13,NA,NA,NA,841.322464,841.322464,FALSE,NA,NA,NA,NA,NA,NA,FALSE
"5462","A69-1602-3158",5462,"Noordzeekanaal","Vinkeveen gemaal","VR2W-120095",52.220129,4.973093,2017-11-04 17:11:18,2017-11-04 17:24:42,3,NA,NA,NA,841.322464,841.322464,FALSE,NA,NA,NA,NA,NA,NA,FALSE
"5463","A69-1602-3158",5463,"Noordzeekanaal","Vinkeveen gemaal","VR2W-120095",52.220129,4.973093,2017-11-10 16:40:07,2017-11-10 16:40:45,2,NA,NA,NA,841.322464,841.322464,NA,NA,NA,NA,NA,NA,NA,FALSE
"5464","A69-1602-3159",5464,"Noordzeekanaal","rel_noordzeekanaal11","none",52.220457,4.973436,2017-10-06 09:00:00,2017-10-06 09:00:00,1,NA,NA,NA,0,0,FALSE,NA,NA,NA,NA,NA,NA,FALSE
"5465","A69-1602-3159",5465,"Noordzeekanaal","Vinkeveen gemaal","VR2W-120095",52.220129,4.973093,2017-10-20 20:26:07,2017-10-20 21:04:53,19,1250767,141.405031,0.000113,141.405031,-141.405031,FALSE,NA,NA,NA,NA,NA,NA,FALSE
"5466","A69-1602-3159",5466,"Noordzeekanaal","Vinkeveen gemaal","VR2W-120095",52.220129,4.973093,2017-11-21 23:49:28,2017-11-21 23:49:28,1,NA,NA,NA,141.405031,-141.405031,FALSE,NA,NA,NA,NA,NA,NA,FALSE
"5467","A69-1602-3159",5467,"Noordzeekanaal","Vinkeveen gemaal","VR2W-120095",52.220129,4.973093,2017-11-22 17:50:50,2017-11-22 21:14:29,128,NA,NA,NA,141.405031,-141.405031,FALSE,NA,NA,NA,NA,NA,NA,FALSE
"5468","A69-1602-3159",5468,"Noordzeekanaal","Vinkeveen gemaal","VR2W-120095",52.220129,4.973093,2018-01-03 03:41:38,2018-01-03 04:09:08,47,NA,NA,NA,141.405031,-141.405031,FALSE,NA,NA,NA,NA,NA,NA,FALSE
"5469","A69-1602-3159",5469,"Noordzeekanaal","Vinkeveen gemaal","VR2W-120095",52.220129,4.973093,2018-01-04 18:29:56,2018-01-04 18:39:38,14,NA,NA,NA,141.405031,-141.405031,FALSE,NA,NA,NA,NA,NA,NA,FALSE
"5470","A69-1602-3159",5470,"Noordzeekanaal","Vinkeveen gemaal","VR2W-120095",52.220129,4.973093,2018-01-05 00:14:31,2018-01-05 02:49:15,68,NA,NA,NA,141.405031,-141.405031,FALSE,NA,NA,NA,NA,NA,NA,FALSE
"5471","A69-1602-3159",5471,"Noordzeekanaal","Vinkeveen gemaal","VR2W-120095",52.220129,4.973093,2018-01-05 04:35:27,2018-01-05 07:58:16,56,NA,NA,NA,141.405031,-141.405031,FALSE,NA,NA,NA,NA,NA,NA,FALSE
"5472","A69-1602-3159",5472,"Noordzeekanaal","Vinkeveen gemaal","VR2W-120095",52.220129,4.973093,2018-01-05 13:04:30,2018-01-05 13:07:13,3,NA,NA,NA,141.405031,-141.405031,FALSE,NA,NA,NA,NA,NA,NA,FALSE
"5473","A69-1602-3159",5473,"Noordzeekanaal","Vinkeveen gemaal","VR2W-120095",52.220129,4.973093,2018-01-05 16:03:36,2018-01-05 18:13:51,177,NA,NA,NA,141.405031,-141.405031,NA,NA,NA,NA,NA,NA,NA,FALSE
"5474","A69-1602-3160",5474,"Noordzeekanaal","rel_noordzeekanaal11","none",52.220457,4.973436,2017-10-06 09:00:00,2017-10-06 09:00:00,1,NA,NA,NA,0,0,FALSE,NA,NA,NA,NA,NA,NA,FALSE
"5475","A69-1602-3160",5475,"Noordzeekanaal","ARK Zuid","VR2W-119060",52.185058,4.996343,2017-10-08 02:09:28,2017-10-08 03:31:53,83,148168,43514.111807,0.293681,43514.111807,-43514.111807,FALSE,NA,NA,NA,NA,NA,NA,FALSE
"5476","A69-1602-3160",5476,"Noordzeekanaal","ARK Zuid","VR2W-119060",52.185058,4.996343,2017-10-08 09:33:20,2017-10-08 09:35:25,3,NA,NA,NA,43514.111807,-43514.111807,FALSE,NA,NA,NA,NA,NA,NA,FALSE
"5477","A69-1602-3160",5477,"Noordzeekanaal","ARK Zuid","VR2W-119060",52.185058,4.996343,2017-10-08 17:36:09,2017-10-08 17:36:09,1,NA,NA,NA,43514.111807,-43514.111807,FALSE,NA,NA,NA,NA,NA,NA,FALSE
"5478","A69-1602-3160",5478,"Noordzeekanaal","ARK Zuid","VR2W-119060",52.185058,4.996343,2017-12-09 02:23:08,2017-12-09 03:01:14,40,NA,NA,NA,43514.111807,-43514.111807,FALSE,NA,NA,NA,NA,NA,NA,FALSE
"5479","A69-1602-3160",5479,"Noordzeekanaal","ARK Zuid","VR2W-119060",52.185058,4.996343,2017-12-09 04:49:24,2017-12-09 05:08:06,21,NA,NA,NA,43514.111807,-43514.111807,FALSE,NA,NA,NA,NA,NA,NA,FALSE
"5480","A69-1602-3160",5480,"Noordzeekanaal","ARK Zuid","VR2W-119060",52.185058,4.996343,2018-02-16 03:04:54,2018-02-16 03:04:54,1,NA,NA,NA,43514.111807,-43514.111807,FALSE,NA,NA,NA,NA,NA,NA,FALSE
"5481","A69-1602-3160",5481,"Noordzeekanaal","ARK Zuid","VR2W-119060",52.185058,4.996343,2018-02-17 21:34:31,2018-02-17 21:34:31,1,NA,NA,NA,43514.111807,-43514.111807,FALSE,NA,NA,NA,NA,NA,NA,FALSE
"5482","A69-1602-3160",5482,"Noordzeekanaal","ARK Zuid","VR2W-119060",52.185058,4.996343,2018-02-17 23:38:07,2018-02-17 23:51:08,10,NA,NA,NA,43514.111807,-43514.111807,FALSE,NA,NA,NA,NA,NA,NA,FALSE
"5483","A69-1602-3160",5483,"Noordzeekanaal","ARK Zuid","VR2W-119060",52.185058,4.996343,2018-02-18 01:11:13,2018-02-18 01:11:13,1,NA,NA,NA,43514.111807,-43514.111807,FALSE,NA,NA,NA,NA,NA,NA,FALSE
"5484","A69-1602-3160",5484,"Noordzeekanaal","ARK Zuid","VR2W-119060",52.185058,4.996343,2018-02-18 05:36:27,2018-02-18 05:39:59,2,NA,NA,NA,43514.111807,-43514.111807,FALSE,NA,NA,NA,NA,NA,NA,FALSE
"5485","A69-1602-3160",5485,"Noordzeekanaal","ARK Zuid","VR2W-119060",52.185058,4.996343,2018-02-19 22:20:34,2018-02-19 22:20:34,1,NA,NA,NA,43514.111807,-43514.111807,FALSE,NA,NA,NA,NA,NA,NA,FALSE
"5486","A69-1602-3160",5486,"Noordzeekanaal","ARK Zuid","VR2W-119060",52.185058,4.996343,2018-02-20 00:04:40,2018-02-20 00:04:40,1,NA,NA,NA,43514.111807,-43514.111807,FALSE,NA,NA,NA,NA,NA,NA,FALSE
"5487","A69-1602-3160",5487,"Noordzeekanaal","ARK Zuid","VR2W-119060",52.185058,4.996343,2018-02-20 02:20:39,2018-02-20 05:55:52,39,NA,NA,NA,43514.111807,-43514.111807,FALSE,NA,NA,NA,NA,NA,NA,FALSE
"5488","A69-1602-3160",5488,"Noordzeekanaal","ARK Zuid","VR2W-119060",52.185058,4.996343,2018-02-21 22:59:33,2018-02-22 00:04:44,9,NA,NA,NA,43514.111807,-43514.111807,FALSE,NA,NA,NA,NA,NA,NA,FALSE
"5489","A69-1602-3160",5489,"Noordzeekanaal","ARK Zuid","VR2W-119060",52.185058,4.996343,2018-02-22 01:47:17,2018-02-22 01:47:17,1,NA,NA,NA,43514.111807,-43514.111807,FALSE,NA,NA,NA,NA,NA,NA,FALSE
"5490","A69-1602-3160",5490,"Noordzeekanaal","ARK Zuid","VR2W-119060",52.185058,4.996343,2018-02-22 06:27:52,2018-02-22 06:32:21,4,NA,NA,NA,43514.111807,-43514.111807,FALSE,NA,NA,NA,NA,NA,NA,FALSE
"5491","A69-1602-3160",5491,"Noordzeekanaal","ARK Zuid","VR2W-119060",52.185058,4.996343,2018-02-22 10:03:37,2018-02-22 10:03:37,1,NA,NA,NA,43514.111807,-43514.111807,FALSE,NA,NA,NA,NA,NA,NA,FALSE
"5492","A69-1602-3160",5492,"Noordzeekanaal","ARK Zuid","VR2W-119060",52.185058,4.996343,2018-02-23 18:25:29,2018-02-23 18:57:39,7,NA,NA,NA,43514.111807,-43514.111807,FALSE,NA,NA,NA,NA,NA,NA,FALSE
"5493","A69-1602-3160",5493,"Noordzeekanaal","ARK Zuid","VR2W-119060",52.185058,4.996343,2018-02-23 20:22:23,2018-02-23 20:22:23,1,NA,NA,NA,43514.111807,-43514.111807,FALSE,NA,NA,NA,NA,NA,NA,FALSE
"5494","A69-1602-3160",5494,"Noordzeekanaal","ARK Zuid","VR2W-119060",52.185058,4.996343,2018-02-24 09:43:51,2018-02-24 10:14:34,18,NA,NA,NA,43514.111807,-43514.111807,FALSE,NA,NA,NA,NA,NA,NA,FALSE
"5495","A69-1602-3160",5495,"Noordzeekanaal","ARK Zuid","VR2W-119060",52.185058,4.996343,2018-02-24 14:21:18,2018-02-24 14:21:18,1,NA,NA,NA,43514.111807,-43514.111807,FALSE,NA,NA,NA,NA,NA,NA,FALSE
"5496","A69-1602-3160",5496,"Noordzeekanaal","ARK Zuid","VR2W-119060",52.185058,4.996343,2018-02-25 01:47:04,2018-02-25 01:47:04,1,NA,NA,NA,43514.111807,-43514.111807,FALSE,NA,NA,NA,NA,NA,NA,FALSE
"5497","A69-1602-3160",5497,"Noordzeekanaal","ARK Zuid","VR2W-119060",52.185058,4.996343,2018-02-25 20:47:12,2018-02-25 20:52:40,3,NA,NA,NA,43514.111807,-43514.111807,FALSE,NA,NA,NA,NA,NA,NA,FALSE
"5498","A69-1602-3160",5498,"Noordzeekanaal","ARK Zuid","VR2W-119060",52.185058,4.996343,2018-02-26 01:14:20,2018-02-26 01:49:08,19,NA,NA,NA,43514.111807,-43514.111807,FALSE,NA,NA,NA,NA,NA,NA,FALSE
"5499","A69-1602-3160",5499,"Noordzeekanaal","ARK Zuid","VR2W-119060",52.185058,4.996343,2018-02-27 02:19:11,2018-02-27 02:38:45,11,NA,NA,NA,43514.111807,-43514.111807,NA,NA,NA,NA,NA,NA,NA,FALSE
"5500","A69-1602-3161",5500,"Noordzeekanaal","rel_noordzeekanaal11","none",52.220457,4.973436,2017-10-06 09:00:00,2017-10-06 09:00:00,1,NA,NA,NA,0,0,TRUE,22152.58219,2,2017-10-07 04:38:26,22152.58219,70706,0.313305549599751,TRUE
"5501","A69-1602-3161",5501,"Noordzeekanaal","ARK Noord","VR2W-119054",52.355706,4.97029,2017-10-07 04:38:26,2017-10-07 05:42:44,54,70706,22152.58219,0.313306,22152.58219,22152.58219,FALSE,23500.96196,4,2017-11-16 17:47:21,1348.37977,3503335,0.000384884622795137,TRUE
"5502","A69-1602-3161",5502,"Noordzeekanaal","ARK Noord","VR2W-119054",52.355706,4.97029,2017-10-07 07:08:15,2017-10-07 17:47:13,249,NA,NA,NA,22152.58219,22152.58219,FALSE,23500.96196,4,2017-11-16 17:47:21,1348.37977,3494346,0.000385874715898197,TRUE
"5503","A69-1602-3161",5503,"Noordzeekanaal","Oranjesluis","VR2W-102056",52.380016,4.955998,2017-11-16 17:47:21,2017-11-16 19:52:20,98,3456008,3196.690998,0.000925,25349.273188,23500.96196,FALSE,44380.869162,11,2017-12-10 22:05:17,20879.907202,2089076,0.00999480497693717,TRUE
"5504","A69-1602-3161",5504,"Noordzeekanaal","Oranjesluis","VR2W-114163",52.382553,4.959779,2017-11-16 23:28:18,2017-11-16 23:33:16,2,NA,NA,NA,25349.273188,23500.96196,FALSE,44380.869162,11,2017-12-10 22:05:17,20879.907202,2068619,0.0100936456650548,TRUE
"5505","A69-1602-3161",5505,"Noordzeekanaal","Oranjesluis","VR2W-102056",52.380016,4.955998,2017-11-17 02:15:58,2017-11-17 02:46:12,14,NA,NA,NA,25349.273188,23500.96196,FALSE,NA,NA,NA,NA,NA,NA,TRUE
"5506","A69-1602-3161",5506,"Noordzeekanaal","ARK Noord","VR2W-119054",52.355706,4.97029,2017-11-17 04:04:54,2017-11-17 04:22:07,18,4722,3196.690998,0.676978,28545.964186,22152.58219,TRUE,23500.96196,8,2017-11-17 16:26:12,1348.37977,44478,0.0303156565043392,TRUE
"5507","A69-1602-3161",5507,"Noordzeekanaal","Oranjesluis","VR2W-102056",52.380016,4.955998,2017-11-17 16:26:12,2017-11-17 18:53:15,214,43445,3196.690998,0.07358,31742.655184,23500.96196,FALSE,NA,NA,NA,NA,NA,NA,TRUE
"5508","A69-1602-3161",5508,"Noordzeekanaal","Willem 2 sluis 2","VR2W-130587",52.383677,4.907053,2017-11-17 20:49:14,2017-11-17 21:28:29,5,6959,3423.861235,0.492005,35166.516419,22476.820659,FALSE,44380.869162,11,2017-12-10 22:05:17,21904.048503,1991763,0.0109973167003303,TRUE
"5509","A69-1602-3161",5509,"Noordzeekanaal","Willem 2 sluis 2","VR2W-130587",52.383677,4.907053,2017-11-20 20:23:02,2017-11-20 20:23:02,1,NA,NA,NA,35166.516419,22476.820659,TRUE,44380.869162,11,2017-12-10 22:05:17,21904.048503,1734135,0.0126311091714313,TRUE
"5510","A69-1602-3161",5510,"Noordzeekanaal","Noordzeekanaal","VR2W-114165",52.462798,4.633995,2017-12-10 22:05:17,2017-12-10 23:25:16,85,1734135,22552.500267,0.013005,57719.016686,44380.869162,TRUE,45987.788161,12,2017-12-10 23:31:13,1606.91899899999,5156,0.311660007564002,TRUE
"5511","A69-1602-3161",5511,"Noordzeekanaal","Grote sluis NZK","VR2W-114178",52.467488,4.613347,2017-12-10 23:31:13,2017-12-10 23:31:13,1,357,1606.918999,4.501174,59325.935685,45987.788161,FALSE,NA,NA,NA,NA,NA,NA,TRUE
"5512","A69-1602-3161",5512,"Noordzeekanaal","Noordzeekanaal","VR2W-114165",52.462798,4.633995,2017-12-10 23:31:16,2017-12-10 23:32:33,3,3,1606.918999,535.639666,60932.854684,44380.869162,TRUE,45987.788161,14,2017-12-10 23:32:45,1606.91899899999,89,18.0552696516853,TRUE
"5513","A69-1602-3161",5513,"Noordzeekanaal","Grote sluis NZK","VR2W-114178",52.467488,4.613347,2017-12-10 23:32:45,2017-12-10 23:32:45,1,12,1606.918999,133.909917,62539.773683,45987.788161,FALSE,NA,NA,NA,NA,NA,NA,TRUE
"5514","A69-1602-3161",5514,"Noordzeekanaal","Noordzeekanaal","VR2W-114165",52.462798,4.633995,2017-12-10 23:35:16,2017-12-10 23:36:25,2,151,1606.918999,10.641848,64146.692682,44380.869162,TRUE,45987.788161,16,2017-12-10 23:37:00,1606.91899899999,104,15.4511442211538,TRUE
"5515","A69-1602-3161",5515,"Noordzeekanaal","Grote sluis NZK","VR2W-114178",52.467488,4.613347,2017-12-10 23:37:00,2017-12-10 23:37:00,1,35,1606.918999,45.911971,65753.611681,45987.788161,FALSE,NA,NA,NA,NA,NA,NA,TRUE
"5516","A69-1602-3161",5516,"Noordzeekanaal","Noordzeekanaal","VR2W-114165",52.462798,4.633995,2017-12-10 23:37:01,2017-12-10 23:37:01,1,1,1606.918999,1606.918999,67360.53068,44380.869162,TRUE,45987.788161,18,2017-12-10 23:38:22,1606.91899899999,81,19.8385061604938,TRUE
"5517","A69-1602-3161",5517,"Noordzeekanaal","Grote sluis NZK","VR2W-114178",52.467488,4.613347,2017-12-10 23:38:22,2017-12-10 23:38:22,1,81,1606.918999,19.838506,68967.449679,45987.788161,FALSE,NA,NA,NA,NA,NA,NA,TRUE
"5518","A69-1602-3161",5518,"Noordzeekanaal","Noordzeekanaal","VR2W-114165",52.462798,4.633995,2017-12-10 23:39:17,2017-12-10 23:39:17,1,55,1606.918999,29.216709,70574.368678,44380.869162,TRUE,45987.788161,20,2017-12-10 23:39:31,1606.91899899999,14,114.7799285,TRUE
"5519","A69-1602-3161",5519,"Noordzeekanaal","Grote sluis NZK","VR2W-114178",52.467488,4.613347,2017-12-10 23:39:31,2017-12-10 23:39:31,1,14,1606.918999,114.779928,72181.287677,45987.788161,FALSE,NA,NA,NA,NA,NA,NA,TRUE
"5520","A69-1602-3161",5520,"Noordzeekanaal","Noordzeekanaal","VR2W-114165",52.462798,4.633995,2017-12-10 23:41:57,2017-12-10 23:41:57,1,146,1606.918999,11.006295,73788.206676,44380.869162,TRUE,45987.788161,22,2017-12-10 23:43:51,1606.91899899999,114,14.0957806929824,TRUE
"5521","A69-1602-3161",5521,"Noordzeekanaal","Grote sluis NZK","VR2W-114178",52.467488,4.613347,2017-12-10 23:43:51,2017-12-10 23:43:51,1,114,1606.918999,14.095781,75395.125675,45987.788161,FALSE,NA,NA,NA,NA,NA,NA,TRUE
"5522","A69-1602-3161",5522,"Noordzeekanaal","Noordzeekanaal","VR2W-114165",52.462798,4.633995,2017-12-10 23:44:22,2017-12-10 23:44:22,1,31,1606.918999,51.836097,77002.044674,44380.869162,TRUE,45987.788161,24,2017-12-10 23:44:44,1606.91899899999,22,73.0417726818179,TRUE
"5523","A69-1602-3161",5523,"Noordzeekanaal","Grote sluis NZK","VR2W-114178",52.467488,4.613347,2017-12-10 23:44:44,2017-12-10 23:48:02,4,22,1606.918999,73.041773,78608.963673,45987.788161,FALSE,NA,NA,NA,NA,NA,NA,TRUE
"5524","A69-1602-3161",5524,"Noordzeekanaal","Noordzeekanaal","VR2W-114165",52.462798,4.633995,2017-12-10 23:48:15,2017-12-10 23:49:00,2,13,1606.918999,123.609154,80215.882672,44380.869162,TRUE,45987.788161,26,2017-12-10 23:49:14,1606.91899899999,59,27.235915237288,TRUE
"5525","A69-1602-3161",5525,"Noordzeekanaal","Grote sluis NZK","VR2W-114178",52.467488,4.613347,2017-12-10 23:49:14,2017-12-10 23:49:53,2,14,1606.918999,114.779928,81822.801671,45987.788161,FALSE,NA,NA,NA,NA,NA,NA,TRUE
"5526","A69-1602-3161",5526,"Noordzeekanaal","Noordzeekanaal","VR2W-114165",52.462798,4.633995,2017-12-10 23:51:07,2017-12-10 23:51:07,1,74,1606.918999,21.715122,83429.72067,44380.869162,TRUE,47411.885302,28,2017-12-11 00:28:57,3031.01614,2270,1.33524940088106,TRUE
"5527","A69-1602-3161",5527,"Noordzeekanaal","Spuisluis Noordzee","VR2W-132408",52.470319,4.594701,2017-12-11 00:28:57,2017-12-11 01:04:01,30,2270,3031.016139,1.335249,86460.736809,47411.885302,NA,NA,NA,NA,NA,NA,NA,TRUE
"5528","A69-1602-3162",5528,"Noordzeekanaal","rel_noordzeekanaal11","none",52.220457,4.973436,2017-10-06 09:00:00,2017-10-06 09:00:00,1,NA,NA,NA,0,0,FALSE,NA,NA,NA,NA,NA,NA,FALSE
"5529","A69-1602-3162",5529,"Noordzeekanaal","ARK Zuid","VR2W-119060",52.185058,4.996343,2017-10-10 23:02:46,2017-10-10 23:29:18,26,396166,43514.111807,0.109838,43514.111807,-43514.111807,NA,NA,NA,NA,NA,NA,NA,FALSE
"5530","A69-1602-3163",5530,"Noordzeekanaal","rel_noordzeekanaal11","none",52.220457,4.973436,2017-10-06 09:00:00,2017-10-06 09:00:00,1,NA,NA,NA,0,0,TRUE,22152.58219,2,2017-10-08 08:06:01,22152.58219,169561,0.130646682845702,TRUE
"5531","A69-1602-3163",5531,"Noordzeekanaal","ARK Noord","VR2W-119054",52.355706,4.97029,2017-10-08 08:06:01,2017-10-08 09:28:43,88,169561,22152.58219,0.130647,22152.58219,22152.58219,FALSE,23500.96196,3,2017-10-12 19:57:50,1348.37977,388309,0.00347244017007074,TRUE
"5532","A69-1602-3163",5532,"Noordzeekanaal","Oranjesluis","VR2W-102056",52.380016,4.955998,2017-10-12 19:57:50,2017-10-12 19:57:50,1,383347,3196.690998,0.008339,25349.273188,23500.96196,FALSE,44380.869162,11,2017-11-07 05:09:12,20879.907202,2193082,0.00952080551570803,TRUE
"5533","A69-1602-3163",5533,"Noordzeekanaal","Oranjesluis","VR2W-102056",52.380016,4.955998,2017-10-13 23:52:34,2017-10-14 00:26:04,8,NA,NA,NA,25349.273188,23500.96196,FALSE,44380.869162,11,2017-11-07 05:09:12,20879.907202,2092598,0.00997798296758384,TRUE
"5534","A69-1602-3163",5534,"Noordzeekanaal","Oranjesluis","VR2W-102056",52.380016,4.955998,2017-10-15 20:56:47,2017-10-15 20:56:47,1,NA,NA,NA,25349.273188,23500.96196,FALSE,44380.869162,11,2017-11-07 05:09:12,20879.907202,1930345,0.0108166712178393,TRUE
"5535","A69-1602-3163",5535,"Noordzeekanaal","Oranjesluis","VR2W-102056",52.380016,4.955998,2017-10-18 02:56:13,2017-10-18 03:48:19,27,NA,NA,NA,25349.273188,23500.96196,FALSE,NA,NA,NA,NA,NA,NA,TRUE
"5536","A69-1602-3163",5536,"Noordzeekanaal","ARK Noord","VR2W-119054",52.355706,4.97029,2017-10-18 05:01:17,2017-10-18 05:36:55,38,4378,3196.690998,0.730172,28545.964186,22152.58219,FALSE,23500.96196,9,2017-11-06 15:14:12,1348.37977,1678375,0.000803384088776346,TRUE
"5537","A69-1602-3163",5537,"Noordzeekanaal","ARK Noord","VR2W-119054",52.355706,4.97029,2017-11-06 13:39:42,2017-11-06 14:04:51,12,NA,NA,NA,28545.964186,22152.58219,TRUE,23500.96196,9,2017-11-06 15:14:12,1348.37977,5670,0.23780948324515,TRUE
"5538","A69-1602-3163",5538,"Noordzeekanaal","Oranjesluis","VR2W-102056",52.380016,4.955998,2017-11-06 15:14:12,2017-11-06 16:26:23,13,4161,3196.690998,0.768251,31742.655184,23500.96196,FALSE,NA,NA,NA,NA,NA,NA,TRUE
"5539","A69-1602-3163",5539,"Noordzeekanaal","Willem 2 sluis 2","VR2W-130587",52.383677,4.907053,2017-11-06 18:06:12,2017-11-06 18:09:51,2,5989,3423.861235,0.571692,35166.516419,22476.820659,TRUE,44380.869162,11,2017-11-07 05:09:12,21904.048503,39780,0.550629675791855,TRUE
"5540","A69-1602-3163",5540,"Noordzeekanaal","Noordzeekanaal","VR2W-114165",52.462798,4.633995,2017-11-07 05:09:12,2017-11-07 09:19:03,25,39561,22552.500267,0.570069,57719.016686,44380.869162,FALSE,46704.860145,20,2017-11-27 17:32:29,2323.990983,1772597,0.001311065618976,TRUE
"5541","A69-1602-3163",5541,"Noordzeekanaal","Noordzeekanaal","VR2W-114165",52.462798,4.633995,2017-11-07 10:55:23,2017-11-07 11:32:49,6,NA,NA,NA,57719.016686,44380.869162,FALSE,46704.860145,20,2017-11-27 17:32:29,2323.990983,1751826,0.00132661062400033,TRUE
"5542","A69-1602-3163",5542,"Noordzeekanaal","Noordzeekanaal","VR2W-114165",52.462798,4.633995,2017-11-07 12:55:00,2017-11-07 12:57:26,4,NA,NA,NA,57719.016686,44380.869162,FALSE,46704.860145,20,2017-11-27 17:32:29,2323.990983,1744649,0.00133206793056941,TRUE
"5543","A69-1602-3163",5543,"Noordzeekanaal","Noordzeekanaal","VR2W-114165",52.462798,4.633995,2017-11-10 22:21:34,2017-11-10 23:15:31,37,NA,NA,NA,57719.016686,44380.869162,FALSE,46704.860145,20,2017-11-27 17:32:29,2323.990983,1451455,0.00160114573514163,TRUE
"5544","A69-1602-3163",5544,"Noordzeekanaal","Noordzeekanaal","VR2W-114165",52.462798,4.633995,2017-11-11 01:29:24,2017-11-11 01:29:24,1,NA,NA,NA,57719.016686,44380.869162,FALSE,46704.860145,20,2017-11-27 17:32:29,2323.990983,1440185,0.00161367531462972,TRUE
"5545","A69-1602-3163",5545,"Noordzeekanaal","Noordzeekanaal","VR2W-114165",52.462798,4.633995,2017-11-11 08:02:23,2017-11-11 08:02:23,1,NA,NA,NA,57719.016686,44380.869162,FALSE,46704.860145,20,2017-11-27 17:32:29,2323.990983,1416606,0.00164053447677053,TRUE
"5546","A69-1602-3163",5546,"Noordzeekanaal","Noordzeekanaal","VR2W-114165",52.462798,4.633995,2017-11-25 22:23:41,2017-11-25 22:23:41,1,NA,NA,NA,57719.016686,44380.869162,FALSE,46704.860145,20,2017-11-27 17:32:29,2323.990983,155328,0.0149618290520704,TRUE
"5547","A69-1602-3163",5547,"Noordzeekanaal","Noordzeekanaal","VR2W-114165",52.462798,4.633995,2017-11-26 14:50:58,2017-11-26 16:18:19,131,NA,NA,NA,57719.016686,44380.869162,FALSE,46704.860145,20,2017-11-27 17:32:29,2323.990983,96091,0.0241853137442632,TRUE
"5548","A69-1602-3163",5548,"Noordzeekanaal","Noordzeekanaal","VR2W-114165",52.462798,4.633995,2017-11-27 16:40:03,2017-11-27 17:06:13,20,NA,NA,NA,57719.016686,44380.869162,TRUE,46704.860145,20,2017-11-27 17:32:29,2323.990983,3146,0.738712963445644,TRUE
"5549","A69-1602-3163",5549,"Noordzeekanaal","Middensluis NZK","VR2W-132417",52.465373,4.601803,2017-11-27 17:32:29,2017-11-27 20:19:25,83,1576,2323.990983,1.474614,60043.007669,46704.860145,FALSE,NA,NA,NA,NA,NA,NA,TRUE
"5550","A69-1602-3163",5550,"Noordzeekanaal","Middensluis NZK","VR2W-132417",52.465373,4.601803,2017-12-01 18:05:53,2017-12-01 18:58:34,4,NA,NA,NA,60043.007669,46704.860145,FALSE,NA,NA,NA,NA,NA,NA,TRUE
"5551","A69-1602-3163",5551,"Noordzeekanaal","Middensluis NZK","VR2W-132417",52.465373,4.601803,2017-12-01 23:52:39,2017-12-01 23:53:17,2,NA,NA,NA,60043.007669,46704.860145,FALSE,NA,NA,NA,NA,NA,NA,TRUE
"5552","A69-1602-3163",5552,"Noordzeekanaal","Middensluis NZK","VR2W-132417",52.465373,4.601803,2017-12-02 04:15:26,2017-12-02 04:15:26,1,NA,NA,NA,60043.007669,46704.860145,FALSE,NA,NA,NA,NA,NA,NA,TRUE
"5553","A69-1602-3163",5553,"Noordzeekanaal","Middensluis NZK","VR2W-132417",52.465373,4.601803,2017-12-02 06:26:06,2017-12-02 06:26:06,1,NA,NA,NA,60043.007669,46704.860145,FALSE,NA,NA,NA,NA,NA,NA,TRUE
"5554","A69-1602-3163",5554,"Noordzeekanaal","Middensluis NZK","VR2W-132417",52.465373,4.601803,2017-12-02 20:57:02,2017-12-02 20:57:02,1,NA,NA,NA,60043.007669,46704.860145,FALSE,NA,NA,NA,NA,NA,NA,TRUE
"5555","A69-1602-3163",5555,"Noordzeekanaal","Middensluis NZK","VR2W-132417",52.465373,4.601803,2017-12-03 05:38:39,2017-12-03 05:45:43,4,NA,NA,NA,60043.007669,46704.860145,FALSE,NA,NA,NA,NA,NA,NA,TRUE
"5556","A69-1602-3163",5556,"Noordzeekanaal","Middensluis NZK","VR2W-132417",52.465373,4.601803,2017-12-03 11:29:12,2017-12-03 11:29:12,1,NA,NA,NA,60043.007669,46704.860145,FALSE,NA,NA,NA,NA,NA,NA,TRUE
"5557","A69-1602-3163",5557,"Noordzeekanaal","Middensluis NZK","VR2W-132417",52.465373,4.601803,2017-12-03 13:42:28,2017-12-03 13:53:20,2,NA,NA,NA,60043.007669,46704.860145,FALSE,NA,NA,NA,NA,NA,NA,TRUE
"5558","A69-1602-3163",5558,"Noordzeekanaal","Middensluis NZK","VR2W-132417",52.465373,4.601803,2017-12-04 23:07:14,2017-12-04 23:38:40,2,NA,NA,NA,60043.007669,46704.860145,FALSE,NA,NA,NA,NA,NA,NA,TRUE
"5559","A69-1602-3163",5559,"Noordzeekanaal","Middensluis NZK","VR2W-132417",52.465373,4.601803,2017-12-05 01:51:45,2017-12-05 03:57:03,9,NA,NA,NA,60043.007669,46704.860145,FALSE,NA,NA,NA,NA,NA,NA,TRUE
"5560","A69-1602-3163",5560,"Noordzeekanaal","Middensluis NZK","VR2W-132417",52.465373,4.601803,2017-12-05 05:05:24,2017-12-05 09:27:30,15,NA,NA,NA,60043.007669,46704.860145,FALSE,NA,NA,NA,NA,NA,NA,TRUE
"5561","A69-1602-3163",5561,"Noordzeekanaal","Middensluis NZK","VR2W-132417",52.465373,4.601803,2017-12-05 11:04:05,2017-12-05 11:04:05,1,NA,NA,NA,60043.007669,46704.860145,FALSE,NA,NA,NA,NA,NA,NA,TRUE
"5562","A69-1602-3163",5562,"Noordzeekanaal","Middensluis NZK","VR2W-132417",52.465373,4.601803,2017-12-05 15:21:50,2017-12-05 16:00:31,10,NA,NA,NA,60043.007669,46704.860145,FALSE,NA,NA,NA,NA,NA,NA,TRUE
"5563","A69-1602-3163",5563,"Noordzeekanaal","Middensluis NZK","VR2W-132417",52.465373,4.601803,2017-12-06 06:59:55,2017-12-06 06:59:55,1,NA,NA,NA,60043.007669,46704.860145,FALSE,NA,NA,NA,NA,NA,NA,TRUE
"5564","A69-1602-3163",5564,"Noordzeekanaal","Middensluis NZK","VR2W-132417",52.465373,4.601803,2017-12-06 08:58:44,2017-12-06 09:41:23,3,NA,NA,NA,60043.007669,46704.860145,FALSE,NA,NA,NA,NA,NA,NA,TRUE
"5565","A69-1602-3163",5565,"Noordzeekanaal","Middensluis NZK","VR2W-132417",52.465373,4.601803,2017-12-06 10:55:30,2017-12-06 11:34:15,2,NA,NA,NA,60043.007669,46704.860145,FALSE,NA,NA,NA,NA,NA,NA,TRUE
"5566","A69-1602-3163",5566,"Noordzeekanaal","Middensluis NZK","VR2W-132417",52.465373,4.601803,2017-12-06 13:12:33,2017-12-06 13:13:54,2,NA,NA,NA,60043.007669,46704.860145,FALSE,NA,NA,NA,NA,NA,NA,TRUE
"5567","A69-1602-3163",5567,"Noordzeekanaal","Middensluis NZK","VR2W-132417",52.465373,4.601803,2017-12-06 14:51:09,2017-12-06 17:52:49,19,NA,NA,NA,60043.007669,46704.860145,FALSE,NA,NA,NA,NA,NA,NA,TRUE
"5568","A69-1602-3163",5568,"Noordzeekanaal","Middensluis NZK","VR2W-132417",52.465373,4.601803,2017-12-06 20:28:51,2017-12-06 21:09:15,2,NA,NA,NA,60043.007669,46704.860145,FALSE,NA,NA,NA,NA,NA,NA,TRUE
"5569","A69-1602-3163",5569,"Noordzeekanaal","Middensluis NZK","VR2W-132417",52.465373,4.601803,2017-12-07 17:34:39,2017-12-08 02:50:50,500,NA,NA,NA,60043.007669,46704.860145,FALSE,NA,NA,NA,NA,NA,NA,TRUE
"5570","A69-1602-3163",5570,"Noordzeekanaal","Middensluis NZK","VR2W-132417",52.465373,4.601803,2017-12-08 18:44:37,2017-12-08 20:36:02,97,NA,NA,NA,60043.007669,46704.860145,NA,NA,NA,NA,NA,NA,NA,TRUE
"5571","A69-1602-3163",5571,"Noordzeekanaal","Kleine sluis Noordzee","VR2W-132413",52.463762,4.587267,2017-12-08 20:46:55,2017-12-08 20:52:08,3,653,1082.7157,1.658064,61125.723369,47621.90854,NA,NA,NA,NA,NA,NA,NA,TRUE
"5572","A69-1602-3164",5572,"Noordzeekanaal","rel_noordzeekanaal11","none",52.220457,4.973436,2017-10-06 09:00:00,2017-10-06 09:00:00,1,NA,NA,NA,0,0,FALSE,NA,NA,NA,NA,NA,NA,FALSE
"5573","A69-1602-3164",5573,"Noordzeekanaal","ARK Zuid","VR2W-119060",52.185058,4.996343,2017-10-11 17:21:10,2017-10-11 18:11:14,29,462070,43514.111807,0.094172,43514.111807,-43514.111807,FALSE,NA,NA,NA,NA,NA,NA,FALSE
"5574","A69-1602-3164",5574,"Noordzeekanaal","ARK Zuid","VR2W-119060",52.185058,4.996343,2017-10-11 20:23:10,2017-10-11 20:34:17,17,NA,NA,NA,43514.111807,-43514.111807,NA,NA,NA,NA,NA,NA,NA,FALSE
"5575","A69-1602-3165",5575,"Noordzeekanaal","rel_noordzeekanaal10","none",52.219452,4.96083,2017-10-13 09:00:00,2017-10-13 09:00:00,1,NA,NA,NA,0,0,NA,NA,NA,NA,NA,NA,NA,FALSE
"5576","A69-1602-3165",5576,"Noordzeekanaal","Vinkeveen gemaal","VR2W-120095",52.220129,4.973093,2017-10-20 03:47:36,2017-10-20 05:05:13,6,586056,841.322464,0.001436,841.322464,841.322464,FALSE,NA,NA,NA,NA,NA,NA,FALSE
"5577","A69-1602-3165",5577,"Noordzeekanaal","Vinkeveen gemaal","VR2W-120095",52.220129,4.973093,2017-10-20 17:53:54,2017-10-20 19:53:51,95,NA,NA,NA,841.322464,841.322464,NA,NA,NA,NA,NA,NA,NA,FALSE
"5578","A69-1602-3166",5578,"Noordzeekanaal","rel_noordzeekanaal10","none",52.219452,4.96083,2017-10-13 09:00:00,2017-10-13 09:00:00,1,NA,NA,NA,0,0,NA,NA,NA,NA,NA,NA,NA,FALSE
"5579","A69-1602-3166",5579,"Noordzeekanaal","Vinkeveen gemaal","VR2W-120095",52.220129,4.973093,2017-10-14 18:03:19,2017-10-14 18:20:36,6,118999,841.322464,0.00707,841.322464,841.322464,FALSE,NA,NA,NA,NA,NA,NA,FALSE
"5580","A69-1602-3166",5580,"Noordzeekanaal","Vinkeveen gemaal","VR2W-120095",52.220129,4.973093,2017-10-20 22:42:34,2017-10-20 22:47:03,3,NA,NA,NA,841.322464,841.322464,FALSE,NA,NA,NA,NA,NA,NA,FALSE
"5581","A69-1602-3166",5581,"Noordzeekanaal","Vinkeveen gemaal","VR2W-120095",52.220129,4.973093,2017-10-21 21:16:36,2017-10-21 21:16:36,1,NA,NA,NA,841.322464,841.322464,FALSE,NA,NA,NA,NA,NA,NA,FALSE
"5582","A69-1602-3166",5582,"Noordzeekanaal","Vinkeveen gemaal","VR2W-120095",52.220129,4.973093,2017-10-21 22:22:40,2017-10-22 00:24:44,40,NA,NA,NA,841.322464,841.322464,FALSE,NA,NA,NA,NA,NA,NA,FALSE
"5583","A69-1602-3166",5583,"Noordzeekanaal","Vinkeveen gemaal","VR2W-120095",52.220129,4.973093,2017-10-22 20:26:02,2017-10-23 00:55:26,75,NA,NA,NA,841.322464,841.322464,NA,NA,NA,NA,NA,NA,NA,FALSE
"5584","A69-1602-3167",5584,"Noordzeekanaal","rel_noordzeekanaal11","none",52.220457,4.973436,2017-10-13 09:00:00,2017-10-13 09:00:00,1,NA,NA,NA,0,0,TRUE,22152.58219,2,2017-10-16 17:38:45,22152.58219,290325,0.0763027027985878,TRUE
"5585","A69-1602-3167",5585,"Noordzeekanaal","ARK Noord","VR2W-119054",52.355706,4.97029,2017-10-16 17:38:45,2017-10-16 18:10:54,24,290325,22152.58219,0.076303,22152.58219,22152.58219,FALSE,23500.96196,3,2017-12-07 21:23:37,1348.37977,4506292,0.000299221570639452,TRUE
"5586","A69-1602-3167",5586,"Noordzeekanaal","Oranjesluis","VR2W-102056",52.380016,4.955998,2017-12-07 21:23:37,2017-12-07 22:48:37,27,4504363,3196.690998,0.00071,25349.273188,23500.96196,FALSE,44380.869162,11,2017-12-10 17:57:17,20879.907202,246820,0.0845956859330686,TRUE
"5587","A69-1602-3167",5587,"Noordzeekanaal","Oranjesluis","VR2W-114163",52.382553,4.959779,2017-12-08 03:46:16,2017-12-08 04:30:10,7,NA,NA,NA,25349.273188,23500.96196,FALSE,NA,NA,NA,NA,NA,NA,TRUE
"5588","A69-1602-3167",5588,"Noordzeekanaal","Willem 2 sluis 2","VR2W-130587",52.383677,4.907053,2017-12-08 20:38:25,2017-12-08 21:53:13,10,58095,3423.861235,0.058936,28773.134423,22476.820659,TRUE,23500.96196,6,2017-12-09 03:35:08,1024.141301,25003,0.0409607367515898,TRUE
"5589","A69-1602-3167",5589,"Noordzeekanaal","Oranjesluis","VR2W-102056",52.380016,4.955998,2017-12-09 03:35:08,2017-12-09 04:24:47,19,20515,3423.861235,0.166896,32196.995658,23500.96196,FALSE,44380.869162,11,2017-12-10 17:57:17,20879.907202,138129,0.151162371420918,TRUE
"5590","A69-1602-3167",5590,"Noordzeekanaal","Oranjesluis","VR2W-114163",52.382553,4.959779,2017-12-09 18:04:53,2017-12-09 18:04:53,1,NA,NA,NA,32196.995658,23500.96196,FALSE,44380.869162,11,2017-12-10 17:57:17,20879.907202,85944,0.242947817206553,TRUE
"5591","A69-1602-3167",5591,"Noordzeekanaal","Oranjesluis","VR2W-102056",52.380016,4.955998,2017-12-09 19:37:29,2017-12-09 20:02:11,9,NA,NA,NA,32196.995658,23500.96196,FALSE,44380.869162,11,2017-12-10 17:57:17,20879.907202,80388,0.259739105363985,TRUE
"5592","A69-1602-3167",5592,"Noordzeekanaal","Oranjesluis","VR2W-102056",52.380016,4.955998,2017-12-09 21:12:32,2017-12-09 23:39:11,66,NA,NA,NA,32196.995658,23500.96196,FALSE,NA,NA,NA,NA,NA,NA,TRUE
"5593","A69-1602-3167",5593,"Noordzeekanaal","Willem 2 sluis 2","VR2W-130587",52.383677,4.907053,2017-12-10 01:59:48,2017-12-10 01:59:48,1,8437,3423.861235,0.405815,35620.856893,22476.820659,TRUE,44380.869162,11,2017-12-10 17:57:17,21904.048503,57449,0.381278151107939,TRUE
"5594","A69-1602-3167",5594,"Noordzeekanaal","Noordzeekanaal","VR2W-114165",52.462798,4.633995,2017-12-10 17:57:17,2017-12-10 18:44:53,43,57449,22552.500267,0.392566,58173.35716,44380.869162,TRUE,45987.788161,12,2017-12-10 18:45:13,1606.91899899999,2876,0.558734005215575,TRUE
"5595","A69-1602-3167",5595,"Noordzeekanaal","Grote sluis NZK","VR2W-114178",52.467488,4.613347,2017-12-10 18:45:13,2017-12-10 18:58:46,2,20,1606.918999,80.34595,59780.276159,45987.788161,FALSE,NA,NA,NA,NA,NA,NA,TRUE
"5596","A69-1602-3167",5596,"Noordzeekanaal","Noordzeekanaal","VR2W-114165",52.462798,4.633995,2017-12-10 19:39:11,2017-12-10 20:19:56,19,2425,1606.918999,0.662647,61387.195158,44380.869162,FALSE,47411.885302,15,2017-12-11 00:05:59,3031.01614,16008,0.189343836831584,TRUE
"5597","A69-1602-3167",5597,"Noordzeekanaal","Noordzeekanaal","VR2W-114165",52.462798,4.633995,2017-12-10 22:07:05,2017-12-10 23:02:10,24,NA,NA,NA,61387.195158,44380.869162,TRUE,47411.885302,15,2017-12-11 00:05:59,3031.01614,7134,0.424869097280628,TRUE
"5598","A69-1602-3167",5598,"Noordzeekanaal","Spuisluis Noordzee","VR2W-132408",52.470319,4.594701,2017-12-11 00:05:59,2017-12-11 10:38:40,1084,3829,3031.016139,0.791595,64418.211297,47411.885302,NA,NA,NA,NA,NA,NA,NA,TRUE
"5599","A69-1602-3168",5599,"Noordzeekanaal","rel_noordzeekanaal11","none",52.220457,4.973436,2017-10-13 09:00:00,2017-10-13 09:00:00,1,NA,NA,NA,0,0,FALSE,NA,NA,NA,NA,NA,NA,FALSE
"5600","A69-1602-3168",5600,"Noordzeekanaal","ARK Zuid","VR2W-119060",52.185058,4.996343,2017-10-15 16:40:49,2017-10-15 17:04:21,18,200449,43514.111807,0.217083,43514.111807,-43514.111807,FALSE,22152.58219,6,2017-10-19 02:18:18,65666.693997,293849,0.223470877889664,FALSE
"5601","A69-1602-3168",5601,"Noordzeekanaal","ARK Zuid","VR2W-119060",52.185058,4.996343,2017-10-15 19:35:14,2017-10-15 20:03:55,18,NA,NA,NA,43514.111807,-43514.111807,FALSE,22152.58219,6,2017-10-19 02:18:18,65666.693997,283384,0.231723364752421,FALSE
"5602","A69-1602-3168",5602,"Noordzeekanaal","ARK Zuid","VR2W-119060",52.185058,4.996343,2017-10-16 09:00:14,2017-10-16 09:20:41,11,NA,NA,NA,43514.111807,-43514.111807,FALSE,22152.58219,6,2017-10-19 02:18:18,65666.693997,235084,0.279332893761379,FALSE
"5603","A69-1602-3168",5603,"Noordzeekanaal","ARK Zuid","VR2W-119060",52.185058,4.996343,2017-10-17 20:25:45,2017-10-17 20:45:44,15,NA,NA,NA,43514.111807,-43514.111807,TRUE,22152.58219,6,2017-10-19 02:18:18,65666.693997,107553,0.610551951103177,TRUE
"5604","A69-1602-3168",5604,"Noordzeekanaal","ARK Noord","VR2W-119054",52.355706,4.97029,2017-10-19 02:18:18,2017-10-19 02:58:52,27,106354,21361.529618,0.200853,64875.641425,22152.58219,FALSE,23500.96196,7,2017-11-05 02:17:41,1348.37977,1468763,0.000918037675241002,TRUE
"5605","A69-1602-3168",5605,"Noordzeekanaal","Oranjesluis","VR2W-102056",52.380016,4.955998,2017-11-05 02:17:41,2017-11-05 02:59:13,11,1466329,3196.690998,0.00218,68072.332423,23500.96196,FALSE,NA,NA,NA,NA,NA,NA,TRUE
"5606","A69-1602-3168",5606,"Noordzeekanaal","Willem 2 sluis 2","VR2W-130587",52.383677,4.907053,2017-11-07 14:55:38,2017-11-07 15:04:40,4,215785,3423.861235,0.015867,71496.193658,22476.820659,FALSE,44380.869162,11,2017-12-18 16:36:58,21904.048503,3548480,0.00617279750851069,TRUE
"5607","A69-1602-3168",5607,"Noordzeekanaal","Willem 2 sluis 2","VR2W-130587",52.383677,4.907053,2017-11-07 18:28:04,2017-11-07 18:33:07,4,NA,NA,NA,71496.193658,22476.820659,FALSE,44380.869162,11,2017-12-18 16:36:58,21904.048503,3535734,0.00619504988299459,TRUE
"5608","A69-1602-3168",5608,"Noordzeekanaal","Willem 2 sluis 2","VR2W-130587",52.383677,4.907053,2017-12-17 01:22:37,2017-12-17 04:39:35,129,NA,NA,NA,71496.193658,22476.820659,TRUE,44380.869162,11,2017-12-18 16:36:58,21904.048503,141261,0.15506083422176,TRUE
"5609","A69-1602-3168",5609,"Noordzeekanaal","Noordzeekanaal","VR2W-114164",52.465232,4.633992,2017-12-18 16:36:58,2017-12-18 20:37:32,101,129443,22552.500267,0.174227,94048.693925,44380.869162,TRUE,45987.788161,12,2017-12-18 20:38:07,1606.91899899999,14469,0.111059437348814,TRUE
"5610","A69-1602-3168",5610,"Noordzeekanaal","Grote sluis NZK","VR2W-114178",52.467488,4.613347,2017-12-18 20:38:07,2017-12-18 20:38:07,1,35,1606.918999,45.911971,95655.612924,45987.788161,FALSE,NA,NA,NA,NA,NA,NA,TRUE
"5611","A69-1602-3168",5611,"Noordzeekanaal","Noordzeekanaal","VR2W-114165",52.462798,4.633995,2017-12-18 20:40:03,2017-12-18 20:43:45,3,116,1606.918999,13.85275,97262.531923,44380.869162,TRUE,45987.788161,14,2017-12-18 20:44:05,1606.91899899999,242,6.64016115289254,TRUE
"5612","A69-1602-3168",5612,"Noordzeekanaal","Grote sluis NZK","VR2W-114178",52.467488,4.613347,2017-12-18 20:44:05,2017-12-18 20:44:45,2,20,1606.918999,80.34595,98869.450922,45987.788161,FALSE,NA,NA,NA,NA,NA,NA,TRUE
"5613","A69-1602-3168",5613,"Noordzeekanaal","Noordzeekanaal","VR2W-114165",52.462798,4.633995,2017-12-18 20:49:15,2017-12-18 20:49:15,1,270,1606.918999,5.951552,100476.369921,44380.869162,TRUE,45987.788161,16,2017-12-18 20:49:28,1606.91899899999,13,123.60915376923,TRUE
"5614","A69-1602-3168",5614,"Noordzeekanaal","Grote sluis NZK","VR2W-114178",52.467488,4.613347,2017-12-18 20:49:28,2017-12-18 20:53:17,2,13,1606.918999,123.609154,102083.28892,45987.788161,FALSE,NA,NA,NA,NA,NA,NA,TRUE
"5615","A69-1602-3168",5615,"Noordzeekanaal","Noordzeekanaal","VR2W-114165",52.462798,4.633995,2017-12-18 20:53:26,2017-12-18 20:53:26,1,9,1606.918999,178.546555,103690.207919,44380.869162,TRUE,45987.788161,18,2017-12-18 20:54:39,1606.91899899999,73,22.0125890273972,TRUE
"5616","A69-1602-3168",5616,"Noordzeekanaal","Grote sluis NZK","VR2W-114178",52.467488,4.613347,2017-12-18 20:54:39,2017-12-18 20:54:39,1,73,1606.918999,22.012589,105297.126918,45987.788161,FALSE,NA,NA,NA,NA,NA,NA,TRUE
"5617","A69-1602-3168",5617,"Noordzeekanaal","Noordzeekanaal","VR2W-114165",52.462798,4.633995,2017-12-18 20:55:09,2017-12-18 20:55:09,1,30,1606.918999,53.563967,106904.045917,44380.869162,TRUE,45987.788161,20,2017-12-18 20:55:19,1606.91899899999,10,160.691899899999,TRUE
"5618","A69-1602-3168",5618,"Noordzeekanaal","Grote sluis NZK","VR2W-114178",52.467488,4.613347,2017-12-18 20:55:19,2017-12-18 20:55:19,1,10,1606.918999,160.6919,108510.964916,45987.788161,FALSE,NA,NA,NA,NA,NA,NA,TRUE
"5619","A69-1602-3168",5619,"Noordzeekanaal","Noordzeekanaal","VR2W-114165",52.462798,4.633995,2017-12-18 20:55:57,2017-12-18 20:59:34,5,38,1606.918999,42.287342,110117.883915,44380.869162,TRUE,45987.788161,22,2017-12-18 21:02:16,1606.91899899999,379,4.23989181794194,TRUE
"5620","A69-1602-3168",5620,"Noordzeekanaal","Grote sluis NZK","VR2W-114178",52.467488,4.613347,2017-12-18 21:02:16,2017-12-18 21:05:45,3,162,1606.918999,9.919253,111724.802914,45987.788161,FALSE,NA,NA,NA,NA,NA,NA,TRUE
"5621","A69-1602-3168",5621,"Noordzeekanaal","Noordzeekanaal","VR2W-114165",52.462798,4.633995,2017-12-18 21:15:59,2017-12-18 21:15:59,1,614,1606.918999,2.617132,113331.721913,44380.869162,TRUE,45987.788161,24,2017-12-18 21:16:09,1606.91899899999,10,160.691899899999,TRUE
"5622","A69-1602-3168",5622,"Noordzeekanaal","Grote sluis NZK","VR2W-114178",52.467488,4.613347,2017-12-18 21:16:09,2017-12-18 21:33:07,19,10,1606.918999,160.6919,114938.640912,45987.788161,FALSE,NA,NA,NA,NA,NA,NA,TRUE
"5623","A69-1602-3168",5623,"Noordzeekanaal","Noordzeekanaal","VR2W-114165",52.462798,4.633995,2017-12-18 21:33:26,2017-12-18 21:33:26,1,19,1606.918999,84.574684,116545.559911,44380.869162,TRUE,45987.788161,26,2017-12-18 21:33:50,1606.91899899999,24,66.9549582916664,TRUE
"5624","A69-1602-3168",5624,"Noordzeekanaal","Grote sluis NZK","VR2W-114178",52.467488,4.613347,2017-12-18 21:33:50,2017-12-18 21:34:41,2,24,1606.918999,66.954958,118152.47891,45987.788161,FALSE,NA,NA,NA,NA,NA,NA,TRUE
"5625","A69-1602-3168",5625,"Noordzeekanaal","Noordzeekanaal","VR2W-114165",52.462798,4.633995,2017-12-18 21:35:30,2017-12-18 21:35:30,1,49,1606.918999,32.794265,119759.397909,44380.869162,TRUE,45987.788161,28,2017-12-18 21:36:51,1606.91899899999,81,19.8385061604938,TRUE
"5626","A69-1602-3168",5626,"Noordzeekanaal","Grote sluis NZK","VR2W-114178",52.467488,4.613347,2017-12-18 21:36:51,2017-12-18 21:36:51,1,81,1606.918999,19.838506,121366.316908,45987.788161,FALSE,NA,NA,NA,NA,NA,NA,TRUE
"5627","A69-1602-3168",5627,"Noordzeekanaal","Noordzeekanaal","VR2W-114165",52.462798,4.633995,2017-12-18 21:37:04,2017-12-18 21:37:52,2,13,1606.918999,123.609154,122973.235907,44380.869162,TRUE,45987.788161,30,2017-12-18 21:38:07,1606.91899899999,63,25.5066507777777,TRUE
"5628","A69-1602-3168",5628,"Noordzeekanaal","Grote sluis NZK","VR2W-114178",52.467488,4.613347,2017-12-18 21:38:07,2017-12-18 21:38:07,1,15,1606.918999,107.127933,124580.154906,45987.788161,FALSE,NA,NA,NA,NA,NA,NA,TRUE
"5629","A69-1602-3168",5629,"Noordzeekanaal","Noordzeekanaal","VR2W-114165",52.462798,4.633995,2017-12-18 21:38:35,2017-12-18 21:38:35,1,28,1606.918999,57.389964,126187.073905,44380.869162,TRUE,45987.788161,32,2017-12-18 21:38:54,1606.91899899999,19,84.5746841578944,TRUE
"5630","A69-1602-3168",5630,"Noordzeekanaal","Grote sluis NZK","VR2W-114178",52.467488,4.613347,2017-12-18 21:38:54,2017-12-18 21:38:54,1,19,1606.918999,84.574684,127793.992904,45987.788161,FALSE,NA,NA,NA,NA,NA,NA,TRUE
"5631","A69-1602-3168",5631,"Noordzeekanaal","Noordzeekanaal","VR2W-114165",52.462798,4.633995,2017-12-18 21:39:28,2017-12-18 21:39:28,1,34,1606.918999,47.262323,129400.911903,44380.869162,TRUE,45987.788161,34,2017-12-18 21:39:32,1606.91899899999,4,401.729749749999,TRUE
"5632","A69-1602-3168",5632,"Noordzeekanaal","Grote sluis NZK","VR2W-114178",52.467488,4.613347,2017-12-18 21:39:32,2017-12-18 22:47:23,27,4,1606.918999,401.72975,131007.830902,45987.788161,TRUE,47411.885302,35,2017-12-18 22:50:31,1424.09714100001,4259,0.334373594975348,TRUE
"5633","A69-1602-3168",5633,"Noordzeekanaal","Spuisluis Noordzee","VR2W-132408",52.470319,4.594701,2017-12-18 22:50:31,2017-12-18 23:21:12,31,188,1424.097141,7.574985,132431.928043,47411.885302,NA,NA,NA,NA,NA,NA,NA,TRUE
"5634","A69-1602-3169",5634,"Noordzeekanaal","rel_noordzeekanaal11","none",52.220457,4.973436,2017-10-13 09:00:00,2017-10-13 09:00:00,1,NA,NA,NA,0,0,TRUE,22152.58219,2,2017-10-19 07:14:02,22152.58219,512042,0.0432632131543897,TRUE
"5635","A69-1602-3169",5635,"Noordzeekanaal","ARK Noord","VR2W-119054",52.355706,4.97029,2017-10-19 07:14:02,2017-10-19 07:41:17,30,512042,22152.58219,0.043263,22152.58219,22152.58219,FALSE,23500.96196,4,2017-11-09 16:58:14,1348.37977,1849452,0.000729069892054511,TRUE
"5636","A69-1602-3169",5636,"Noordzeekanaal","ARK Noord","VR2W-119054",52.355706,4.97029,2017-10-19 16:58:21,2017-10-19 16:58:21,1,NA,NA,NA,22152.58219,22152.58219,FALSE,23500.96196,4,2017-11-09 16:58:14,1348.37977,1814393,0.000743157502261086,TRUE
"5637","A69-1602-3169",5637,"Noordzeekanaal","Oranjesluis","VR2W-102056",52.380016,4.955998,2017-11-09 16:58:14,2017-11-09 17:39:58,19,1814393,3196.690998,0.001762,25349.273188,23500.96196,FALSE,44380.869162,5,2018-01-19 12:47:36,20879.907202,6119362,0.00341210524920735,TRUE
"5638","A69-1602-3169",5638,"Noordzeekanaal","Noordzeekanaal","VR2W-114164",52.465232,4.633992,2018-01-19 12:47:36,2018-01-19 14:07:44,44,6116858,25893.527849,0.004233,51242.801037,44380.869162,TRUE,45987.788161,6,2018-01-19 14:13:09,1606.91899899999,5133,0.313056496980322,TRUE
"5639","A69-1602-3169",5639,"Noordzeekanaal","Grote sluis NZK","VR2W-114178",52.467488,4.613347,2018-01-19 14:13:09,2018-01-19 14:16:14,4,325,1606.918999,4.944366,52849.720036,45987.788161,FALSE,NA,NA,NA,NA,NA,NA,TRUE
"5640","A69-1602-3169",5640,"Noordzeekanaal","Noordzeekanaal","VR2W-114164",52.465232,4.633992,2018-01-19 14:17:32,2018-01-19 14:18:09,2,78,1606.918999,20.601526,54456.639035,44380.869162,TRUE,45987.788161,8,2018-01-19 14:24:37,1606.91899899999,425,3.78098587999999,TRUE
"5641","A69-1602-3169",5641,"Noordzeekanaal","Grote sluis NZK","VR2W-114178",52.467488,4.613347,2018-01-19 14:24:37,2018-01-19 14:24:37,1,388,1606.918999,4.141544,56063.558034,45987.788161,FALSE,NA,NA,NA,NA,NA,NA,TRUE
"5642","A69-1602-3169",5642,"Noordzeekanaal","Noordzeekanaal","VR2W-114164",52.465232,4.633992,2018-01-19 14:24:44,2018-01-19 14:25:55,2,7,1606.918999,229.559857,57670.477033,44380.869162,TRUE,45987.788161,10,2018-01-19 14:26:04,1606.91899899999,80,20.0864874874999,TRUE
"5643","A69-1602-3169",5643,"Noordzeekanaal","Grote sluis NZK","VR2W-114178",52.467488,4.613347,2018-01-19 14:26:04,2018-01-19 14:26:04,1,9,1606.918999,178.546555,59277.396032,45987.788161,FALSE,NA,NA,NA,NA,NA,NA,TRUE
"5644","A69-1602-3169",5644,"Noordzeekanaal","Noordzeekanaal","VR2W-114164",52.465232,4.633992,2018-01-19 14:26:35,2018-01-19 14:30:10,3,31,1606.918999,51.836097,60884.315031,44380.869162,TRUE,45987.788161,12,2018-01-19 14:30:52,1606.91899899999,257,6.25260310894939,TRUE
"5645","A69-1602-3169",5645,"Noordzeekanaal","Grote sluis NZK","VR2W-114178",52.467488,4.613347,2018-01-19 14:30:52,2018-01-19 14:30:52,1,42,1606.918999,38.259976,62491.23403,45987.788161,FALSE,NA,NA,NA,NA,NA,NA,TRUE
"5646","A69-1602-3169",5646,"Noordzeekanaal","Noordzeekanaal","VR2W-114164",52.465232,4.633992,2018-01-19 14:31:03,2018-01-19 15:36:23,64,11,1606.918999,146.083545,64098.153029,44380.869162,TRUE,45987.788161,14,2018-01-19 15:44:32,1606.91899899999,4409,0.364463370151961,TRUE
"5647","A69-1602-3169",5647,"Noordzeekanaal","Grote sluis NZK","VR2W-114178",52.467488,4.613347,2018-01-19 15:44:32,2018-01-19 16:27:16,14,489,1606.918999,3.286133,65705.072028,45987.788161,NA,NA,NA,NA,NA,NA,NA,TRUE
"5648","A69-1602-3169",5648,"Noordzeekanaal","Spuisluis NZK","VR2W-114167",52.470646,4.607811,2018-01-19 17:34:03,2018-01-19 19:08:04,80,4007,565.620125,0.141158,66270.692153,46553.408286,NA,NA,NA,NA,NA,NA,NA,TRUE
"5649","A69-1602-3170",5649,"Noordzeekanaal","rel_noordzeekanaal10","none",52.219452,4.96083,2017-10-20 09:00:00,2017-10-20 09:00:00,1,NA,NA,NA,0,0,TRUE,17500.436641,5,2017-10-24 18:23:43,17500.436641,379423,0.046123816007464,TRUE
"5650","A69-1602-3170",5650,"Noordzeekanaal","Vinkeveen gemaal","VR2W-120095",52.220129,4.973093,2017-10-20 10:45:04,2017-10-20 10:45:04,1,6304,841.322464,0.133459,841.322464,841.322464,FALSE,17500.436641,5,2017-10-24 18:23:43,16659.114177,373119,0.0446482601448868,TRUE
"5651","A69-1602-3170",5651,"Noordzeekanaal","Vinkeveen gemaal","VR2W-120095",52.220129,4.973093,2017-10-21 05:24:30,2017-10-21 05:24:30,1,NA,NA,NA,841.322464,841.322464,FALSE,17500.436641,5,2017-10-24 18:23:43,16659.114177,305953,0.0544499128199429,TRUE
"5652","A69-1602-3170",5652,"Noordzeekanaal","Vinkeveen gemaal","VR2W-120095",52.220129,4.973093,2017-10-21 23:20:42,2017-10-21 23:20:42,1,NA,NA,NA,841.322464,841.322464,TRUE,17500.436641,5,2017-10-24 18:23:43,16659.114177,241381,0.0690158470509278,TRUE
"5653","A69-1602-3170",5653,"Noordzeekanaal","Berlagerbrug","VR2W-119067",52.346957,4.912993,2017-10-24 18:23:43,2017-10-24 19:20:35,40,241381,17731.778516,0.07346,18573.10098,17500.436641,FALSE,23328.19247,6,2017-11-10 09:22:07,5827.755829,1436304,0.00405746682387573,TRUE
"5654","A69-1602-3170",5654,"Noordzeekanaal","Oranjesluis","VR2W-114163",52.382553,4.959779,2017-11-10 09:22:07,2017-11-10 12:46:37,238,1432892,5827.755829,0.004067,24400.856809,23328.19247,NA,NA,NA,NA,NA,NA,NA,TRUE
"5655","A69-1602-3171",5655,"Noordzeekanaal","rel_noordzeekanaal10","none",52.219452,4.96083,2017-10-20 09:00:00,2017-10-20 09:00:00,1,NA,NA,NA,0,0,NA,NA,NA,NA,NA,NA,NA,FALSE
"5656","A69-1602-3171",5656,"Noordzeekanaal","Vinkeveen gemaal","VR2W-120095",52.220129,4.973093,2017-10-20 16:44:51,2017-10-20 16:44:51,1,27891,841.322464,0.030165,841.322464,841.322464,FALSE,NA,NA,NA,NA,NA,NA,FALSE
"5657","A69-1602-3171",5657,"Noordzeekanaal","Vinkeveen gemaal","VR2W-120095",52.220129,4.973093,2017-10-20 18:31:31,2017-10-20 18:58:05,28,NA,NA,NA,841.322464,841.322464,FALSE,NA,NA,NA,NA,NA,NA,FALSE
"5658","A69-1602-3171",5658,"Noordzeekanaal","Vinkeveen gemaal","VR2W-120095",52.220129,4.973093,2017-10-29 00:27:29,2017-10-29 00:30:09,2,NA,NA,NA,841.322464,841.322464,FALSE,NA,NA,NA,NA,NA,NA,FALSE
"5659","A69-1602-3171",5659,"Noordzeekanaal","Vinkeveen gemaal","VR2W-120095",52.220129,4.973093,2017-10-29 06:06:49,2017-10-29 06:18:23,4,NA,NA,NA,841.322464,841.322464,FALSE,NA,NA,NA,NA,NA,NA,FALSE
"5660","A69-1602-3171",5660,"Noordzeekanaal","Vinkeveen gemaal","VR2W-120095",52.220129,4.973093,2017-10-29 17:34:20,2017-10-29 17:53:12,8,NA,NA,NA,841.322464,841.322464,FALSE,NA,NA,NA,NA,NA,NA,FALSE
"5661","A69-1602-3171",5661,"Noordzeekanaal","Vinkeveen gemaal","VR2W-120095",52.220129,4.973093,2017-10-29 21:07:02,2017-10-29 21:46:33,57,NA,NA,NA,841.322464,841.322464,NA,NA,NA,NA,NA,NA,NA,FALSE
"5662","A69-1602-3172",5662,"Noordzeekanaal","rel_noordzeekanaal11","none",52.220457,4.973436,2017-10-20 09:00:00,2017-10-20 09:00:00,1,NA,NA,NA,0,0,NA,NA,NA,NA,NA,NA,NA,FALSE
"5663","A69-1602-3173",5663,"Noordzeekanaal","rel_noordzeekanaal11","none",52.220457,4.973436,2017-10-20 09:00:00,2017-10-20 09:00:00,1,NA,NA,NA,0,0,FALSE,NA,NA,NA,NA,NA,NA,FALSE
"5664","A69-1602-3173",5664,"Noordzeekanaal","ARK Zuid","VR2W-119060",52.185058,4.996343,2017-10-26 10:26:11,2017-10-26 11:17:37,6,523571,43514.111807,0.08311,43514.111807,-43514.111807,FALSE,22152.58219,5,2017-10-27 15:24:29,65666.693997,104298,0.629606454553299,FALSE
"5665","A69-1602-3173",5665,"Noordzeekanaal","ARK Zuid","VR2W-119060",52.185058,4.996343,2017-10-26 12:46:41,2017-10-26 13:44:10,18,NA,NA,NA,43514.111807,-43514.111807,FALSE,22152.58219,5,2017-10-27 15:24:29,65666.693997,95868,0.684969896075854,FALSE
"5666","A69-1602-3173",5666,"Noordzeekanaal","ARK Zuid","VR2W-119060",52.185058,4.996343,2017-10-26 16:17:24,2017-10-26 17:04:24,16,NA,NA,NA,43514.111807,-43514.111807,TRUE,22152.58219,5,2017-10-27 15:24:29,65666.693997,83225,0.789026061844398,TRUE
"5667","A69-1602-3173",5667,"Noordzeekanaal","ARK Noord","VR2W-119054",52.355706,4.97029,2017-10-27 15:24:29,2017-10-27 16:19:21,48,80405,21361.529618,0.265674,64875.641425,22152.58219,FALSE,23500.96196,44,2017-11-11 18:07:43,1348.37977,1305794,0.00103261293128931,TRUE
"5668","A69-1602-3173",5668,"Noordzeekanaal","ARK Noord","VR2W-119054",52.355706,4.97029,2017-11-02 02:04:22,2017-11-02 02:04:22,1,NA,NA,NA,64875.641425,22152.58219,FALSE,23500.96196,44,2017-11-11 18:07:43,1348.37977,835401,0.00161405094080567,TRUE
"5669","A69-1602-3173",5669,"Noordzeekanaal","ARK Noord","VR2W-119054",52.355706,4.97029,2017-11-03 02:11:47,2017-11-03 02:11:47,1,NA,NA,NA,64875.641425,22152.58219,FALSE,23500.96196,44,2017-11-11 18:07:43,1348.37977,748556,0.00180130781130603,TRUE
"5670","A69-1602-3173",5670,"Noordzeekanaal","ARK Noord","VR2W-119054",52.355706,4.97029,2017-11-03 03:43:41,2017-11-03 03:43:41,1,NA,NA,NA,64875.641425,22152.58219,FALSE,23500.96196,44,2017-11-11 18:07:43,1348.37977,743042,0.00181467503855771,TRUE
"5671","A69-1602-3173",5671,"Noordzeekanaal","ARK Noord","VR2W-119054",52.355706,4.97029,2017-11-03 06:30:45,2017-11-03 06:40:00,5,NA,NA,NA,64875.641425,22152.58219,FALSE,23500.96196,44,2017-11-11 18:07:43,1348.37977,733018,0.0018394906673506,TRUE
"5672","A69-1602-3173",5672,"Noordzeekanaal","ARK Noord","VR2W-119054",52.355706,4.97029,2017-11-03 17:49:39,2017-11-03 17:49:39,1,NA,NA,NA,64875.641425,22152.58219,FALSE,23500.96196,44,2017-11-11 18:07:43,1348.37977,692284,0.00194772632330084,TRUE
"5673","A69-1602-3173",5673,"Noordzeekanaal","ARK Noord","VR2W-119054",52.355706,4.97029,2017-11-03 22:20:50,2017-11-03 22:20:50,1,NA,NA,NA,64875.641425,22152.58219,FALSE,23500.96196,44,2017-11-11 18:07:43,1348.37977,676013,0.00199460627236458,TRUE
"5674","A69-1602-3173",5674,"Noordzeekanaal","ARK Noord","VR2W-119054",52.355706,4.97029,2017-11-04 02:39:17,2017-11-04 03:03:50,2,NA,NA,NA,64875.641425,22152.58219,FALSE,23500.96196,44,2017-11-11 18:07:43,1348.37977,660506,0.00204143455169219,TRUE
"5675","A69-1602-3173",5675,"Noordzeekanaal","ARK Noord","VR2W-119054",52.355706,4.97029,2017-11-04 05:06:02,2017-11-04 05:06:02,1,NA,NA,NA,64875.641425,22152.58219,FALSE,23500.96196,44,2017-11-11 18:07:43,1348.37977,651701,0.00206901595977296,TRUE
"5676","A69-1602-3173",5676,"Noordzeekanaal","ARK Noord","VR2W-119054",52.355706,4.97029,2017-11-04 17:37:23,2017-11-04 18:36:57,2,NA,NA,NA,64875.641425,22152.58219,FALSE,23500.96196,44,2017-11-11 18:07:43,1348.37977,606620,0.00222277499917576,TRUE
"5677","A69-1602-3173",5677,"Noordzeekanaal","ARK Noord","VR2W-119054",52.355706,4.97029,2017-11-04 20:18:59,2017-11-04 20:18:59,1,NA,NA,NA,64875.641425,22152.58219,FALSE,23500.96196,44,2017-11-11 18:07:43,1348.37977,596924,0.00225888014219566,TRUE
"5678","A69-1602-3173",5678,"Noordzeekanaal","ARK Noord","VR2W-119054",52.355706,4.97029,2017-11-04 21:57:18,2017-11-04 22:44:26,11,NA,NA,NA,64875.641425,22152.58219,FALSE,23500.96196,44,2017-11-11 18:07:43,1348.37977,591025,0.00228142594644896,TRUE
"5679","A69-1602-3173",5679,"Noordzeekanaal","ARK Noord","VR2W-119054",52.355706,4.97029,2017-11-05 01:00:27,2017-11-05 01:33:07,16,NA,NA,NA,64875.641425,22152.58219,FALSE,23500.96196,44,2017-11-11 18:07:43,1348.37977,580036,0.00232464841837403,TRUE
"5680","A69-1602-3173",5680,"Noordzeekanaal","ARK Noord","VR2W-119054",52.355706,4.97029,2017-11-05 02:42:58,2017-11-05 05:14:02,26,NA,NA,NA,64875.641425,22152.58219,FALSE,23500.96196,44,2017-11-11 18:07:43,1348.37977,573885,0.00234956440750324,TRUE
"5681","A69-1602-3173",5681,"Noordzeekanaal","ARK Noord","VR2W-119054",52.355706,4.97029,2017-11-05 07:34:59,2017-11-05 08:18:35,7,NA,NA,NA,64875.641425,22152.58219,FALSE,23500.96196,44,2017-11-11 18:07:43,1348.37977,556364,0.00242355682610665,TRUE
"5682","A69-1602-3173",5682,"Noordzeekanaal","ARK Noord","VR2W-119054",52.355706,4.97029,2017-11-05 12:19:41,2017-11-05 12:46:41,5,NA,NA,NA,64875.641425,22152.58219,FALSE,23500.96196,44,2017-11-11 18:07:43,1348.37977,539282,0.00250032407905326,TRUE
"5683","A69-1602-3173",5683,"Noordzeekanaal","ARK Noord","VR2W-119054",52.355706,4.97029,2017-11-05 13:54:04,2017-11-05 13:54:39,2,NA,NA,NA,64875.641425,22152.58219,FALSE,23500.96196,44,2017-11-11 18:07:43,1348.37977,533619,0.00252685862010161,TRUE
"5684","A69-1602-3173",5684,"Noordzeekanaal","ARK Noord","VR2W-119054",52.355706,4.97029,2017-11-05 15:11:57,2017-11-05 15:16:39,6,NA,NA,NA,64875.641425,22152.58219,FALSE,23500.96196,44,2017-11-11 18:07:43,1348.37977,528946,0.00254918227947654,TRUE
"5685","A69-1602-3173",5685,"Noordzeekanaal","ARK Noord","VR2W-119054",52.355706,4.97029,2017-11-05 16:26:56,2017-11-05 16:26:56,1,NA,NA,NA,64875.641425,22152.58219,FALSE,23500.96196,44,2017-11-11 18:07:43,1348.37977,524447,0.00257105059233821,TRUE
"5686","A69-1602-3173",5686,"Noordzeekanaal","ARK Noord","VR2W-119054",52.355706,4.97029,2017-11-05 19:29:30,2017-11-05 21:03:06,6,NA,NA,NA,64875.641425,22152.58219,FALSE,23500.96196,44,2017-11-11 18:07:43,1348.37977,513493,0.00262589708136235,TRUE
"5687","A69-1602-3173",5687,"Noordzeekanaal","ARK Noord","VR2W-119054",52.355706,4.97029,2017-11-05 22:27:23,2017-11-06 02:48:17,45,NA,NA,NA,64875.641425,22152.58219,FALSE,23500.96196,44,2017-11-11 18:07:43,1348.37977,502820,0.00268163511793485,TRUE
"5688","A69-1602-3173",5688,"Noordzeekanaal","ARK Noord","VR2W-119054",52.355706,4.97029,2017-11-06 04:13:41,2017-11-06 04:13:41,1,NA,NA,NA,64875.641425,22152.58219,FALSE,23500.96196,44,2017-11-11 18:07:43,1348.37977,482042,0.00279722466092166,TRUE
"5689","A69-1602-3173",5689,"Noordzeekanaal","ARK Noord","VR2W-119054",52.355706,4.97029,2017-11-06 22:03:03,2017-11-06 22:03:03,1,NA,NA,NA,64875.641425,22152.58219,FALSE,23500.96196,44,2017-11-11 18:07:43,1348.37977,417880,0.00322671525318273,TRUE
"5690","A69-1602-3173",5690,"Noordzeekanaal","ARK Noord","VR2W-119054",52.355706,4.97029,2017-11-07 20:56:05,2017-11-07 20:56:05,1,NA,NA,NA,64875.641425,22152.58219,FALSE,23500.96196,44,2017-11-11 18:07:43,1348.37977,335498,0.00401903966640636,TRUE
"5691","A69-1602-3173",5691,"Noordzeekanaal","ARK Noord","VR2W-119054",52.355706,4.97029,2017-11-07 22:50:45,2017-11-07 22:55:03,3,NA,NA,NA,64875.641425,22152.58219,FALSE,23500.96196,44,2017-11-11 18:07:43,1348.37977,328618,0.00410318293580997,TRUE
"5692","A69-1602-3173",5692,"Noordzeekanaal","ARK Noord","VR2W-119054",52.355706,4.97029,2017-11-08 00:58:29,2017-11-08 01:42:10,2,NA,NA,NA,64875.641425,22152.58219,FALSE,23500.96196,44,2017-11-11 18:07:43,1348.37977,320954,0.00420116206683824,TRUE
"5693","A69-1602-3173",5693,"Noordzeekanaal","ARK Noord","VR2W-119054",52.355706,4.97029,2017-11-08 03:19:04,2017-11-08 03:19:04,1,NA,NA,NA,64875.641425,22152.58219,FALSE,23500.96196,44,2017-11-11 18:07:43,1348.37977,312519,0.0043145529391813,TRUE
"5694","A69-1602-3173",5694,"Noordzeekanaal","ARK Noord","VR2W-119054",52.355706,4.97029,2017-11-08 06:22:42,2017-11-08 06:27:02,3,NA,NA,NA,64875.641425,22152.58219,FALSE,23500.96196,44,2017-11-11 18:07:43,1348.37977,301501,0.00447222320987327,TRUE
"5695","A69-1602-3173",5695,"Noordzeekanaal","ARK Noord","VR2W-119054",52.355706,4.97029,2017-11-08 17:01:33,2017-11-08 17:45:01,3,NA,NA,NA,64875.641425,22152.58219,FALSE,23500.96196,44,2017-11-11 18:07:43,1348.37977,263170,0.00512360744005776,TRUE
"5696","A69-1602-3173",5696,"Noordzeekanaal","ARK Noord","VR2W-119054",52.355706,4.97029,2017-11-08 18:54:32,2017-11-08 18:54:32,1,NA,NA,NA,64875.641425,22152.58219,FALSE,23500.96196,44,2017-11-11 18:07:43,1348.37977,256391,0.00525907605961208,TRUE
"5697","A69-1602-3173",5697,"Noordzeekanaal","ARK Noord","VR2W-119054",52.355706,4.97029,2017-11-08 20:00:33,2017-11-08 22:09:39,16,NA,NA,NA,64875.641425,22152.58219,FALSE,23500.96196,44,2017-11-11 18:07:43,1348.37977,252430,0.00534159874024482,TRUE
"5698","A69-1602-3173",5698,"Noordzeekanaal","ARK Noord","VR2W-119054",52.355706,4.97029,2017-11-08 23:14:06,2017-11-09 04:41:07,69,NA,NA,NA,64875.641425,22152.58219,FALSE,23500.96196,44,2017-11-11 18:07:43,1348.37977,240817,0.0055991884709136,TRUE
"5699","A69-1602-3173",5699,"Noordzeekanaal","ARK Noord","VR2W-119054",52.355706,4.97029,2017-11-09 05:46:42,2017-11-09 06:49:08,6,NA,NA,NA,64875.641425,22152.58219,FALSE,23500.96196,44,2017-11-11 18:07:43,1348.37977,217261,0.00620626697842687,TRUE
"5700","A69-1602-3173",5700,"Noordzeekanaal","ARK Noord","VR2W-119054",52.355706,4.97029,2017-11-09 09:28:15,2017-11-09 09:28:15,1,NA,NA,NA,64875.641425,22152.58219,FALSE,23500.96196,44,2017-11-11 18:07:43,1348.37977,203968,0.00661074173399749,TRUE
"5701","A69-1602-3173",5701,"Noordzeekanaal","ARK Noord","VR2W-119054",52.355706,4.97029,2017-11-09 21:37:53,2017-11-09 21:37:53,1,NA,NA,NA,64875.641425,22152.58219,FALSE,23500.96196,44,2017-11-11 18:07:43,1348.37977,160190,0.00841737792621262,TRUE
"5702","A69-1602-3173",5702,"Noordzeekanaal","ARK Noord","VR2W-119054",52.355706,4.97029,2017-11-09 22:45:46,2017-11-09 22:45:46,1,NA,NA,NA,64875.641425,22152.58219,FALSE,23500.96196,44,2017-11-11 18:07:43,1348.37977,156117,0.00863698232735704,TRUE
"5703","A69-1602-3173",5703,"Noordzeekanaal","ARK Noord","VR2W-119054",52.355706,4.97029,2017-11-09 23:46:49,2017-11-10 06:17:48,45,NA,NA,NA,64875.641425,22152.58219,FALSE,23500.96196,44,2017-11-11 18:07:43,1348.37977,152454,0.00884450240728351,TRUE
"5704","A69-1602-3173",5704,"Noordzeekanaal","ARK Noord","VR2W-119054",52.355706,4.97029,2017-11-10 07:42:25,2017-11-10 07:46:01,4,NA,NA,NA,64875.641425,22152.58219,FALSE,23500.96196,44,2017-11-11 18:07:43,1348.37977,123918,0.0108812260527123,TRUE
"5705","A69-1602-3173",5705,"Noordzeekanaal","ARK Noord","VR2W-119054",52.355706,4.97029,2017-11-10 10:54:32,2017-11-10 10:55:21,2,NA,NA,NA,64875.641425,22152.58219,TRUE,23500.96196,44,2017-11-11 18:07:43,1348.37977,112391,0.0119972219305816,TRUE
"5706","A69-1602-3173",5706,"Noordzeekanaal","Oranjesluis","VR2W-102056",52.380016,4.955998,2017-11-11 18:07:43,2017-11-11 20:10:10,71,112342,3196.690998,0.028455,68072.332423,23500.96196,FALSE,NA,NA,NA,NA,NA,NA,TRUE
"5707","A69-1602-3173",5707,"Noordzeekanaal","Willem 2 sluis 2","VR2W-130587",52.383677,4.907053,2017-11-11 22:37:57,2017-11-11 22:39:22,3,8867,3423.861235,0.386135,71496.193658,22476.820659,FALSE,23500.96196,47,2017-11-12 06:31:11,1024.141301,28394,0.0360689336127351,TRUE
"5708","A69-1602-3173",5708,"Noordzeekanaal","Willem 2 sluis 2","VR2W-130587",52.383677,4.907053,2017-11-12 03:02:32,2017-11-12 03:50:26,51,NA,NA,NA,71496.193658,22476.820659,TRUE,23500.96196,47,2017-11-12 06:31:11,1024.141301,12519,0.081806957504593,TRUE
"5709","A69-1602-3173",5709,"Noordzeekanaal","Oranjesluis","VR2W-114163",52.382553,4.959779,2017-11-12 06:31:11,2017-11-12 06:31:11,1,9645,3423.861235,0.354988,74920.054893,23500.96196,FALSE,44380.869162,51,2017-11-15 15:23:00,20879.907202,291109,0.071725392213913,TRUE
"5710","A69-1602-3173",5710,"Noordzeekanaal","Oranjesluis","VR2W-114163",52.382553,4.959779,2017-11-12 17:38:28,2017-11-12 21:10:49,129,NA,NA,NA,74920.054893,23500.96196,FALSE,44380.869162,51,2017-11-15 15:23:00,20879.907202,251072,0.0831630257535687,TRUE
"5711","A69-1602-3173",5711,"Noordzeekanaal","Oranjesluis","VR2W-114163",52.382553,4.959779,2017-11-12 23:36:17,2017-11-13 00:02:10,7,NA,NA,NA,74920.054893,23500.96196,FALSE,NA,NA,NA,NA,NA,NA,TRUE
"5712","A69-1602-3173",5712,"Noordzeekanaal","Willem 2 sluis 2","VR2W-130587",52.383677,4.907053,2017-11-13 02:15:00,2017-11-13 02:16:23,3,7970,3423.861235,0.429594,78343.916128,22476.820659,TRUE,44380.869162,51,2017-11-15 15:23:00,21904.048503,220080,0.0995276649536532,TRUE
"5713","A69-1602-3173",5713,"Noordzeekanaal","Noordzeekanaal","VR2W-114165",52.462798,4.633995,2017-11-15 15:23:00,2017-11-15 15:49:04,55,219997,22552.500267,0.102513,100896.416395,44380.869162,TRUE,46704.860145,52,2017-11-15 15:49:20,2323.990983,1580,1.47088036898734,TRUE
"5714","A69-1602-3173",5714,"Noordzeekanaal","Middensluis NZK","VR2W-132417",52.465373,4.601803,2017-11-15 15:49:20,2017-11-15 15:49:20,1,16,2323.990983,145.249436,103220.407378,46704.860145,FALSE,NA,NA,NA,NA,NA,NA,TRUE
"5715","A69-1602-3173",5715,"Noordzeekanaal","Noordzeekanaal","VR2W-114165",52.462798,4.633995,2017-11-15 15:49:34,2017-11-15 16:04:02,6,14,2323.990983,165.999356,105544.398361,44380.869162,TRUE,45987.788161,54,2017-11-15 16:09:43,1606.91899899999,1209,1.32913068569065,TRUE
"5716","A69-1602-3173",5716,"Noordzeekanaal","Grote sluis NZK","VR2W-114178",52.467488,4.613347,2017-11-15 16:09:43,2017-11-15 18:55:52,72,341,1606.918999,4.712372,107151.31736,45987.788161,TRUE,47621.90854,56,2017-11-15 21:56:18,1634.120379,20795,0.0785823697523443,TRUE
"5717","A69-1602-3173",5717,"Noordzeekanaal","Middensluis NZK","VR2W-132417",52.465373,4.601803,2017-11-15 20:07:25,2017-11-15 21:52:22,71,4293,882.739291,0.205623,108034.056651,46704.860145,NA,NA,NA,NA,NA,NA,NA,TRUE
"5718","A69-1602-3173",5718,"Noordzeekanaal","Kleine sluis Noordzee","VR2W-132416",52.464393,4.587385,2017-11-15 21:56:18,2017-11-15 22:02:48,4,236,1082.7157,4.587778,109116.772351,47621.90854,NA,NA,NA,NA,NA,NA,NA,TRUE
"5719","A69-1602-3174",5719,"Noordzeekanaal","rel_noordzeekanaal11","none",52.220457,4.973436,2017-10-20 09:00:00,2017-10-20 10:32:39,38,NA,NA,NA,0,0,FALSE,NA,NA,NA,NA,NA,NA,FALSE
"5720","A69-1602-3174",5720,"Noordzeekanaal","Vinkeveen gemaal","VR2W-120095",52.220129,4.973093,2017-10-20 13:57:56,2017-10-20 13:57:56,1,12317,141.405031,0.01148,141.405031,-141.405031,FALSE,NA,NA,NA,NA,NA,NA,FALSE
"5721","A69-1602-3174",5721,"Noordzeekanaal","Vinkeveen gemaal","VR2W-120095",52.220129,4.973093,2017-10-20 15:36:16,2017-10-20 15:36:16,1,NA,NA,NA,141.405031,-141.405031,FALSE,NA,NA,NA,NA,NA,NA,FALSE
"5722","A69-1602-3174",5722,"Noordzeekanaal","Vinkeveen gemaal","VR2W-120095",52.220129,4.973093,2017-10-20 16:54:35,2017-10-20 17:03:45,9,NA,NA,NA,141.405031,-141.405031,NA,NA,NA,NA,NA,NA,NA,FALSE
"5723","A69-1602-3175",5723,"Noordzeekanaal","rel_noordzeekanaal10","none",52.219452,4.96083,2017-11-03 09:00:00,2017-11-03 12:44:09,129,NA,NA,NA,0,0,NA,NA,NA,NA,NA,NA,NA,FALSE
"5724","A69-1602-3175",5724,"Noordzeekanaal","Vinkeveen gemaal","VR2W-120095",52.220129,4.973093,2017-11-03 16:49:57,2017-11-03 18:09:37,15,14748,841.322464,0.057047,841.322464,841.322464,FALSE,NA,NA,NA,NA,NA,NA,FALSE
"5725","A69-1602-3175",5725,"Noordzeekanaal","Vinkeveen gemaal","VR2W-120095",52.220129,4.973093,2017-11-20 22:37:11,2017-11-20 22:37:11,1,NA,NA,NA,841.322464,841.322464,FALSE,NA,NA,NA,NA,NA,NA,FALSE
"5726","A69-1602-3175",5726,"Noordzeekanaal","Vinkeveen gemaal","VR2W-120095",52.220129,4.973093,2017-12-31 20:23:21,2017-12-31 22:12:37,25,NA,NA,NA,841.322464,841.322464,FALSE,NA,NA,NA,NA,NA,NA,FALSE
"5727","A69-1602-3175",5727,"Noordzeekanaal","Vinkeveen gemaal","VR2W-120095",52.220129,4.973093,2018-01-03 20:17:04,2018-01-03 21:18:37,42,NA,NA,NA,841.322464,841.322464,NA,NA,NA,NA,NA,NA,NA,FALSE
"5728","A69-1602-3176",5728,"Noordzeekanaal","rel_noordzeekanaal10","none",52.219452,4.96083,2017-11-03 09:00:00,2017-11-03 09:00:00,1,NA,NA,NA,0,0,NA,NA,NA,NA,NA,NA,NA,FALSE
"5729","A69-1602-3176",5729,"Noordzeekanaal","Vinkeveen gemaal","VR2W-120095",52.220129,4.973093,2017-11-03 16:37:44,2017-11-03 16:48:40,5,27464,841.322464,0.030634,841.322464,841.322464,FALSE,NA,NA,NA,NA,NA,NA,FALSE
"5730","A69-1602-3176",5730,"Noordzeekanaal","Vinkeveen gemaal","VR2W-120095",52.220129,4.973093,2017-11-03 20:32:38,2017-11-03 20:32:38,1,NA,NA,NA,841.322464,841.322464,NA,NA,NA,NA,NA,NA,NA,FALSE
"5731","A69-1602-3177",5731,"Noordzeekanaal","rel_noordzeekanaal10","none",52.219452,4.96083,2017-11-03 09:00:00,2017-11-03 10:27:58,35,NA,NA,NA,0,0,NA,NA,NA,NA,NA,NA,NA,FALSE
"5732","A69-1602-3177",5732,"Noordzeekanaal","Vinkeveen gemaal","VR2W-120095",52.220129,4.973093,2017-11-05 22:04:58,2017-11-05 22:30:07,8,214620,841.322464,0.00392,841.322464,841.322464,FALSE,NA,NA,NA,NA,NA,NA,FALSE
"5733","A69-1602-3177",5733,"Noordzeekanaal","Vinkeveen gemaal","VR2W-120095",52.220129,4.973093,2017-11-06 21:56:49,2017-11-06 23:03:32,14,NA,NA,NA,841.322464,841.322464,FALSE,NA,NA,NA,NA,NA,NA,FALSE
"5734","A69-1602-3177",5734,"Noordzeekanaal","Vinkeveen gemaal","VR2W-120095",52.220129,4.973093,2017-11-07 00:45:16,2017-11-07 02:39:17,18,NA,NA,NA,841.322464,841.322464,FALSE,NA,NA,NA,NA,NA,NA,FALSE
"5735","A69-1602-3177",5735,"Noordzeekanaal","Vinkeveen gemaal","VR2W-120095",52.220129,4.973093,2017-11-07 04:28:23,2017-11-07 04:40:47,2,NA,NA,NA,841.322464,841.322464,FALSE,NA,NA,NA,NA,NA,NA,FALSE
"5736","A69-1602-3177",5736,"Noordzeekanaal","Vinkeveen gemaal","VR2W-120095",52.220129,4.973093,2017-11-10 04:15:14,2017-11-10 04:15:14,1,NA,NA,NA,841.322464,841.322464,NA,NA,NA,NA,NA,NA,NA,FALSE
"5737","A69-1602-3178",5737,"Noordzeekanaal","rel_noordzeekanaal10","none",52.219452,4.96083,2017-11-03 09:00:00,2017-11-03 10:11:16,64,NA,NA,NA,0,0,NA,NA,NA,NA,NA,NA,NA,FALSE
"5738","A69-1602-3178",5738,"Noordzeekanaal","Vinkeveen gemaal","VR2W-120095",52.220129,4.973093,2017-11-04 04:10:23,2017-11-04 05:05:35,15,64747,841.322464,0.012994,841.322464,841.322464,FALSE,NA,NA,NA,NA,NA,NA,FALSE
"5739","A69-1602-3178",5739,"Noordzeekanaal","Vinkeveen gemaal","VR2W-120095",52.220129,4.973093,2017-11-04 09:54:18,2017-11-04 17:27:53,130,NA,NA,NA,841.322464,841.322464,FALSE,NA,NA,NA,NA,NA,NA,FALSE
"5740","A69-1602-3178",5740,"Noordzeekanaal","Vinkeveen gemaal","VR2W-120095",52.220129,4.973093,2017-11-04 21:26:29,2017-11-04 22:51:56,39,NA,NA,NA,841.322464,841.322464,FALSE,NA,NA,NA,NA,NA,NA,FALSE
"5741","A69-1602-3178",5741,"Noordzeekanaal","Vinkeveen gemaal","VR2W-120095",52.220129,4.973093,2017-11-04 23:59:24,2017-11-05 00:01:13,2,NA,NA,NA,841.322464,841.322464,FALSE,NA,NA,NA,NA,NA,NA,FALSE
"5742","A69-1602-3178",5742,"Noordzeekanaal","Vinkeveen gemaal","VR2W-120095",52.220129,4.973093,2017-11-05 02:39:13,2017-11-05 03:30:48,29,NA,NA,NA,841.322464,841.322464,FALSE,NA,NA,NA,NA,NA,NA,FALSE
"5743","A69-1602-3178",5743,"Noordzeekanaal","Vinkeveen gemaal","VR2W-120095",52.220129,4.973093,2017-11-05 05:43:18,2017-11-05 06:03:06,3,NA,NA,NA,841.322464,841.322464,FALSE,NA,NA,NA,NA,NA,NA,FALSE
"5744","A69-1602-3178",5744,"Noordzeekanaal","Vinkeveen gemaal","VR2W-120095",52.220129,4.973093,2017-11-05 09:13:52,2017-11-05 09:41:06,23,NA,NA,NA,841.322464,841.322464,FALSE,NA,NA,NA,NA,NA,NA,FALSE
"5745","A69-1602-3178",5745,"Noordzeekanaal","Vinkeveen gemaal","VR2W-120095",52.220129,4.973093,2017-11-05 11:08:56,2017-11-05 11:30:34,15,NA,NA,NA,841.322464,841.322464,FALSE,NA,NA,NA,NA,NA,NA,FALSE
"5746","A69-1602-3178",5746,"Noordzeekanaal","Vinkeveen gemaal","VR2W-120095",52.220129,4.973093,2017-11-05 16:52:46,2017-11-05 17:37:42,13,NA,NA,NA,841.322464,841.322464,FALSE,NA,NA,NA,NA,NA,NA,FALSE
"5747","A69-1602-3178",5747,"Noordzeekanaal","Vinkeveen gemaal","VR2W-120095",52.220129,4.973093,2017-11-05 21:11:40,2017-11-05 21:11:40,1,NA,NA,NA,841.322464,841.322464,FALSE,NA,NA,NA,NA,NA,NA,FALSE
"5748","A69-1602-3178",5748,"Noordzeekanaal","Vinkeveen gemaal","VR2W-120095",52.220129,4.973093,2017-11-23 20:42:54,2017-11-24 04:15:34,327,NA,NA,NA,841.322464,841.322464,FALSE,NA,NA,NA,NA,NA,NA,FALSE
"5749","A69-1602-3178",5749,"Noordzeekanaal","Vinkeveen gemaal","VR2W-120095",52.220129,4.973093,2017-11-25 18:50:35,2017-11-25 18:50:35,1,NA,NA,NA,841.322464,841.322464,FALSE,NA,NA,NA,NA,NA,NA,FALSE
"5750","A69-1602-3178",5750,"Noordzeekanaal","Vinkeveen gemaal","VR2W-120095",52.220129,4.973093,2018-02-01 22:05:16,2018-02-01 22:12:04,7,NA,NA,NA,841.322464,841.322464,FALSE,NA,NA,NA,NA,NA,NA,FALSE
"5751","A69-1602-3178",5751,"Noordzeekanaal","Vinkeveen gemaal","VR2W-120095",52.220129,4.973093,2018-03-14 18:58:53,2018-03-14 19:30:06,5,NA,NA,NA,841.322464,841.322464,FALSE,NA,NA,NA,NA,NA,NA,FALSE
"5752","A69-1602-3178",5752,"Noordzeekanaal","Vinkeveen gemaal","VR2W-120095",52.220129,4.973093,2018-03-14 20:33:52,2018-03-14 21:15:44,7,NA,NA,NA,841.322464,841.322464,NA,NA,NA,NA,NA,NA,NA,FALSE
"5753","A69-1602-3179",5753,"Noordzeekanaal","rel_noordzeekanaal11","none",52.220457,4.973436,2017-11-03 09:00:00,2017-11-03 09:00:00,1,NA,NA,NA,0,0,FALSE,NA,NA,NA,NA,NA,NA,FALSE
"5754","A69-1602-3179",5754,"Noordzeekanaal","ARK Zuid","VR2W-119060",52.185058,4.996343,2017-11-18 01:49:28,2017-11-18 03:01:47,51,1270168,43514.111807,0.034259,43514.111807,-43514.111807,FALSE,22152.58219,5,2017-11-19 19:19:44,65666.693997,149416,0.439489037298549,FALSE
"5755","A69-1602-3179",5755,"Noordzeekanaal","ARK Zuid","VR2W-119060",52.185058,4.996343,2017-11-18 05:05:36,2017-11-18 05:24:55,6,NA,NA,NA,43514.111807,-43514.111807,FALSE,22152.58219,5,2017-11-19 19:19:44,65666.693997,137648,0.477062463653667,FALSE
"5756","A69-1602-3179",5756,"Noordzeekanaal","ARK Zuid","VR2W-119060",52.185058,4.996343,2017-11-18 08:06:57,2017-11-18 09:24:07,71,NA,NA,NA,43514.111807,-43514.111807,TRUE,22152.58219,5,2017-11-19 19:19:44,65666.693997,126767,0.518010949198135,TRUE
"5757","A69-1602-3179",5757,"Noordzeekanaal","ARK Noord","VR2W-119054",52.355706,4.97029,2017-11-19 19:19:44,2017-11-19 20:24:21,65,122137,21361.529618,0.174898,64875.641425,22152.58219,TRUE,23500.96196,6,2017-11-20 01:25:45,1348.37977,21961,0.0613988329311051,TRUE
"5758","A69-1602-3179",5758,"Noordzeekanaal","Oranjesluis","VR2W-102056",52.380016,4.955998,2017-11-20 01:25:45,2017-11-20 02:03:12,7,18084,3196.690998,0.176769,68072.332423,23500.96196,FALSE,NA,NA,NA,NA,NA,NA,TRUE
"5759","A69-1602-3179",5759,"Noordzeekanaal","Willem 2 sluis 2","VR2W-130587",52.383677,4.907053,2017-11-20 12:07:47,2017-11-20 12:14:05,2,36275,3423.861235,0.094386,71496.193658,22476.820659,NA,NA,NA,NA,NA,NA,NA,TRUE
"5760","A69-1602-3180",5760,"Noordzeekanaal","rel_noordzeekanaal11","none",52.220457,4.973436,2017-11-03 09:00:00,2017-11-03 09:00:00,1,NA,NA,NA,0,0,TRUE,22152.58219,2,2017-11-07 19:22:21,22152.58219,382941,0.0578485515784416,TRUE
"5761","A69-1602-3180",5761,"Noordzeekanaal","ARK Noord","VR2W-119054",52.355706,4.97029,2017-11-07 19:22:21,2017-11-07 20:04:48,30,382941,22152.58219,0.057849,22152.58219,22152.58219,TRUE,23500.96196,3,2017-11-08 21:42:16,1348.37977,94795,0.0142241655150588,TRUE
"5762","A69-1602-3180",5762,"Noordzeekanaal","Oranjesluis","VR2W-102056",52.380016,4.955998,2017-11-08 21:42:16,2017-11-09 00:57:17,17,92248,3196.690998,0.034653,25349.273188,23500.96196,FALSE,44380.869162,21,2017-12-10 05:11:33,20879.907202,2705357,0.00771798590795965,TRUE
"5763","A69-1602-3180",5763,"Noordzeekanaal","Oranjesluis","VR2W-102056",52.380016,4.955998,2017-11-09 02:13:55,2017-11-09 03:34:16,5,NA,NA,NA,25349.273188,23500.96196,FALSE,44380.869162,21,2017-12-10 05:11:33,20879.907202,2689058,0.00776476639849345,TRUE
"5764","A69-1602-3180",5764,"Noordzeekanaal","Oranjesluis","VR2W-102056",52.380016,4.955998,2017-11-10 00:22:23,2017-11-10 00:22:23,1,NA,NA,NA,25349.273188,23500.96196,FALSE,44380.869162,21,2017-12-10 05:11:33,20879.907202,2609350,0.00800195726981815,TRUE
"5765","A69-1602-3180",5765,"Noordzeekanaal","Oranjesluis","VR2W-102056",52.380016,4.955998,2017-11-14 16:36:25,2017-11-14 16:36:25,1,NA,NA,NA,25349.273188,23500.96196,FALSE,44380.869162,21,2017-12-10 05:11:33,20879.907202,2205308,0.00946802315232158,TRUE
"5766","A69-1602-3180",5766,"Noordzeekanaal","Oranjesluis","VR2W-102056",52.380016,4.955998,2017-11-16 03:24:14,2017-11-16 04:04:39,4,NA,NA,NA,25349.273188,23500.96196,FALSE,44380.869162,21,2017-12-10 05:11:33,20879.907202,2080039,0.0100382287072502,TRUE
"5767","A69-1602-3180",5767,"Noordzeekanaal","Oranjesluis","VR2W-102056",52.380016,4.955998,2017-11-16 20:16:59,2017-11-16 20:54:17,8,NA,NA,NA,25349.273188,23500.96196,FALSE,44380.869162,21,2017-12-10 05:11:33,20879.907202,2019274,0.01034030409048,TRUE
"5768","A69-1602-3180",5768,"Noordzeekanaal","Oranjesluis","VR2W-102056",52.380016,4.955998,2017-11-18 20:11:26,2017-11-18 20:11:26,1,NA,NA,NA,25349.273188,23500.96196,FALSE,44380.869162,21,2017-12-10 05:11:33,20879.907202,1846807,0.0113059497835995,TRUE
"5769","A69-1602-3180",5769,"Noordzeekanaal","Oranjesluis","VR2W-102056",52.380016,4.955998,2017-11-18 22:59:56,2017-11-18 23:15:33,2,NA,NA,NA,25349.273188,23500.96196,FALSE,44380.869162,21,2017-12-10 05:11:33,20879.907202,1836697,0.0113681827770177,TRUE
"5770","A69-1602-3180",5770,"Noordzeekanaal","Oranjesluis","VR2W-102056",52.380016,4.955998,2017-11-28 16:56:05,2017-11-28 19:41:08,129,NA,NA,NA,25349.273188,23500.96196,FALSE,44380.869162,21,2017-12-10 05:11:33,20879.907202,994528,0.0209947906966923,TRUE
"5771","A69-1602-3180",5771,"Noordzeekanaal","Oranjesluis","VR2W-114163",52.382553,4.959779,2017-11-29 02:27:28,2017-11-29 02:50:46,2,NA,NA,NA,25349.273188,23500.96196,FALSE,44380.869162,21,2017-12-10 05:11:33,20879.907202,960245,0.0217443539950742,TRUE
"5772","A69-1602-3180",5772,"Noordzeekanaal","Oranjesluis","VR2W-102054",52.38201,4.958877,2017-11-29 03:57:51,2017-11-29 04:19:37,5,NA,NA,NA,25349.273188,23500.96196,FALSE,44380.869162,21,2017-12-10 05:11:33,20879.907202,954822,0.0218678530679017,TRUE
"5773","A69-1602-3180",5773,"Noordzeekanaal","Oranjesluis","VR2W-102054",52.38201,4.958877,2017-11-29 07:09:13,2017-11-29 08:09:59,4,NA,NA,NA,25349.273188,23500.96196,FALSE,44380.869162,21,2017-12-10 05:11:33,20879.907202,943340,0.022134020821761,TRUE
"5774","A69-1602-3180",5774,"Noordzeekanaal","Oranjesluis","VR2W-102054",52.38201,4.958877,2017-11-29 16:09:29,2017-11-29 19:34:37,230,NA,NA,NA,25349.273188,23500.96196,FALSE,44380.869162,21,2017-12-10 05:11:33,20879.907202,910924,0.0229216786493714,TRUE
"5775","A69-1602-3180",5775,"Noordzeekanaal","Oranjesluis","VR2W-102056",52.380016,4.955998,2017-11-29 22:50:48,2017-11-29 22:50:48,1,NA,NA,NA,25349.273188,23500.96196,FALSE,44380.869162,21,2017-12-10 05:11:33,20879.907202,886845,0.0235440321612007,TRUE
"5776","A69-1602-3180",5776,"Noordzeekanaal","Oranjesluis","VR2W-102056",52.380016,4.955998,2017-11-30 00:15:38,2017-11-30 01:08:49,3,NA,NA,NA,25349.273188,23500.96196,FALSE,44380.869162,21,2017-12-10 05:11:33,20879.907202,881755,0.0236799419362521,TRUE
"5777","A69-1602-3180",5777,"Noordzeekanaal","Oranjesluis","VR2W-102056",52.380016,4.955998,2017-11-30 02:52:13,2017-11-30 06:21:23,14,NA,NA,NA,25349.273188,23500.96196,FALSE,44380.869162,21,2017-12-10 05:11:33,20879.907202,872360,0.0239349663006098,TRUE
"5778","A69-1602-3180",5778,"Noordzeekanaal","Oranjesluis","VR2W-102056",52.380016,4.955998,2017-12-02 00:03:28,2017-12-02 00:25:23,8,NA,NA,NA,25349.273188,23500.96196,FALSE,NA,NA,NA,NA,NA,NA,TRUE
"5779","A69-1602-3180",5779,"Noordzeekanaal","Willem 2 sluis 2","VR2W-130587",52.383677,4.907053,2017-12-02 01:39:06,2017-12-02 01:40:34,3,4423,3423.861235,0.774104,28773.134423,22476.820659,TRUE,44380.869162,21,2017-12-10 05:11:33,21904.048503,703947,0.0311160478033147,TRUE
"5780","A69-1602-3180",5780,"Noordzeekanaal","Noordzeekanaal","VR2W-114165",52.462798,4.633995,2017-12-10 05:11:33,2017-12-10 05:41:53,42,703859,22552.500267,0.032041,51325.63469,44380.869162,TRUE,45987.788161,22,2017-12-10 06:07:29,1606.91899899999,3356,0.478819725566148,TRUE
"5781","A69-1602-3180",5781,"Noordzeekanaal","Grote sluis NZK","VR2W-114178",52.467488,4.613347,2017-12-10 06:07:29,2017-12-10 07:46:48,91,1536,1606.918999,1.046171,52932.553689,45987.788161,FALSE,47621.90854,58,2017-12-11 21:38:33,1634.120379,142264,0.0114865347452623,TRUE
"5782","A69-1602-3180",5782,"Noordzeekanaal","Grote sluis NZK","VR2W-114178",52.467488,4.613347,2017-12-10 14:50:05,2017-12-10 15:02:25,3,NA,NA,NA,52932.553689,45987.788161,FALSE,47621.90854,58,2017-12-11 21:38:33,1634.120379,110908,0.0147340171944314,TRUE
"5783","A69-1602-3180",5783,"Noordzeekanaal","Grote sluis NZK","VR2W-114178",52.467488,4.613347,2017-12-10 23:24:07,2017-12-10 23:43:31,18,NA,NA,NA,52932.553689,45987.788161,FALSE,NA,NA,NA,NA,NA,NA,TRUE
"5784","A69-1602-3180",5784,"Noordzeekanaal","Noordzeekanaal","VR2W-114165",52.462798,4.633995,2017-12-10 23:44:08,2017-12-10 23:44:08,1,37,1606.918999,43.430243,54539.472688,44380.869162,TRUE,45987.788161,26,2017-12-10 23:44:23,1606.91899899999,15,107.127933266666,TRUE
"5785","A69-1602-3180",5785,"Noordzeekanaal","Grote sluis NZK","VR2W-114178",52.467488,4.613347,2017-12-10 23:44:23,2017-12-10 23:57:34,13,15,1606.918999,107.127933,56146.391687,45987.788161,FALSE,NA,NA,NA,NA,NA,NA,TRUE
"5786","A69-1602-3180",5786,"Noordzeekanaal","Noordzeekanaal","VR2W-114165",52.462798,4.633995,2017-12-10 23:57:51,2017-12-10 23:57:51,1,17,1606.918999,94.524647,57753.310686,44380.869162,TRUE,45987.788161,28,2017-12-10 23:58:52,1606.91899899999,61,26.342934409836,TRUE
"5787","A69-1602-3180",5787,"Noordzeekanaal","Grote sluis NZK","VR2W-114178",52.467488,4.613347,2017-12-10 23:58:52,2017-12-11 00:26:27,29,61,1606.918999,26.342934,59360.229685,45987.788161,FALSE,NA,NA,NA,NA,NA,NA,TRUE
"5788","A69-1602-3180",5788,"Noordzeekanaal","Noordzeekanaal","VR2W-114165",52.462798,4.633995,2017-12-11 00:27:14,2017-12-11 00:27:14,1,47,1606.918999,34.189766,60967.148684,44380.869162,TRUE,45987.788161,30,2017-12-11 00:29:43,1606.91899899999,149,10.7846912684563,TRUE
"5789","A69-1602-3180",5789,"Noordzeekanaal","Grote sluis NZK","VR2W-114178",52.467488,4.613347,2017-12-11 00:29:43,2017-12-11 00:43:59,18,149,1606.918999,10.784691,62574.067683,45987.788161,FALSE,NA,NA,NA,NA,NA,NA,TRUE
"5790","A69-1602-3180",5790,"Noordzeekanaal","Noordzeekanaal","VR2W-114165",52.462798,4.633995,2017-12-11 00:44:12,2017-12-11 00:44:12,1,13,1606.918999,123.609154,64180.986682,44380.869162,TRUE,45987.788161,32,2017-12-11 00:44:34,1606.91899899999,22,73.0417726818179,TRUE
"5791","A69-1602-3180",5791,"Noordzeekanaal","Grote sluis NZK","VR2W-114178",52.467488,4.613347,2017-12-11 00:44:34,2017-12-11 00:58:43,4,22,1606.918999,73.041773,65787.905681,45987.788161,FALSE,NA,NA,NA,NA,NA,NA,TRUE
"5792","A69-1602-3180",5792,"Noordzeekanaal","Noordzeekanaal","VR2W-114164",52.465232,4.633992,2017-12-11 01:05:23,2017-12-11 01:07:00,2,400,1606.918999,4.017297,67394.82468,44380.869162,TRUE,45987.788161,34,2017-12-11 01:13:35,1606.91899899999,492,3.26609552642275,TRUE
"5793","A69-1602-3180",5793,"Noordzeekanaal","Grote sluis NZK","VR2W-114178",52.467488,4.613347,2017-12-11 01:13:35,2017-12-11 01:37:25,29,395,1606.918999,4.068149,69001.743679,45987.788161,FALSE,NA,NA,NA,NA,NA,NA,TRUE
"5794","A69-1602-3180",5794,"Noordzeekanaal","Noordzeekanaal","VR2W-114165",52.462798,4.633995,2017-12-11 01:38:51,2017-12-11 01:38:51,1,86,1606.918999,18.685105,70608.662678,44380.869162,TRUE,45987.788161,36,2017-12-11 01:39:00,1606.91899899999,9,178.546555444444,TRUE
"5795","A69-1602-3180",5795,"Noordzeekanaal","Grote sluis NZK","VR2W-114178",52.467488,4.613347,2017-12-11 01:39:00,2017-12-11 01:44:01,5,9,1606.918999,178.546555,72215.581677,45987.788161,FALSE,NA,NA,NA,NA,NA,NA,TRUE
"5796","A69-1602-3180",5796,"Noordzeekanaal","Noordzeekanaal","VR2W-114165",52.462798,4.633995,2017-12-11 01:44:29,2017-12-11 01:44:29,1,28,1606.918999,57.389964,73822.500676,44380.869162,TRUE,45987.788161,38,2017-12-11 01:45:18,1606.91899899999,49,32.7942652857142,TRUE
"5797","A69-1602-3180",5797,"Noordzeekanaal","Grote sluis NZK","VR2W-114178",52.467488,4.613347,2017-12-11 01:45:18,2017-12-11 03:45:30,93,49,1606.918999,32.794265,75429.419675,45987.788161,FALSE,NA,NA,NA,NA,NA,NA,TRUE
"5798","A69-1602-3180",5798,"Noordzeekanaal","Noordzeekanaal","VR2W-114164",52.465232,4.633992,2017-12-11 03:45:40,2017-12-11 03:45:40,1,10,1606.918999,160.6919,77036.338674,44380.869162,TRUE,46704.860145,40,2017-12-11 03:46:53,2323.990983,73,31.8354929178082,TRUE
"5799","A69-1602-3180",5799,"Noordzeekanaal","Middensluis NZK","VR2W-132417",52.465373,4.601803,2017-12-11 03:46:53,2017-12-11 04:05:10,9,73,2323.990983,31.835493,79360.329657,46704.860145,FALSE,NA,NA,NA,NA,NA,NA,TRUE
"5800","A69-1602-3180",5800,"Noordzeekanaal","Noordzeekanaal","VR2W-114165",52.462798,4.633995,2017-12-11 04:07:36,2017-12-11 04:09:56,2,146,2323.990983,15.917746,81684.32064,44380.869162,TRUE,45987.788161,42,2017-12-11 04:12:54,1606.91899899999,318,5.05320439937105,TRUE
"5801","A69-1602-3180",5801,"Noordzeekanaal","Grote sluis NZK","VR2W-114178",52.467488,4.613347,2017-12-11 04:12:54,2017-12-11 04:36:30,17,178,1606.918999,9.027635,83291.239639,45987.788161,FALSE,NA,NA,NA,NA,NA,NA,TRUE
"5802","A69-1602-3180",5802,"Noordzeekanaal","Noordzeekanaal","VR2W-114164",52.465232,4.633992,2017-12-11 04:36:52,2017-12-11 04:36:52,1,22,1606.918999,73.041773,84898.158638,44380.869162,TRUE,46704.860145,44,2017-12-11 04:37:13,2323.990983,21,110.666237285714,TRUE
"5803","A69-1602-3180",5803,"Noordzeekanaal","Middensluis NZK","VR2W-132417",52.465373,4.601803,2017-12-11 04:37:13,2017-12-11 04:38:05,2,21,2323.990983,110.666237,87222.149621,46704.860145,FALSE,NA,NA,NA,NA,NA,NA,TRUE
"5804","A69-1602-3180",5804,"Noordzeekanaal","Noordzeekanaal","VR2W-114164",52.465232,4.633992,2017-12-11 04:38:30,2017-12-11 04:38:30,1,25,2323.990983,92.959639,89546.140604,44380.869162,TRUE,46704.860145,46,2017-12-11 04:38:55,2323.990983,25,92.9596393199998,TRUE
"5805","A69-1602-3180",5805,"Noordzeekanaal","Middensluis NZK","VR2W-132417",52.465373,4.601803,2017-12-11 04:38:55,2017-12-11 04:53:29,19,25,2323.990983,92.959639,91870.131587,46704.860145,FALSE,NA,NA,NA,NA,NA,NA,TRUE
"5806","A69-1602-3180",5806,"Noordzeekanaal","Noordzeekanaal","VR2W-114164",52.465232,4.633992,2017-12-11 04:53:39,2017-12-11 04:53:39,1,10,2323.990983,232.399098,94194.12257,44380.869162,TRUE,46704.860145,48,2017-12-11 04:54:14,2323.990983,35,66.3997423714285,TRUE
"5807","A69-1602-3180",5807,"Noordzeekanaal","Middensluis NZK","VR2W-132417",52.465373,4.601803,2017-12-11 04:54:14,2017-12-11 05:25:01,31,35,2323.990983,66.399742,96518.113553,46704.860145,FALSE,NA,NA,NA,NA,NA,NA,TRUE
"5808","A69-1602-3180",5808,"Noordzeekanaal","Noordzeekanaal","VR2W-114164",52.465232,4.633992,2017-12-11 05:25:48,2017-12-11 05:25:48,1,47,2323.990983,49.446617,98842.104536,44380.869162,TRUE,46704.860145,50,2017-12-11 05:27:38,2323.990983,110,21.1271907545454,TRUE
"5809","A69-1602-3180",5809,"Noordzeekanaal","Middensluis NZK","VR2W-132417",52.465373,4.601803,2017-12-11 05:27:38,2017-12-11 05:47:00,3,110,2323.990983,21.127191,101166.095519,46704.860145,FALSE,NA,NA,NA,NA,NA,NA,TRUE
"5810","A69-1602-3180",5810,"Noordzeekanaal","Noordzeekanaal","VR2W-114164",52.465232,4.633992,2017-12-11 05:47:25,2017-12-11 05:47:25,1,25,2323.990983,92.959639,103490.086502,44380.869162,TRUE,45987.788161,52,2017-12-11 05:50:07,1606.91899899999,162,9.91925308024688,TRUE
"5811","A69-1602-3180",5811,"Noordzeekanaal","Grote sluis NZK","VR2W-114178",52.467488,4.613347,2017-12-11 05:50:07,2017-12-11 05:53:20,3,162,1606.918999,9.919253,105097.005501,45987.788161,FALSE,NA,NA,NA,NA,NA,NA,TRUE
"5812","A69-1602-3180",5812,"Noordzeekanaal","Noordzeekanaal","VR2W-114164",52.465232,4.633992,2017-12-11 05:58:38,2017-12-11 05:59:21,3,318,1606.918999,5.053204,106703.9245,44380.869162,TRUE,45987.788161,54,2017-12-11 06:03:38,1606.91899899999,300,5.35639666333331,TRUE
"5813","A69-1602-3180",5813,"Noordzeekanaal","Grote sluis NZK","VR2W-114178",52.467488,4.613347,2017-12-11 06:03:38,2017-12-11 06:10:52,3,257,1606.918999,6.252603,108310.843499,45987.788161,FALSE,NA,NA,NA,NA,NA,NA,TRUE
"5814","A69-1602-3180",5814,"Noordzeekanaal","Noordzeekanaal","VR2W-114165",52.462798,4.633995,2017-12-11 06:13:45,2017-12-11 06:15:36,2,173,1606.918999,9.288549,109917.762498,44380.869162,TRUE,45987.788161,56,2017-12-11 06:19:17,1606.91899899999,332,4.84011746686745,TRUE
"5815","A69-1602-3180",5815,"Noordzeekanaal","Grote sluis NZK","VR2W-114178",52.467488,4.613347,2017-12-11 06:19:17,2017-12-11 11:03:27,162,221,1606.918999,7.271127,111524.681497,45987.788161,TRUE,47621.90854,58,2017-12-11 21:38:33,1634.120379,55156,0.0296272459750526,TRUE
"5816","A69-1602-3180",5816,"Noordzeekanaal","Middensluis NZK","VR2W-132417",52.465373,4.601803,2017-12-11 16:11:08,2017-12-11 21:14:45,205,18461,882.739291,0.047816,112407.420788,46704.860145,NA,NA,NA,NA,NA,NA,NA,TRUE
"5817","A69-1602-3180",5817,"Noordzeekanaal","Kleine sluis Noordzee","VR2W-132413",52.463762,4.587267,2017-12-11 21:38:33,2017-12-11 21:56:30,25,1428,1082.7157,0.758204,113490.136488,47621.90854,NA,NA,NA,NA,NA,NA,NA,TRUE
"5818","A69-1602-3181",5818,"Noordzeekanaal","rel_noordzeekanaal11","none",52.220457,4.973436,2017-11-03 09:00:00,2017-11-03 09:00:00,1,NA,NA,NA,0,0,FALSE,NA,NA,NA,NA,NA,NA,FALSE
"5819","A69-1602-3181",5819,"Noordzeekanaal","ARK Zuid","VR2W-119060",52.185058,4.996343,2017-11-10 18:27:27,2017-11-10 19:03:51,32,638847,43514.111807,0.068114,43514.111807,-43514.111807,FALSE,22152.58219,4,2017-11-11 19:41:09,65666.693997,90822,0.723026293155843,FALSE
"5820","A69-1602-3181",5820,"Noordzeekanaal","ARK Zuid","VR2W-119060",52.185058,4.996343,2017-11-11 09:27:10,2017-11-11 09:59:48,16,NA,NA,NA,43514.111807,-43514.111807,TRUE,22152.58219,4,2017-11-11 19:41:09,65666.693997,36839,1.78253193618176,TRUE
"5821","A69-1602-3181",5821,"Noordzeekanaal","ARK Noord","VR2W-119054",52.355706,4.97029,2017-11-11 19:41:09,2017-11-11 20:10:22,36,34881,21361.529618,0.612412,64875.641425,22152.58219,TRUE,23500.96196,5,2017-11-11 21:43:55,1348.37977,7366,0.183054543850122,TRUE
"5822","A69-1602-3181",5822,"Noordzeekanaal","Oranjesluis","VR2W-102056",52.380016,4.955998,2017-11-11 21:43:55,2017-11-11 21:47:41,6,5613,3196.690998,0.569516,68072.332423,23500.96196,FALSE,44380.869162,6,2017-12-07 06:09:45,20879.907202,2190350,0.00953268071404114,TRUE
"5823","A69-1602-3181",5823,"Noordzeekanaal","Noordzeekanaal","VR2W-114165",52.462798,4.633995,2017-12-07 06:09:45,2017-12-07 13:10:04,159,2190124,25893.527849,0.011823,93965.860272,44380.869162,FALSE,45987.788161,8,2017-12-07 16:31:50,1606.91899899999,37325,0.0430520830274613,TRUE
"5824","A69-1602-3181",5824,"Noordzeekanaal","Noordzeekanaal","VR2W-114165",52.462798,4.633995,2017-12-07 14:11:20,2017-12-07 16:02:05,95,NA,NA,NA,93965.860272,44380.869162,TRUE,45987.788161,8,2017-12-07 16:31:50,1606.91899899999,8430,0.190619098339264,TRUE
"5825","A69-1602-3181",5825,"Noordzeekanaal","Grote sluis NZK","VR2W-114178",52.467488,4.613347,2017-12-07 16:31:50,2017-12-07 17:20:40,31,1785,1606.918999,0.900235,95572.779271,45987.788161,FALSE,NA,NA,NA,NA,NA,NA,TRUE
"5826","A69-1602-3181",5826,"Noordzeekanaal","Noordzeekanaal","VR2W-114165",52.462798,4.633995,2017-12-07 17:31:55,2017-12-07 18:23:35,73,675,1606.918999,2.380621,97179.69827,44380.869162,TRUE,45987.788161,10,2017-12-07 18:32:42,1606.91899899999,3647,0.440613928982724,TRUE
"5827","A69-1602-3181",5827,"Noordzeekanaal","Grote sluis NZK","VR2W-114178",52.467488,4.613347,2017-12-07 18:32:42,2017-12-07 18:32:42,1,547,1606.918999,2.937695,98786.617269,45987.788161,NA,NA,NA,NA,NA,NA,NA,TRUE
"5828","A69-1602-3181",5828,"Noordzeekanaal","Spuisluis NZK","VR2W-114167",52.470646,4.607811,2017-12-07 21:31:47,2017-12-07 21:31:47,1,10745,565.620125,0.05264,99352.237394,46553.408286,FALSE,NA,NA,NA,NA,NA,NA,TRUE
"5829","A69-1602-3181",5829,"Noordzeekanaal","Spuisluis NZK","VR2W-114167",52.470646,4.607811,2017-12-08 00:22:44,2017-12-08 00:23:28,2,NA,NA,NA,99352.237394,46553.408286,FALSE,NA,NA,NA,NA,NA,NA,TRUE
"5830","A69-1602-3181",5830,"Noordzeekanaal","Spuisluis NZK","VR2W-114167",52.470646,4.607811,2017-12-08 01:24:05,2017-12-08 02:30:32,8,NA,NA,NA,99352.237394,46553.408286,FALSE,NA,NA,NA,NA,NA,NA,TRUE
"5831","A69-1602-3181",5831,"Noordzeekanaal","Noordzeekanaal","VR2W-114165",52.462798,4.633995,2017-12-08 04:28:53,2017-12-08 04:28:53,1,7101,2172.539123,0.305948,101524.776517,44380.869162,TRUE,45987.788161,15,2017-12-08 05:25:37,1606.91899899999,3404,0.472067861045827,TRUE
"5832","A69-1602-3181",5832,"Noordzeekanaal","Grote sluis NZK","VR2W-114178",52.467488,4.613347,2017-12-08 05:25:37,2017-12-08 06:15:21,51,3404,1606.918999,0.472068,103131.695516,45987.788161,FALSE,NA,NA,NA,NA,NA,NA,TRUE
"5833","A69-1602-3181",5833,"Noordzeekanaal","Grote sluis NZK","VR2W-114178",52.467488,4.613347,2017-12-08 08:30:10,2017-12-08 08:46:55,5,NA,NA,NA,103131.695516,45987.788161,FALSE,NA,NA,NA,NA,NA,NA,TRUE
"5834","A69-1602-3181",5834,"Noordzeekanaal","Noordzeekanaal","VR2W-114165",52.462798,4.633995,2017-12-08 09:46:18,2017-12-08 09:46:18,1,3563,1606.918999,0.451002,104738.614515,44380.869162,TRUE,45987.788161,18,2017-12-08 09:47:52,1606.91899899999,94,17.094882968085,TRUE
"5835","A69-1602-3181",5835,"Noordzeekanaal","Grote sluis NZK","VR2W-114178",52.467488,4.613347,2017-12-08 09:47:52,2017-12-08 18:06:37,346,94,1606.918999,17.094883,106345.533514,45987.788161,NA,NA,NA,NA,NA,NA,NA,TRUE
"5836","A69-1602-3182",5836,"Noordzeekanaal","rel_noordzeekanaal11","none",52.220457,4.973436,2017-11-03 09:00:00,2017-11-03 09:00:00,1,NA,NA,NA,0,0,TRUE,22152.58219,2,2017-11-19 20:12:45,22152.58219,1422765,0.0155700921726357,TRUE
"5837","A69-1602-3182",5837,"Noordzeekanaal","ARK Noord","VR2W-119054",52.355706,4.97029,2017-11-19 20:12:45,2017-11-19 21:25:54,73,1422765,22152.58219,0.01557,22152.58219,22152.58219,FALSE,23500.96196,6,2017-12-21 19:53:39,1348.37977,2763654,0.000487897461114886,TRUE
"5838","A69-1602-3182",5838,"Noordzeekanaal","ARK Noord","VR2W-119054",52.355706,4.97029,2017-11-24 17:54:37,2017-11-24 17:56:34,2,NA,NA,NA,22152.58219,22152.58219,FALSE,23500.96196,6,2017-12-21 19:53:39,1348.37977,2339942,0.000576244953934755,TRUE
"5839","A69-1602-3182",5839,"Noordzeekanaal","ARK Noord","VR2W-119054",52.355706,4.97029,2017-12-07 17:53:42,2017-12-07 19:18:32,27,NA,NA,NA,22152.58219,22152.58219,FALSE,23500.96196,6,2017-12-21 19:53:39,1348.37977,1216797,0.00110813863775141,TRUE
"5840","A69-1602-3182",5840,"Noordzeekanaal","ARK Noord","VR2W-119054",52.355706,4.97029,2017-12-07 20:21:03,2017-12-07 20:23:50,4,NA,NA,NA,22152.58219,22152.58219,FALSE,23500.96196,6,2017-12-21 19:53:39,1348.37977,1207956,0.00111624907695313,TRUE
"5841","A69-1602-3182",5841,"Noordzeekanaal","Oranjesluis","VR2W-102056",52.380016,4.955998,2017-12-21 19:53:39,2017-12-21 20:36:26,9,1207789,3196.690998,0.002647,25349.273188,23500.96196,FALSE,44380.869162,20,2018-01-27 20:15:59,20879.907202,3198140,0.00652876584577286,TRUE
"5842","A69-1602-3182",5842,"Noordzeekanaal","Oranjesluis","VR2W-102056",52.380016,4.955998,2017-12-21 22:00:36,2017-12-21 23:48:35,37,NA,NA,NA,25349.273188,23500.96196,FALSE,44380.869162,20,2018-01-27 20:15:59,20879.907202,3190523,0.00654435250960423,TRUE
"5843","A69-1602-3182",5843,"Noordzeekanaal","Oranjesluis","VR2W-102056",52.380016,4.955998,2017-12-22 01:49:04,2017-12-22 01:49:04,1,NA,NA,NA,25349.273188,23500.96196,FALSE,44380.869162,20,2018-01-27 20:15:59,20879.907202,3176815,0.00657259147983122,TRUE
"5844","A69-1602-3182",5844,"Noordzeekanaal","Oranjesluis","VR2W-102056",52.380016,4.955998,2017-12-22 04:31:13,2017-12-22 04:32:49,2,NA,NA,NA,25349.273188,23500.96196,FALSE,44380.869162,20,2018-01-27 20:15:59,20879.907202,3167086,0.00659278188277805,TRUE
"5845","A69-1602-3182",5845,"Noordzeekanaal","Oranjesluis","VR2W-114163",52.382553,4.959779,2017-12-22 05:56:26,2017-12-22 06:39:00,6,NA,NA,NA,25349.273188,23500.96196,FALSE,44380.869162,20,2018-01-27 20:15:59,20879.907202,3161973,0.00660344259802345,TRUE
"5846","A69-1602-3182",5846,"Noordzeekanaal","Oranjesluis","VR2W-102056",52.380016,4.955998,2017-12-22 09:08:33,2017-12-22 09:52:46,6,NA,NA,NA,25349.273188,23500.96196,FALSE,44380.869162,20,2018-01-27 20:15:59,20879.907202,3150446,0.00662760358438139,TRUE
"5847","A69-1602-3182",5847,"Noordzeekanaal","Oranjesluis","VR2W-102056",52.380016,4.955998,2017-12-22 11:55:18,2017-12-22 19:38:37,155,NA,NA,NA,25349.273188,23500.96196,FALSE,44380.869162,20,2018-01-27 20:15:59,20879.907202,3140441,0.00664871819021596,TRUE
"5848","A69-1602-3182",5848,"Noordzeekanaal","Oranjesluis","VR2W-114163",52.382553,4.959779,2018-01-18 19:45:56,2018-01-18 20:14:25,2,NA,NA,NA,25349.273188,23500.96196,FALSE,44380.869162,20,2018-01-27 20:15:59,20879.907202,779403,0.0267896161574949,TRUE
"5849","A69-1602-3182",5849,"Noordzeekanaal","Oranjesluis","VR2W-114163",52.382553,4.959779,2018-01-18 23:01:05,2018-01-18 23:54:56,13,NA,NA,NA,25349.273188,23500.96196,FALSE,44380.869162,20,2018-01-27 20:15:59,20879.907202,767694,0.0271982159584418,TRUE
"5850","A69-1602-3182",5850,"Noordzeekanaal","Oranjesluis","VR2W-114163",52.382553,4.959779,2018-01-19 00:58:56,2018-01-19 02:47:55,24,NA,NA,NA,25349.273188,23500.96196,FALSE,44380.869162,20,2018-01-27 20:15:59,20879.907202,760623,0.027451059463098,TRUE
"5851","A69-1602-3182",5851,"Noordzeekanaal","Oranjesluis","VR2W-102056",52.380016,4.955998,2018-01-19 04:33:49,2018-01-19 04:50:17,8,NA,NA,NA,25349.273188,23500.96196,FALSE,NA,NA,NA,NA,NA,NA,TRUE
"5852","A69-1602-3182",5852,"Noordzeekanaal","ARK Noord","VR2W-119054",52.355706,4.97029,2018-01-19 07:39:17,2018-01-19 07:46:33,7,10140,3196.690998,0.315256,28545.964186,22152.58219,FALSE,23500.96196,18,2018-01-26 17:19:39,1348.37977,639622,0.00210808848038373,TRUE
"5853","A69-1602-3182",5853,"Noordzeekanaal","Oranjesluis","VR2W-102056",52.380016,4.955998,2018-01-26 17:19:39,2018-01-26 18:39:54,17,639186,3196.690998,0.005001,31742.655184,23500.96196,FALSE,NA,NA,NA,NA,NA,NA,TRUE
"5854","A69-1602-3182",5854,"Noordzeekanaal","Willem 2 sluis 2","VR2W-130587",52.383677,4.907053,2018-01-26 20:27:00,2018-01-26 22:00:38,103,6426,3423.861235,0.532814,35166.516419,22476.820659,TRUE,44380.869162,20,2018-01-27 20:15:59,21904.048503,85739,0.255473570988698,TRUE
"5855","A69-1602-3182",5855,"Noordzeekanaal","Noordzeekanaal","VR2W-114165",52.462798,4.633995,2018-01-27 20:15:59,2018-01-27 21:28:07,64,80121,22552.500267,0.281481,57719.016686,44380.869162,TRUE,45987.788161,21,2018-01-27 21:39:53,1606.91899899999,5034,0.319213150377432,TRUE
"5856","A69-1602-3182",5856,"Noordzeekanaal","Grote sluis NZK","VR2W-114178",52.467488,4.613347,2018-01-27 21:39:53,2018-01-28 01:42:40,200,706,1606.918999,2.276089,59325.935685,45987.788161,FALSE,NA,NA,NA,NA,NA,NA,TRUE
"5857","A69-1602-3182",5857,"Noordzeekanaal","Noordzeekanaal","VR2W-114165",52.462798,4.633995,2018-01-28 01:43:21,2018-01-28 01:43:21,1,41,1606.918999,39.193146,60932.854684,44380.869162,TRUE,45987.788161,23,2018-01-28 01:43:26,1606.91899899999,5,321.383799799999,TRUE
"5858","A69-1602-3182",5858,"Noordzeekanaal","Grote sluis NZK","VR2W-114178",52.467488,4.613347,2018-01-28 01:43:26,2018-01-28 02:43:27,55,5,1606.918999,321.3838,62539.773683,45987.788161,FALSE,NA,NA,NA,NA,NA,NA,TRUE
"5859","A69-1602-3182",5859,"Noordzeekanaal","Noordzeekanaal","VR2W-114165",52.462798,4.633995,2018-01-28 02:44:05,2018-01-28 02:44:05,1,38,1606.918999,42.287342,64146.692682,44380.869162,TRUE,45987.788161,25,2018-01-28 02:44:17,1606.91899899999,12,133.909916583333,TRUE
"5860","A69-1602-3182",5860,"Noordzeekanaal","Grote sluis NZK","VR2W-114178",52.467488,4.613347,2018-01-28 02:44:17,2018-01-28 02:47:06,5,12,1606.918999,133.909917,65753.611681,45987.788161,FALSE,NA,NA,NA,NA,NA,NA,TRUE
"5861","A69-1602-3182",5861,"Noordzeekanaal","Noordzeekanaal","VR2W-114165",52.462798,4.633995,2018-01-28 02:47:12,2018-01-28 02:47:12,1,6,1606.918999,267.819833,67360.53068,44380.869162,TRUE,45987.788161,27,2018-01-28 02:47:46,1606.91899899999,34,47.2623234999998,TRUE
"5862","A69-1602-3182",5862,"Noordzeekanaal","Grote sluis NZK","VR2W-114178",52.467488,4.613347,2018-01-28 02:47:46,2018-01-28 02:54:34,6,34,1606.918999,47.262323,68967.449679,45987.788161,FALSE,NA,NA,NA,NA,NA,NA,TRUE
"5863","A69-1602-3182",5863,"Noordzeekanaal","Noordzeekanaal","VR2W-114165",52.462798,4.633995,2018-01-28 02:57:04,2018-01-28 03:11:01,6,150,1606.918999,10.712793,70574.368678,44380.869162,TRUE,45987.788161,29,2018-01-28 03:15:16,1606.91899899999,1092,1.47153754487179,TRUE
"5864","A69-1602-3182",5864,"Noordzeekanaal","Grote sluis NZK","VR2W-114178",52.467488,4.613347,2018-01-28 03:15:16,2018-01-28 03:17:56,2,255,1606.918999,6.301643,72181.287677,45987.788161,FALSE,NA,NA,NA,NA,NA,NA,TRUE
"5865","A69-1602-3182",5865,"Noordzeekanaal","Noordzeekanaal","VR2W-114165",52.462798,4.633995,2018-01-28 03:18:27,2018-01-28 03:34:16,19,31,1606.918999,51.836097,73788.206676,44380.869162,TRUE,45987.788161,31,2018-01-28 03:34:19,1606.91899899999,952,1.68794012499999,TRUE
"5866","A69-1602-3182",5866,"Noordzeekanaal","Grote sluis NZK","VR2W-114178",52.467488,4.613347,2018-01-28 03:34:19,2018-01-28 03:34:19,1,3,1606.918999,535.639666,75395.125675,45987.788161,FALSE,NA,NA,NA,NA,NA,NA,TRUE
"5867","A69-1602-3182",5867,"Noordzeekanaal","Noordzeekanaal","VR2W-114164",52.465232,4.633992,2018-01-28 03:34:47,2018-01-28 03:34:47,1,28,1606.918999,57.389964,77002.044674,44380.869162,TRUE,45987.788161,33,2018-01-28 03:35:08,1606.91899899999,21,76.5199523333331,TRUE
"5868","A69-1602-3182",5868,"Noordzeekanaal","Grote sluis NZK","VR2W-114178",52.467488,4.613347,2018-01-28 03:35:08,2018-01-28 03:35:08,1,21,1606.918999,76.519952,78608.963673,45987.788161,FALSE,NA,NA,NA,NA,NA,NA,TRUE
"5869","A69-1602-3182",5869,"Noordzeekanaal","Noordzeekanaal","VR2W-114164",52.465232,4.633992,2018-01-28 03:35:24,2018-01-28 03:43:46,20,16,1606.918999,100.432437,80215.882672,44380.869162,TRUE,45987.788161,35,2018-01-28 03:44:18,1606.91899899999,534,3.00921160861422,TRUE
"5870","A69-1602-3182",5870,"Noordzeekanaal","Grote sluis NZK","VR2W-114178",52.467488,4.613347,2018-01-28 03:44:18,2018-01-28 03:44:18,1,32,1606.918999,50.216219,81822.801671,45987.788161,FALSE,NA,NA,NA,NA,NA,NA,TRUE
"5871","A69-1602-3182",5871,"Noordzeekanaal","Noordzeekanaal","VR2W-114164",52.465232,4.633992,2018-01-28 03:44:30,2018-01-28 03:50:10,14,12,1606.918999,133.909917,83429.72067,44380.869162,TRUE,45987.788161,37,2018-01-28 03:50:40,1606.91899899999,370,4.34302432162161,TRUE
"5872","A69-1602-3182",5872,"Noordzeekanaal","Grote sluis NZK","VR2W-114178",52.467488,4.613347,2018-01-28 03:50:40,2018-01-28 03:50:40,1,30,1606.918999,53.563967,85036.639669,45987.788161,FALSE,NA,NA,NA,NA,NA,NA,TRUE
"5873","A69-1602-3182",5873,"Noordzeekanaal","Noordzeekanaal","VR2W-114164",52.465232,4.633992,2018-01-28 03:50:41,2018-01-28 05:47:49,110,1,1606.918999,1606.918999,86643.558668,44380.869162,TRUE,45987.788161,39,2018-01-28 05:51:09,1606.91899899999,7228,0.222318621887105,TRUE
"5874","A69-1602-3182",5874,"Noordzeekanaal","Grote sluis NZK","VR2W-114178",52.467488,4.613347,2018-01-28 05:51:09,2018-01-28 05:51:09,1,200,1606.918999,8.034595,88250.477667,45987.788161,FALSE,NA,NA,NA,NA,NA,NA,TRUE
"5875","A69-1602-3182",5875,"Noordzeekanaal","Noordzeekanaal","VR2W-114165",52.462798,4.633995,2018-01-28 06:06:50,2018-01-28 06:06:50,1,941,1606.918999,1.707672,89857.396666,44380.869162,TRUE,45987.788161,41,2018-01-28 06:09:10,1606.91899899999,140,11.47799285,TRUE
"5876","A69-1602-3182",5876,"Noordzeekanaal","Grote sluis NZK","VR2W-114178",52.467488,4.613347,2018-01-28 06:09:10,2018-01-28 06:09:10,1,140,1606.918999,11.477993,91464.315665,45987.788161,FALSE,NA,NA,NA,NA,NA,NA,TRUE
"5877","A69-1602-3182",5877,"Noordzeekanaal","Noordzeekanaal","VR2W-114165",52.462798,4.633995,2018-01-28 06:10:39,2018-01-28 06:10:39,1,89,1606.918999,18.05527,93071.234664,44380.869162,TRUE,45987.788161,43,2018-01-28 06:15:36,1606.91899899999,297,5.41050168013466,TRUE
"5878","A69-1602-3182",5878,"Noordzeekanaal","Grote sluis NZK","VR2W-114178",52.467488,4.613347,2018-01-28 06:15:36,2018-01-28 06:15:36,1,297,1606.918999,5.410502,94678.153663,45987.788161,FALSE,NA,NA,NA,NA,NA,NA,TRUE
"5879","A69-1602-3182",5879,"Noordzeekanaal","Noordzeekanaal","VR2W-114165",52.462798,4.633995,2018-01-28 06:15:39,2018-01-28 06:15:39,1,3,1606.918999,535.639666,96285.072662,44380.869162,TRUE,45987.788161,45,2018-01-28 06:16:26,1606.91899899999,47,34.1897659361701,TRUE
"5880","A69-1602-3182",5880,"Noordzeekanaal","Grote sluis NZK","VR2W-114178",52.467488,4.613347,2018-01-28 06:16:26,2018-01-28 06:16:26,1,47,1606.918999,34.189766,97891.991661,45987.788161,FALSE,NA,NA,NA,NA,NA,NA,TRUE
"5881","A69-1602-3182",5881,"Noordzeekanaal","Noordzeekanaal","VR2W-114165",52.462798,4.633995,2018-01-28 06:16:30,2018-01-28 06:20:52,2,4,1606.918999,401.72975,99498.91066,44380.869162,TRUE,45987.788161,47,2018-01-28 06:22:17,1606.91899899999,347,4.63089048703168,TRUE
"5882","A69-1602-3182",5882,"Noordzeekanaal","Grote sluis NZK","VR2W-114178",52.467488,4.613347,2018-01-28 06:22:17,2018-01-28 06:35:25,10,85,1606.918999,18.904929,101105.829659,45987.788161,FALSE,NA,NA,NA,NA,NA,NA,TRUE
"5883","A69-1602-3182",5883,"Noordzeekanaal","Noordzeekanaal","VR2W-114165",52.462798,4.633995,2018-01-28 06:35:40,2018-01-28 06:35:40,1,15,1606.918999,107.127933,102712.748658,44380.869162,TRUE,45987.788161,49,2018-01-28 06:36:00,1606.91899899999,20,80.3459499499997,TRUE
"5884","A69-1602-3182",5884,"Noordzeekanaal","Grote sluis NZK","VR2W-114178",52.467488,4.613347,2018-01-28 06:36:00,2018-01-28 06:43:09,10,20,1606.918999,80.34595,104319.667657,45987.788161,FALSE,NA,NA,NA,NA,NA,NA,TRUE
"5885","A69-1602-3182",5885,"Noordzeekanaal","Noordzeekanaal","VR2W-114165",52.462798,4.633995,2018-01-28 06:46:35,2018-01-28 06:47:12,2,206,1606.918999,7.800578,105926.586656,44380.869162,TRUE,45987.788161,51,2018-01-28 06:50:59,1606.91899899999,264,6.08681439015149,TRUE
"5886","A69-1602-3182",5886,"Noordzeekanaal","Grote sluis NZK","VR2W-114178",52.467488,4.613347,2018-01-28 06:50:59,2018-01-28 06:50:59,1,227,1606.918999,7.078938,107533.505655,45987.788161,FALSE,NA,NA,NA,NA,NA,NA,TRUE
"5887","A69-1602-3182",5887,"Noordzeekanaal","Noordzeekanaal","VR2W-114165",52.462798,4.633995,2018-01-28 06:51:14,2018-01-28 06:52:07,2,15,1606.918999,107.127933,109140.424654,44380.869162,TRUE,45987.788161,53,2018-01-28 06:52:59,1606.91899899999,105,15.3039904666666,TRUE
"5888","A69-1602-3182",5888,"Noordzeekanaal","Grote sluis NZK","VR2W-114178",52.467488,4.613347,2018-01-28 06:52:59,2018-01-28 07:25:56,7,52,1606.918999,30.902288,110747.343653,45987.788161,FALSE,NA,NA,NA,NA,NA,NA,TRUE
"5889","A69-1602-3182",5889,"Noordzeekanaal","Noordzeekanaal","VR2W-114165",52.462798,4.633995,2018-01-28 07:28:15,2018-01-28 07:28:15,1,139,1606.918999,11.560568,112354.262652,44380.869162,TRUE,45987.788161,55,2018-01-28 07:28:31,1606.91899899999,16,100.4324374375,TRUE
"5890","A69-1602-3182",5890,"Noordzeekanaal","Grote sluis NZK","VR2W-114178",52.467488,4.613347,2018-01-28 07:28:31,2018-01-28 07:28:31,1,16,1606.918999,100.432437,113961.181651,45987.788161,FALSE,NA,NA,NA,NA,NA,NA,TRUE
"5891","A69-1602-3182",5891,"Noordzeekanaal","Noordzeekanaal","VR2W-114165",52.462798,4.633995,2018-01-28 07:29:50,2018-01-28 07:29:50,1,79,1606.918999,20.340747,115568.10065,44380.869162,TRUE,45987.788161,57,2018-01-28 07:30:00,1606.91899899999,10,160.691899899999,TRUE
"5892","A69-1602-3182",5892,"Noordzeekanaal","Grote sluis NZK","VR2W-114178",52.467488,4.613347,2018-01-28 07:30:00,2018-01-28 07:30:00,1,10,1606.918999,160.6919,117175.019649,45987.788161,FALSE,NA,NA,NA,NA,NA,NA,TRUE
"5893","A69-1602-3182",5893,"Noordzeekanaal","Noordzeekanaal","VR2W-114165",52.462798,4.633995,2018-01-28 07:30:40,2018-01-28 07:30:40,1,40,1606.918999,40.172975,118781.938648,44380.869162,TRUE,45987.788161,59,2018-01-28 07:30:48,1606.91899899999,8,200.864874874999,TRUE
"5894","A69-1602-3182",5894,"Noordzeekanaal","Grote sluis NZK","VR2W-114178",52.467488,4.613347,2018-01-28 07:30:48,2018-01-28 07:30:48,1,8,1606.918999,200.864875,120388.857647,45987.788161,FALSE,NA,NA,NA,NA,NA,NA,TRUE
"5895","A69-1602-3182",5895,"Noordzeekanaal","Noordzeekanaal","VR2W-114165",52.462798,4.633995,2018-01-28 07:31:28,2018-01-28 07:35:51,3,40,1606.918999,40.172975,121995.776646,44380.869162,TRUE,45987.788161,61,2018-01-28 07:36:28,1606.91899899999,300,5.35639666333331,TRUE
"5896","A69-1602-3182",5896,"Noordzeekanaal","Grote sluis NZK","VR2W-114178",52.467488,4.613347,2018-01-28 07:36:28,2018-01-28 07:36:28,1,37,1606.918999,43.430243,123602.695645,45987.788161,FALSE,NA,NA,NA,NA,NA,NA,TRUE
"5897","A69-1602-3182",5897,"Noordzeekanaal","Noordzeekanaal","VR2W-114165",52.462798,4.633995,2018-01-28 07:36:34,2018-01-28 07:36:34,1,6,1606.918999,267.819833,125209.614644,44380.869162,TRUE,45987.788161,63,2018-01-28 07:37:15,1606.91899899999,41,39.193146317073,TRUE
"5898","A69-1602-3182",5898,"Noordzeekanaal","Grote sluis NZK","VR2W-114178",52.467488,4.613347,2018-01-28 07:37:15,2018-01-28 07:37:15,1,41,1606.918999,39.193146,126816.533643,45987.788161,FALSE,NA,NA,NA,NA,NA,NA,TRUE
"5899","A69-1602-3182",5899,"Noordzeekanaal","Noordzeekanaal","VR2W-114165",52.462798,4.633995,2018-01-28 07:37:25,2018-01-28 07:37:25,1,10,1606.918999,160.6919,128423.452642,44380.869162,TRUE,45987.788161,65,2018-01-28 07:37:56,1606.91899899999,31,51.8360967419353,TRUE
"5900","A69-1602-3182",5900,"Noordzeekanaal","Grote sluis NZK","VR2W-114178",52.467488,4.613347,2018-01-28 07:37:56,2018-01-28 07:37:56,1,31,1606.918999,51.836097,130030.371641,45987.788161,FALSE,NA,NA,NA,NA,NA,NA,TRUE
"5901","A69-1602-3182",5901,"Noordzeekanaal","Noordzeekanaal","VR2W-114165",52.462798,4.633995,2018-01-28 07:38:55,2018-01-28 07:40:36,2,59,1606.918999,27.235915,131637.29064,44380.869162,TRUE,45987.788161,67,2018-01-28 07:41:01,1606.91899899999,126,12.7533253888888,TRUE
"5902","A69-1602-3182",5902,"Noordzeekanaal","Grote sluis NZK","VR2W-114178",52.467488,4.613347,2018-01-28 07:41:01,2018-01-28 07:43:12,4,25,1606.918999,64.27676,133244.209639,45987.788161,FALSE,NA,NA,NA,NA,NA,NA,TRUE
"5903","A69-1602-3182",5903,"Noordzeekanaal","Noordzeekanaal","VR2W-114165",52.462798,4.633995,2018-01-28 07:43:13,2018-01-28 07:46:12,5,1,1606.918999,1606.918999,134851.128638,44380.869162,TRUE,45987.788161,69,2018-01-28 07:46:23,1606.91899899999,190,8.45746841578944,TRUE
"5904","A69-1602-3182",5904,"Noordzeekanaal","Grote sluis NZK","VR2W-114178",52.467488,4.613347,2018-01-28 07:46:23,2018-01-28 07:47:43,3,11,1606.918999,146.083545,136458.047637,45987.788161,FALSE,NA,NA,NA,NA,NA,NA,TRUE
"5905","A69-1602-3182",5905,"Noordzeekanaal","Noordzeekanaal","VR2W-114165",52.462798,4.633995,2018-01-28 07:47:51,2018-01-28 07:47:51,1,8,1606.918999,200.864875,138064.966636,44380.869162,TRUE,45987.788161,71,2018-01-28 07:48:20,1606.91899899999,29,55.410999965517,TRUE
"5906","A69-1602-3182",5906,"Noordzeekanaal","Grote sluis NZK","VR2W-114178",52.467488,4.613347,2018-01-28 07:48:20,2018-01-28 07:54:21,9,29,1606.918999,55.411,139671.885635,45987.788161,FALSE,NA,NA,NA,NA,NA,NA,TRUE
"5907","A69-1602-3182",5907,"Noordzeekanaal","Noordzeekanaal","VR2W-114165",52.462798,4.633995,2018-01-28 08:10:57,2018-01-28 08:10:57,1,996,1606.918999,1.613372,141278.804634,44380.869162,TRUE,45987.788161,73,2018-01-28 08:11:08,1606.91899899999,11,146.083545363636,TRUE
"5908","A69-1602-3182",5908,"Noordzeekanaal","Grote sluis NZK","VR2W-114178",52.467488,4.613347,2018-01-28 08:11:08,2018-01-28 08:11:08,1,11,1606.918999,146.083545,142885.723633,45987.788161,FALSE,NA,NA,NA,NA,NA,NA,TRUE
"5909","A69-1602-3182",5909,"Noordzeekanaal","Noordzeekanaal","VR2W-114165",52.462798,4.633995,2018-01-28 08:11:48,2018-01-28 08:12:36,2,40,1606.918999,40.172975,144492.642632,44380.869162,TRUE,45987.788161,75,2018-01-28 08:13:23,1606.91899899999,95,16.9149368315789,TRUE
"5910","A69-1602-3182",5910,"Noordzeekanaal","Grote sluis NZK","VR2W-114178",52.467488,4.613347,2018-01-28 08:13:23,2018-01-28 08:13:23,1,47,1606.918999,34.189766,146099.561631,45987.788161,FALSE,NA,NA,NA,NA,NA,NA,TRUE
"5911","A69-1602-3182",5911,"Noordzeekanaal","Noordzeekanaal","VR2W-114165",52.462798,4.633995,2018-01-28 08:14:08,2018-01-28 08:17:32,4,45,1606.918999,35.709311,147706.48063,44380.869162,TRUE,45987.788161,77,2018-01-28 08:17:36,1606.91899899999,208,7.72557211057689,TRUE
"5912","A69-1602-3182",5912,"Noordzeekanaal","Grote sluis NZK","VR2W-114178",52.467488,4.613347,2018-01-28 08:17:36,2018-01-28 08:17:36,1,4,1606.918999,401.72975,149313.399629,45987.788161,FALSE,NA,NA,NA,NA,NA,NA,TRUE
"5913","A69-1602-3182",5913,"Noordzeekanaal","Noordzeekanaal","VR2W-114165",52.462798,4.633995,2018-01-28 08:18:14,2018-01-28 08:18:14,1,38,1606.918999,42.287342,150920.318628,44380.869162,TRUE,45987.788161,79,2018-01-28 08:21:21,1606.91899899999,187,8.5931497272727,TRUE
"5914","A69-1602-3182",5914,"Noordzeekanaal","Grote sluis NZK","VR2W-114178",52.467488,4.613347,2018-01-28 08:21:21,2018-01-28 08:36:19,11,187,1606.918999,8.59315,152527.237627,45987.788161,FALSE,NA,NA,NA,NA,NA,NA,TRUE
"5915","A69-1602-3182",5915,"Noordzeekanaal","Noordzeekanaal","VR2W-114165",52.462798,4.633995,2018-01-28 08:36:24,2018-01-28 08:36:24,1,5,1606.918999,321.3838,154134.156626,44380.869162,TRUE,45987.788161,81,2018-01-28 08:37:07,1606.91899899999,43,37.3702092790696,TRUE
"5916","A69-1602-3182",5916,"Noordzeekanaal","Grote sluis NZK","VR2W-114178",52.467488,4.613347,2018-01-28 08:37:07,2018-01-28 08:37:07,1,43,1606.918999,37.370209,155741.075625,45987.788161,FALSE,NA,NA,NA,NA,NA,NA,TRUE
"5917","A69-1602-3182",5917,"Noordzeekanaal","Noordzeekanaal","VR2W-114165",52.462798,4.633995,2018-01-28 08:39:42,2018-01-28 08:42:19,4,155,1606.918999,10.367219,157347.994624,44380.869162,TRUE,45987.788161,83,2018-01-28 08:43:37,1606.91899899999,235,6.83795318723402,TRUE
"5918","A69-1602-3182",5918,"Noordzeekanaal","Grote sluis NZK","VR2W-114178",52.467488,4.613347,2018-01-28 08:43:37,2018-01-28 08:45:30,3,78,1606.918999,20.601526,158954.913623,45987.788161,FALSE,NA,NA,NA,NA,NA,NA,TRUE
"5919","A69-1602-3182",5919,"Noordzeekanaal","Noordzeekanaal","VR2W-114165",52.462798,4.633995,2018-01-28 08:45:47,2018-01-28 08:45:47,1,17,1606.918999,94.524647,160561.832622,44380.869162,TRUE,45987.788161,85,2018-01-28 08:46:05,1606.91899899999,18,89.2732777222219,TRUE
"5920","A69-1602-3182",5920,"Noordzeekanaal","Grote sluis NZK","VR2W-114178",52.467488,4.613347,2018-01-28 08:46:05,2018-01-28 08:54:21,10,18,1606.918999,89.273278,162168.751621,45987.788161,FALSE,NA,NA,NA,NA,NA,NA,TRUE
"5921","A69-1602-3182",5921,"Noordzeekanaal","Noordzeekanaal","VR2W-114165",52.462798,4.633995,2018-01-28 08:54:30,2018-01-28 08:54:30,1,9,1606.918999,178.546555,163775.67062,44380.869162,TRUE,45987.788161,87,2018-01-28 08:55:10,1606.91899899999,40,40.1729749749999,TRUE
"5922","A69-1602-3182",5922,"Noordzeekanaal","Grote sluis NZK","VR2W-114178",52.467488,4.613347,2018-01-28 08:55:10,2018-01-28 08:55:10,1,40,1606.918999,40.172975,165382.589619,45987.788161,FALSE,NA,NA,NA,NA,NA,NA,TRUE
"5923","A69-1602-3182",5923,"Noordzeekanaal","Noordzeekanaal","VR2W-114165",52.462798,4.633995,2018-01-28 08:55:20,2018-01-28 08:55:20,1,10,1606.918999,160.6919,166989.508618,44380.869162,TRUE,45987.788161,89,2018-01-28 08:55:53,1606.91899899999,33,48.6945151212119,TRUE
"5924","A69-1602-3182",5924,"Noordzeekanaal","Grote sluis NZK","VR2W-114178",52.467488,4.613347,2018-01-28 08:55:53,2018-01-28 08:55:53,1,33,1606.918999,48.694515,168596.427617,45987.788161,FALSE,NA,NA,NA,NA,NA,NA,TRUE
"5925","A69-1602-3182",5925,"Noordzeekanaal","Noordzeekanaal","VR2W-114165",52.462798,4.633995,2018-01-28 08:56:06,2018-01-28 08:56:06,1,13,1606.918999,123.609154,170203.346616,44380.869162,TRUE,45987.788161,91,2018-01-28 08:56:47,1606.91899899999,41,39.193146317073,TRUE
"5926","A69-1602-3182",5926,"Noordzeekanaal","Grote sluis NZK","VR2W-114178",52.467488,4.613347,2018-01-28 08:56:47,2018-01-28 08:56:47,1,41,1606.918999,39.193146,171810.265615,45987.788161,FALSE,NA,NA,NA,NA,NA,NA,TRUE
"5927","A69-1602-3182",5927,"Noordzeekanaal","Noordzeekanaal","VR2W-114165",52.462798,4.633995,2018-01-28 08:57:26,2018-01-28 08:57:26,1,39,1606.918999,41.203051,173417.184614,44380.869162,TRUE,45987.788161,93,2018-01-28 08:58:34,1606.91899899999,68,23.6311617499999,TRUE
"5928","A69-1602-3182",5928,"Noordzeekanaal","Grote sluis NZK","VR2W-114178",52.467488,4.613347,2018-01-28 08:58:34,2018-01-28 09:02:32,6,68,1606.918999,23.631162,175024.103613,45987.788161,FALSE,NA,NA,NA,NA,NA,NA,TRUE
"5929","A69-1602-3182",5929,"Noordzeekanaal","Noordzeekanaal","VR2W-114165",52.462798,4.633995,2018-01-28 09:02:46,2018-01-28 09:02:46,1,14,1606.918999,114.779928,176631.022612,44380.869162,TRUE,45987.788161,95,2018-01-28 09:03:14,1606.91899899999,28,57.3899642499998,TRUE
"5930","A69-1602-3182",5930,"Noordzeekanaal","Grote sluis NZK","VR2W-114178",52.467488,4.613347,2018-01-28 09:03:14,2018-01-28 09:03:14,1,28,1606.918999,57.389964,178237.941611,45987.788161,FALSE,NA,NA,NA,NA,NA,NA,TRUE
"5931","A69-1602-3182",5931,"Noordzeekanaal","Noordzeekanaal","VR2W-114165",52.462798,4.633995,2018-01-28 09:03:21,2018-01-28 09:03:58,2,7,1606.918999,229.559857,179844.86061,44380.869162,TRUE,45987.788161,97,2018-01-28 09:05:35,1606.91899899999,134,11.9919328283582,TRUE
"5932","A69-1602-3182",5932,"Noordzeekanaal","Grote sluis NZK","VR2W-114178",52.467488,4.613347,2018-01-28 09:05:35,2018-01-28 09:05:35,1,97,1606.918999,16.566175,181451.779609,45987.788161,FALSE,NA,NA,NA,NA,NA,NA,TRUE
"5933","A69-1602-3182",5933,"Noordzeekanaal","Noordzeekanaal","VR2W-114165",52.462798,4.633995,2018-01-28 09:05:56,2018-01-28 09:06:31,2,21,1606.918999,76.519952,183058.698608,44380.869162,TRUE,45987.788161,99,2018-01-28 09:07:16,1606.91899899999,80,20.0864874874999,TRUE
"5934","A69-1602-3182",5934,"Noordzeekanaal","Grote sluis NZK","VR2W-114178",52.467488,4.613347,2018-01-28 09:07:16,2018-01-28 09:11:09,4,45,1606.918999,35.709311,184665.617607,45987.788161,FALSE,NA,NA,NA,NA,NA,NA,TRUE
"5935","A69-1602-3182",5935,"Noordzeekanaal","Noordzeekanaal","VR2W-114165",52.462798,4.633995,2018-01-28 09:11:39,2018-01-28 09:11:39,1,30,1606.918999,53.563967,186272.536606,44380.869162,TRUE,45987.788161,101,2018-01-28 09:11:43,1606.91899899999,4,401.729749749999,TRUE
"5936","A69-1602-3182",5936,"Noordzeekanaal","Grote sluis NZK","VR2W-114178",52.467488,4.613347,2018-01-28 09:11:43,2018-01-28 09:12:57,2,4,1606.918999,401.72975,187879.455605,45987.788161,FALSE,NA,NA,NA,NA,NA,NA,TRUE
"5937","A69-1602-3182",5937,"Noordzeekanaal","Noordzeekanaal","VR2W-114165",52.462798,4.633995,2018-01-28 09:13:14,2018-01-28 09:13:14,1,17,1606.918999,94.524647,189486.374604,44380.869162,TRUE,45987.788161,103,2018-01-28 09:14:28,1606.91899899999,74,21.715121608108,TRUE
"5938","A69-1602-3182",5938,"Noordzeekanaal","Grote sluis NZK","VR2W-114178",52.467488,4.613347,2018-01-28 09:14:28,2018-01-28 09:14:28,1,74,1606.918999,21.715122,191093.293603,45987.788161,FALSE,NA,NA,NA,NA,NA,NA,TRUE
"5939","A69-1602-3182",5939,"Noordzeekanaal","Noordzeekanaal","VR2W-114165",52.462798,4.633995,2018-01-28 09:14:31,2018-01-28 09:14:31,1,3,1606.918999,535.639666,192700.212602,44380.869162,TRUE,45987.788161,105,2018-01-28 09:15:14,1606.91899899999,43,37.3702092790696,TRUE
"5940","A69-1602-3182",5940,"Noordzeekanaal","Grote sluis NZK","VR2W-114178",52.467488,4.613347,2018-01-28 09:15:14,2018-01-28 09:15:14,1,43,1606.918999,37.370209,194307.131601,45987.788161,FALSE,NA,NA,NA,NA,NA,NA,TRUE
"5941","A69-1602-3182",5941,"Noordzeekanaal","Noordzeekanaal","VR2W-114165",52.462798,4.633995,2018-01-28 09:15:17,2018-01-28 09:15:17,1,3,1606.918999,535.639666,195914.0506,44380.869162,TRUE,45987.788161,107,2018-01-28 09:15:52,1606.91899899999,35,45.9119713999998,TRUE
"5942","A69-1602-3182",5942,"Noordzeekanaal","Grote sluis NZK","VR2W-114178",52.467488,4.613347,2018-01-28 09:15:52,2018-01-28 09:16:35,2,35,1606.918999,45.911971,197520.969599,45987.788161,FALSE,NA,NA,NA,NA,NA,NA,TRUE
"5943","A69-1602-3182",5943,"Noordzeekanaal","Noordzeekanaal","VR2W-114165",52.462798,4.633995,2018-01-28 09:16:42,2018-01-28 09:16:42,1,7,1606.918999,229.559857,199127.888598,44380.869162,TRUE,45987.788161,109,2018-01-28 09:17:27,1606.91899899999,45,35.7093110888888,TRUE
"5944","A69-1602-3182",5944,"Noordzeekanaal","Grote sluis NZK","VR2W-114178",52.467488,4.613347,2018-01-28 09:17:27,2018-01-28 09:18:16,2,45,1606.918999,35.709311,200734.807597,45987.788161,FALSE,NA,NA,NA,NA,NA,NA,TRUE
"5945","A69-1602-3182",5945,"Noordzeekanaal","Noordzeekanaal","VR2W-114165",52.462798,4.633995,2018-01-28 09:18:41,2018-01-28 09:18:41,1,25,1606.918999,64.27676,202341.726596,44380.869162,TRUE,45987.788161,111,2018-01-28 09:19:02,1606.91899899999,21,76.5199523333331,TRUE
"5946","A69-1602-3182",5946,"Noordzeekanaal","Grote sluis NZK","VR2W-114178",52.467488,4.613347,2018-01-28 09:19:02,2018-01-28 09:20:19,3,21,1606.918999,76.519952,203948.645595,45987.788161,FALSE,NA,NA,NA,NA,NA,NA,TRUE
"5947","A69-1602-3182",5947,"Noordzeekanaal","Noordzeekanaal","VR2W-114165",52.462798,4.633995,2018-01-28 09:20:22,2018-01-28 09:20:22,1,3,1606.918999,535.639666,205555.564594,44380.869162,TRUE,45987.788161,113,2018-01-28 09:21:05,1606.91899899999,43,37.3702092790696,TRUE
"5948","A69-1602-3182",5948,"Noordzeekanaal","Grote sluis NZK","VR2W-114178",52.467488,4.613347,2018-01-28 09:21:05,2018-01-28 09:23:06,4,43,1606.918999,37.370209,207162.483593,45987.788161,FALSE,NA,NA,NA,NA,NA,NA,TRUE
"5949","A69-1602-3182",5949,"Noordzeekanaal","Noordzeekanaal","VR2W-114165",52.462798,4.633995,2018-01-28 09:23:14,2018-01-28 09:24:33,3,8,1606.918999,200.864875,208769.402592,44380.869162,TRUE,45987.788161,115,2018-01-28 09:25:02,1606.91899899999,108,14.8788796203703,TRUE
"5950","A69-1602-3182",5950,"Noordzeekanaal","Grote sluis NZK","VR2W-114178",52.467488,4.613347,2018-01-28 09:25:02,2018-01-28 09:25:02,1,29,1606.918999,55.411,210376.321591,45987.788161,FALSE,NA,NA,NA,NA,NA,NA,TRUE
"5951","A69-1602-3182",5951,"Noordzeekanaal","Noordzeekanaal","VR2W-114165",52.462798,4.633995,2018-01-28 09:25:22,2018-01-28 09:25:22,1,20,1606.918999,80.34595,211983.24059,44380.869162,TRUE,45987.788161,117,2018-01-28 09:25:36,1606.91899899999,14,114.7799285,TRUE
"5952","A69-1602-3182",5952,"Noordzeekanaal","Grote sluis NZK","VR2W-114178",52.467488,4.613347,2018-01-28 09:25:36,2018-01-28 09:25:36,1,14,1606.918999,114.779928,213590.159589,45987.788161,FALSE,NA,NA,NA,NA,NA,NA,TRUE
"5953","A69-1602-3182",5953,"Noordzeekanaal","Noordzeekanaal","VR2W-114165",52.462798,4.633995,2018-01-28 09:26:05,2018-01-28 09:26:05,1,29,1606.918999,55.411,215197.078588,44380.869162,TRUE,45987.788161,119,2018-01-28 09:26:10,1606.91899899999,5,321.383799799999,TRUE
"5954","A69-1602-3182",5954,"Noordzeekanaal","Grote sluis NZK","VR2W-114178",52.467488,4.613347,2018-01-28 09:26:10,2018-01-28 09:26:10,1,5,1606.918999,321.3838,216803.997587,45987.788161,FALSE,NA,NA,NA,NA,NA,NA,TRUE
"5955","A69-1602-3182",5955,"Noordzeekanaal","Noordzeekanaal","VR2W-114165",52.462798,4.633995,2018-01-28 09:26:39,2018-01-28 09:26:39,1,29,1606.918999,55.411,218410.916586,44380.869162,TRUE,45987.788161,121,2018-01-28 09:26:43,1606.91899899999,4,401.729749749999,TRUE
"5956","A69-1602-3182",5956,"Noordzeekanaal","Grote sluis NZK","VR2W-114178",52.467488,4.613347,2018-01-28 09:26:43,2018-01-28 09:26:43,1,4,1606.918999,401.72975,220017.835585,45987.788161,FALSE,NA,NA,NA,NA,NA,NA,TRUE
"5957","A69-1602-3182",5957,"Noordzeekanaal","Noordzeekanaal","VR2W-114165",52.462798,4.633995,2018-01-28 09:27:13,2018-01-28 09:27:13,1,30,1606.918999,53.563967,221624.754584,44380.869162,TRUE,45987.788161,123,2018-01-28 09:27:17,1606.91899899999,4,401.729749749999,TRUE
"5958","A69-1602-3182",5958,"Noordzeekanaal","Grote sluis NZK","VR2W-114178",52.467488,4.613347,2018-01-28 09:27:17,2018-01-28 09:27:17,1,4,1606.918999,401.72975,223231.673583,45987.788161,FALSE,NA,NA,NA,NA,NA,NA,TRUE
"5959","A69-1602-3182",5959,"Noordzeekanaal","Noordzeekanaal","VR2W-114165",52.462798,4.633995,2018-01-28 09:27:47,2018-01-28 09:27:47,1,30,1606.918999,53.563967,224838.592582,44380.869162,TRUE,45987.788161,125,2018-01-28 09:27:52,1606.91899899999,5,321.383799799999,TRUE
"5960","A69-1602-3182",5960,"Noordzeekanaal","Grote sluis NZK","VR2W-114178",52.467488,4.613347,2018-01-28 09:27:52,2018-01-28 09:27:52,1,5,1606.918999,321.3838,226445.511581,45987.788161,FALSE,NA,NA,NA,NA,NA,NA,TRUE
"5961","A69-1602-3182",5961,"Noordzeekanaal","Noordzeekanaal","VR2W-114165",52.462798,4.633995,2018-01-28 09:28:20,2018-01-28 09:28:20,1,28,1606.918999,57.389964,228052.43058,44380.869162,TRUE,45987.788161,127,2018-01-28 09:28:26,1606.91899899999,6,267.819833166666,TRUE
"5962","A69-1602-3182",5962,"Noordzeekanaal","Grote sluis NZK","VR2W-114178",52.467488,4.613347,2018-01-28 09:28:26,2018-01-28 09:33:34,7,6,1606.918999,267.819833,229659.349579,45987.788161,FALSE,NA,NA,NA,NA,NA,NA,TRUE
"5963","A69-1602-3182",5963,"Noordzeekanaal","Noordzeekanaal","VR2W-114165",52.462798,4.633995,2018-01-28 09:34:16,2018-01-28 09:35:01,2,42,1606.918999,38.259976,231266.268578,44380.869162,TRUE,45987.788161,129,2018-01-28 09:35:16,1606.91899899999,60,26.7819833166666,TRUE
"5964","A69-1602-3182",5964,"Noordzeekanaal","Grote sluis NZK","VR2W-114178",52.467488,4.613347,2018-01-28 09:35:16,2018-01-28 09:35:16,1,15,1606.918999,107.127933,232873.187577,45987.788161,FALSE,NA,NA,NA,NA,NA,NA,TRUE
"5965","A69-1602-3182",5965,"Noordzeekanaal","Noordzeekanaal","VR2W-114165",52.462798,4.633995,2018-01-28 09:35:39,2018-01-28 09:35:39,1,23,1606.918999,69.866043,234480.106576,44380.869162,TRUE,45987.788161,131,2018-01-28 09:35:50,1606.91899899999,11,146.083545363636,TRUE
"5966","A69-1602-3182",5966,"Noordzeekanaal","Grote sluis NZK","VR2W-114178",52.467488,4.613347,2018-01-28 09:35:50,2018-01-28 09:35:50,1,11,1606.918999,146.083545,236087.025575,45987.788161,FALSE,NA,NA,NA,NA,NA,NA,TRUE
"5967","A69-1602-3182",5967,"Noordzeekanaal","Noordzeekanaal","VR2W-114165",52.462798,4.633995,2018-01-28 09:36:21,2018-01-28 09:36:21,1,31,1606.918999,51.836097,237693.944574,44380.869162,TRUE,45987.788161,133,2018-01-28 09:36:25,1606.91899899999,4,401.729749749999,TRUE
"5968","A69-1602-3182",5968,"Noordzeekanaal","Grote sluis NZK","VR2W-114178",52.467488,4.613347,2018-01-28 09:36:25,2018-01-28 09:36:25,1,4,1606.918999,401.72975,239300.863573,45987.788161,FALSE,NA,NA,NA,NA,NA,NA,TRUE
"5969","A69-1602-3182",5969,"Noordzeekanaal","Noordzeekanaal","VR2W-114165",52.462798,4.633995,2018-01-28 09:37:10,2018-01-28 09:38:33,3,45,1606.918999,35.709311,240907.782572,44380.869162,TRUE,45987.788161,135,2018-01-28 09:39:14,1606.91899899999,124,12.9590241854838,TRUE
"5970","A69-1602-3182",5970,"Noordzeekanaal","Grote sluis NZK","VR2W-114178",52.467488,4.613347,2018-01-28 09:39:14,2018-01-28 09:40:03,2,41,1606.918999,39.193146,242514.701571,45987.788161,FALSE,NA,NA,NA,NA,NA,NA,TRUE
"5971","A69-1602-3182",5971,"Noordzeekanaal","Noordzeekanaal","VR2W-114165",52.462798,4.633995,2018-01-28 09:40:47,2018-01-28 09:40:47,1,44,1606.918999,36.520886,244121.62057,44380.869162,TRUE,45987.788161,137,2018-01-28 09:40:49,1606.91899899999,2,803.459499499997,TRUE
"5972","A69-1602-3182",5972,"Noordzeekanaal","Grote sluis NZK","VR2W-114178",52.467488,4.613347,2018-01-28 09:40:49,2018-01-28 09:40:49,1,2,1606.918999,803.459499,245728.539569,45987.788161,FALSE,NA,NA,NA,NA,NA,NA,TRUE
"5973","A69-1602-3182",5973,"Noordzeekanaal","Noordzeekanaal","VR2W-114165",52.462798,4.633995,2018-01-28 09:41:21,2018-01-28 09:41:21,1,32,1606.918999,50.216219,247335.458568,44380.869162,TRUE,45987.788161,139,2018-01-28 09:43:44,1606.91899899999,143,11.2371957972028,TRUE
"5974","A69-1602-3182",5974,"Noordzeekanaal","Grote sluis NZK","VR2W-114178",52.467488,4.613347,2018-01-28 09:43:44,2018-01-28 09:43:44,1,143,1606.918999,11.237196,248942.377567,45987.788161,FALSE,NA,NA,NA,NA,NA,NA,TRUE
"5975","A69-1602-3182",5975,"Noordzeekanaal","Noordzeekanaal","VR2W-114165",52.462798,4.633995,2018-01-28 09:44:13,2018-01-28 09:44:13,1,29,1606.918999,55.411,250549.296566,44380.869162,TRUE,45987.788161,141,2018-01-28 09:44:21,1606.91899899999,8,200.864874874999,TRUE
"5976","A69-1602-3182",5976,"Noordzeekanaal","Grote sluis NZK","VR2W-114178",52.467488,4.613347,2018-01-28 09:44:21,2018-01-28 09:44:21,1,8,1606.918999,200.864875,252156.215565,45987.788161,FALSE,NA,NA,NA,NA,NA,NA,TRUE
"5977","A69-1602-3182",5977,"Noordzeekanaal","Noordzeekanaal","VR2W-114165",52.462798,4.633995,2018-01-28 09:45:32,2018-01-28 09:45:32,1,71,1606.918999,22.632662,253763.134564,44380.869162,TRUE,45987.788161,143,2018-01-28 09:46:35,1606.91899899999,63,25.5066507777777,TRUE
"5978","A69-1602-3182",5978,"Noordzeekanaal","Grote sluis NZK","VR2W-114178",52.467488,4.613347,2018-01-28 09:46:35,2018-01-28 09:47:43,3,63,1606.918999,25.506651,255370.053563,45987.788161,FALSE,NA,NA,NA,NA,NA,NA,TRUE
"5979","A69-1602-3182",5979,"Noordzeekanaal","Noordzeekanaal","VR2W-114165",52.462798,4.633995,2018-01-28 09:48:48,2018-01-28 09:49:25,2,65,1606.918999,24.721831,256976.972562,44380.869162,TRUE,45987.788161,145,2018-01-28 09:50:01,1606.91899899999,73,22.0125890273972,TRUE
"5980","A69-1602-3182",5980,"Noordzeekanaal","Grote sluis NZK","VR2W-114178",52.467488,4.613347,2018-01-28 09:50:01,2018-01-28 09:51:20,3,36,1606.918999,44.636639,258583.891561,45987.788161,FALSE,NA,NA,NA,NA,NA,NA,TRUE
"5981","A69-1602-3182",5981,"Noordzeekanaal","Noordzeekanaal","VR2W-114165",52.462798,4.633995,2018-01-28 09:52:01,2018-01-28 09:52:01,1,41,1606.918999,39.193146,260190.81056,44380.869162,TRUE,45987.788161,147,2018-01-28 09:52:09,1606.91899899999,8,200.864874874999,TRUE
"5982","A69-1602-3182",5982,"Noordzeekanaal","Grote sluis NZK","VR2W-114178",52.467488,4.613347,2018-01-28 09:52:09,2018-01-28 09:53:27,3,8,1606.918999,200.864875,261797.729559,45987.788161,FALSE,NA,NA,NA,NA,NA,NA,TRUE
"5983","A69-1602-3182",5983,"Noordzeekanaal","Noordzeekanaal","VR2W-114165",52.462798,4.633995,2018-01-28 09:53:29,2018-01-28 09:53:29,1,2,1606.918999,803.459499,263404.648558,44380.869162,TRUE,45987.788161,149,2018-01-28 09:54:01,1606.91899899999,32,50.2162187187498,TRUE
"5984","A69-1602-3182",5984,"Noordzeekanaal","Grote sluis NZK","VR2W-114178",52.467488,4.613347,2018-01-28 09:54:01,2018-01-28 09:54:01,1,32,1606.918999,50.216219,265011.567557,45987.788161,FALSE,NA,NA,NA,NA,NA,NA,TRUE
"5985","A69-1602-3182",5985,"Noordzeekanaal","Noordzeekanaal","VR2W-114165",52.462798,4.633995,2018-01-28 09:54:11,2018-01-28 09:54:11,1,10,1606.918999,160.6919,266618.486556,44380.869162,TRUE,45987.788161,151,2018-01-28 09:54:36,1606.91899899999,25,64.2767599599998,TRUE
"5986","A69-1602-3182",5986,"Noordzeekanaal","Grote sluis NZK","VR2W-114178",52.467488,4.613347,2018-01-28 09:54:36,2018-01-28 09:54:36,1,25,1606.918999,64.27676,268225.405555,45987.788161,FALSE,NA,NA,NA,NA,NA,NA,TRUE
"5987","A69-1602-3182",5987,"Noordzeekanaal","Noordzeekanaal","VR2W-114165",52.462798,4.633995,2018-01-28 09:55:00,2018-01-28 09:55:00,1,24,1606.918999,66.954958,269832.324554,44380.869162,TRUE,45987.788161,153,2018-01-28 09:55:12,1606.91899899999,12,133.909916583333,TRUE
"5988","A69-1602-3182",5988,"Noordzeekanaal","Grote sluis NZK","VR2W-114178",52.467488,4.613347,2018-01-28 09:55:12,2018-01-28 09:55:12,1,12,1606.918999,133.909917,271439.243553,45987.788161,FALSE,NA,NA,NA,NA,NA,NA,TRUE
"5989","A69-1602-3182",5989,"Noordzeekanaal","Noordzeekanaal","VR2W-114165",52.462798,4.633995,2018-01-28 09:55:44,2018-01-28 09:55:44,1,32,1606.918999,50.216219,273046.162552,44380.869162,TRUE,45987.788161,155,2018-01-28 09:55:52,1606.91899899999,8,200.864874874999,TRUE
"5990","A69-1602-3182",5990,"Noordzeekanaal","Grote sluis NZK","VR2W-114178",52.467488,4.613347,2018-01-28 09:55:52,2018-01-28 09:56:36,2,8,1606.918999,200.864875,274653.081551,45987.788161,FALSE,NA,NA,NA,NA,NA,NA,TRUE
"5991","A69-1602-3182",5991,"Noordzeekanaal","Noordzeekanaal","VR2W-114165",52.462798,4.633995,2018-01-28 09:56:56,2018-01-28 09:56:56,1,20,1606.918999,80.34595,276260.00055,44380.869162,TRUE,45987.788161,157,2018-01-28 09:57:12,1606.91899899999,16,100.4324374375,TRUE
"5992","A69-1602-3182",5992,"Noordzeekanaal","Grote sluis NZK","VR2W-114178",52.467488,4.613347,2018-01-28 09:57:12,2018-01-28 09:57:12,1,16,1606.918999,100.432437,277866.919549,45987.788161,FALSE,NA,NA,NA,NA,NA,NA,TRUE
"5993","A69-1602-3182",5993,"Noordzeekanaal","Noordzeekanaal","VR2W-114165",52.462798,4.633995,2018-01-28 09:57:37,2018-01-28 09:57:37,1,25,1606.918999,64.27676,279473.838548,44380.869162,TRUE,45987.788161,159,2018-01-28 09:57:49,1606.91899899999,12,133.909916583333,TRUE
"5994","A69-1602-3182",5994,"Noordzeekanaal","Grote sluis NZK","VR2W-114178",52.467488,4.613347,2018-01-28 09:57:49,2018-01-28 09:57:49,1,12,1606.918999,133.909917,281080.757547,45987.788161,FALSE,NA,NA,NA,NA,NA,NA,TRUE
"5995","A69-1602-3182",5995,"Noordzeekanaal","Noordzeekanaal","VR2W-114165",52.462798,4.633995,2018-01-28 09:58:23,2018-01-28 09:58:23,1,34,1606.918999,47.262323,282687.676546,44380.869162,TRUE,45987.788161,161,2018-01-28 09:58:29,1606.91899899999,6,267.819833166666,TRUE
"5996","A69-1602-3182",5996,"Noordzeekanaal","Grote sluis NZK","VR2W-114178",52.467488,4.613347,2018-01-28 09:58:29,2018-01-28 09:58:29,1,6,1606.918999,267.819833,284294.595545,45987.788161,FALSE,NA,NA,NA,NA,NA,NA,TRUE
"5997","A69-1602-3182",5997,"Noordzeekanaal","Noordzeekanaal","VR2W-114165",52.462798,4.633995,2018-01-28 09:59:03,2018-01-28 09:59:03,1,34,1606.918999,47.262323,285901.514544,44380.869162,TRUE,45987.788161,163,2018-01-28 09:59:17,1606.91899899999,14,114.7799285,TRUE
"5998","A69-1602-3182",5998,"Noordzeekanaal","Grote sluis NZK","VR2W-114178",52.467488,4.613347,2018-01-28 09:59:17,2018-01-28 10:00:47,3,14,1606.918999,114.779928,287508.433543,45987.788161,FALSE,NA,NA,NA,NA,NA,NA,TRUE
"5999","A69-1602-3182",5999,"Noordzeekanaal","Noordzeekanaal","VR2W-114165",52.462798,4.633995,2018-01-28 10:16:18,2018-01-28 10:18:47,2,931,1606.918999,1.726014,289115.352542,44380.869162,TRUE,45987.788161,165,2018-01-28 10:25:14,1606.91899899999,536,2.99798320708954,TRUE
"6000","A69-1602-3182",6000,"Noordzeekanaal","Grote sluis NZK","VR2W-114178",52.467488,4.613347,2018-01-28 10:25:14,2018-01-28 10:39:49,15,387,1606.918999,4.152245,290722.271541,45987.788161,FALSE,NA,NA,NA,NA,NA,NA,TRUE
"6001","A69-1602-3182",6001,"Noordzeekanaal","Noordzeekanaal","VR2W-114165",52.462798,4.633995,2018-01-28 10:42:17,2018-01-28 10:42:17,1,148,1606.918999,10.857561,292329.19054,44380.869162,TRUE,45987.788161,167,2018-01-28 10:42:24,1606.91899899999,7,229.559856999999,TRUE
"6002","A69-1602-3182",6002,"Noordzeekanaal","Grote sluis NZK","VR2W-114178",52.467488,4.613347,2018-01-28 10:42:24,2018-01-28 11:00:29,17,7,1606.918999,229.559857,293936.109539,45987.788161,FALSE,NA,NA,NA,NA,NA,NA,TRUE
"6003","A69-1602-3182",6003,"Noordzeekanaal","Noordzeekanaal","VR2W-114165",52.462798,4.633995,2018-01-28 11:01:15,2018-01-28 11:01:15,1,46,1606.918999,34.933022,295543.028538,44380.869162,TRUE,45987.788161,169,2018-01-28 11:02:02,1606.91899899999,47,34.1897659361701,TRUE
"6004","A69-1602-3182",6004,"Noordzeekanaal","Grote sluis NZK","VR2W-114178",52.467488,4.613347,2018-01-28 11:02:02,2018-01-28 11:04:57,5,47,1606.918999,34.189766,297149.947537,45987.788161,FALSE,NA,NA,NA,NA,NA,NA,TRUE
"6005","A69-1602-3182",6005,"Noordzeekanaal","Noordzeekanaal","VR2W-114165",52.462798,4.633995,2018-01-28 11:05:28,2018-01-28 11:05:28,1,31,1606.918999,51.836097,298756.866536,44380.869162,TRUE,45987.788161,171,2018-01-28 11:05:37,1606.91899899999,9,178.546555444444,TRUE
"6006","A69-1602-3182",6006,"Noordzeekanaal","Grote sluis NZK","VR2W-114178",52.467488,4.613347,2018-01-28 11:05:37,2018-01-28 11:06:23,2,9,1606.918999,178.546555,300363.785535,45987.788161,FALSE,NA,NA,NA,NA,NA,NA,TRUE
"6007","A69-1602-3182",6007,"Noordzeekanaal","Noordzeekanaal","VR2W-114165",52.462798,4.633995,2018-01-28 11:06:45,2018-01-28 11:06:45,1,22,1606.918999,73.041773,301970.704534,44380.869162,TRUE,45987.788161,173,2018-01-28 11:07:03,1606.91899899999,18,89.2732777222219,TRUE
"6008","A69-1602-3182",6008,"Noordzeekanaal","Grote sluis NZK","VR2W-114178",52.467488,4.613347,2018-01-28 11:07:03,2018-01-28 11:07:03,1,18,1606.918999,89.273278,303577.623533,45987.788161,FALSE,NA,NA,NA,NA,NA,NA,TRUE
"6009","A69-1602-3182",6009,"Noordzeekanaal","Noordzeekanaal","VR2W-114165",52.462798,4.633995,2018-01-28 11:07:31,2018-01-28 11:07:31,1,28,1606.918999,57.389964,305184.542532,44380.869162,TRUE,45987.788161,175,2018-01-28 11:07:49,1606.91899899999,18,89.2732777222219,TRUE
"6010","A69-1602-3182",6010,"Noordzeekanaal","Grote sluis NZK","VR2W-114178",52.467488,4.613347,2018-01-28 11:07:49,2018-01-28 11:07:49,1,18,1606.918999,89.273278,306791.461531,45987.788161,FALSE,NA,NA,NA,NA,NA,NA,TRUE
"6011","A69-1602-3182",6011,"Noordzeekanaal","Noordzeekanaal","VR2W-114165",52.462798,4.633995,2018-01-28 11:08:09,2018-01-28 11:08:09,1,20,1606.918999,80.34595,308398.38053,44380.869162,TRUE,45987.788161,177,2018-01-28 11:08:26,1606.91899899999,17,94.5246469999996,TRUE
"6012","A69-1602-3182",6012,"Noordzeekanaal","Grote sluis NZK","VR2W-114178",52.467488,4.613347,2018-01-28 11:08:26,2018-01-28 11:08:26,1,17,1606.918999,94.524647,310005.299529,45987.788161,FALSE,NA,NA,NA,NA,NA,NA,TRUE
"6013","A69-1602-3182",6013,"Noordzeekanaal","Noordzeekanaal","VR2W-114165",52.462798,4.633995,2018-01-28 11:08:51,2018-01-28 11:08:51,1,25,1606.918999,64.27676,311612.218528,44380.869162,TRUE,45987.788161,179,2018-01-28 11:09:08,1606.91899899999,17,94.5246469999996,TRUE
"6014","A69-1602-3182",6014,"Noordzeekanaal","Grote sluis NZK","VR2W-114178",52.467488,4.613347,2018-01-28 11:09:08,2018-01-28 11:13:19,6,17,1606.918999,94.524647,313219.137527,45987.788161,FALSE,NA,NA,NA,NA,NA,NA,TRUE
"6015","A69-1602-3182",6015,"Noordzeekanaal","Noordzeekanaal","VR2W-114165",52.462798,4.633995,2018-01-28 11:13:26,2018-01-28 11:13:26,1,7,1606.918999,229.559857,314826.056526,44380.869162,TRUE,45987.788161,181,2018-01-28 11:13:57,1606.91899899999,31,51.8360967419353,TRUE
"6016","A69-1602-3182",6016,"Noordzeekanaal","Grote sluis NZK","VR2W-114178",52.467488,4.613347,2018-01-28 11:13:57,2018-01-28 11:13:57,1,31,1606.918999,51.836097,316432.975525,45987.788161,FALSE,NA,NA,NA,NA,NA,NA,TRUE
"6017","A69-1602-3182",6017,"Noordzeekanaal","Noordzeekanaal","VR2W-114165",52.462798,4.633995,2018-01-28 11:14:10,2018-01-28 11:14:10,1,13,1606.918999,123.609154,318039.894524,44380.869162,TRUE,45987.788161,183,2018-01-28 11:14:39,1606.91899899999,29,55.410999965517,TRUE
"6018","A69-1602-3182",6018,"Noordzeekanaal","Grote sluis NZK","VR2W-114178",52.467488,4.613347,2018-01-28 11:14:39,2018-01-28 11:14:39,1,29,1606.918999,55.411,319646.813523,45987.788161,FALSE,NA,NA,NA,NA,NA,NA,TRUE
"6019","A69-1602-3182",6019,"Noordzeekanaal","Noordzeekanaal","VR2W-114165",52.462798,4.633995,2018-01-28 11:15:19,2018-01-28 11:15:19,1,40,1606.918999,40.172975,321253.732522,44380.869162,TRUE,45987.788161,185,2018-01-28 11:15:29,1606.91899899999,10,160.691899899999,TRUE
"6020","A69-1602-3182",6020,"Noordzeekanaal","Grote sluis NZK","VR2W-114178",52.467488,4.613347,2018-01-28 11:15:29,2018-01-28 11:15:29,1,10,1606.918999,160.6919,322860.651521,45987.788161,FALSE,NA,NA,NA,NA,NA,NA,TRUE
"6021","A69-1602-3182",6021,"Noordzeekanaal","Noordzeekanaal","VR2W-114165",52.462798,4.633995,2018-01-28 11:15:55,2018-01-28 11:15:55,1,26,1606.918999,61.804577,324467.57052,44380.869162,TRUE,45987.788161,187,2018-01-28 11:16:16,1606.91899899999,21,76.5199523333331,TRUE
"6022","A69-1602-3182",6022,"Noordzeekanaal","Grote sluis NZK","VR2W-114178",52.467488,4.613347,2018-01-28 11:16:16,2018-01-28 11:16:16,1,21,1606.918999,76.519952,326074.489519,45987.788161,FALSE,NA,NA,NA,NA,NA,NA,TRUE
"6023","A69-1602-3182",6023,"Noordzeekanaal","Noordzeekanaal","VR2W-114165",52.462798,4.633995,2018-01-28 11:16:32,2018-01-28 11:16:32,1,16,1606.918999,100.432437,327681.408518,44380.869162,TRUE,45987.788161,189,2018-01-28 11:17:44,1606.91899899999,72,22.3183194305555,TRUE
"6024","A69-1602-3182",6024,"Noordzeekanaal","Grote sluis NZK","VR2W-114178",52.467488,4.613347,2018-01-28 11:17:44,2018-01-28 11:17:44,1,72,1606.918999,22.318319,329288.327517,45987.788161,FALSE,NA,NA,NA,NA,NA,NA,TRUE
"6025","A69-1602-3182",6025,"Noordzeekanaal","Noordzeekanaal","VR2W-114165",52.462798,4.633995,2018-01-28 11:18:01,2018-01-28 11:18:01,1,17,1606.918999,94.524647,330895.246516,44380.869162,TRUE,45987.788161,191,2018-01-28 11:18:26,1606.91899899999,25,64.2767599599998,TRUE
"6026","A69-1602-3182",6026,"Noordzeekanaal","Grote sluis NZK","VR2W-114178",52.467488,4.613347,2018-01-28 11:18:26,2018-01-28 11:18:26,1,25,1606.918999,64.27676,332502.165515,45987.788161,FALSE,NA,NA,NA,NA,NA,NA,TRUE
"6027","A69-1602-3182",6027,"Noordzeekanaal","Noordzeekanaal","VR2W-114165",52.462798,4.633995,2018-01-28 11:19:34,2018-01-28 11:19:34,1,68,1606.918999,23.631162,334109.084514,44380.869162,TRUE,45987.788161,193,2018-01-28 11:19:58,1606.91899899999,24,66.9549582916664,TRUE
"6028","A69-1602-3182",6028,"Noordzeekanaal","Grote sluis NZK","VR2W-114178",52.467488,4.613347,2018-01-28 11:19:58,2018-01-28 11:20:32,2,24,1606.918999,66.954958,335716.003513,45987.788161,FALSE,NA,NA,NA,NA,NA,NA,TRUE
"6029","A69-1602-3182",6029,"Noordzeekanaal","Noordzeekanaal","VR2W-114165",52.462798,4.633995,2018-01-28 11:21:06,2018-01-28 11:22:53,2,34,1606.918999,47.262323,337322.922512,44380.869162,TRUE,45987.788161,195,2018-01-28 11:25:22,1606.91899899999,256,6.27702733984373,TRUE
"6030","A69-1602-3182",6030,"Noordzeekanaal","Grote sluis NZK","VR2W-114178",52.467488,4.613347,2018-01-28 11:25:22,2018-01-28 11:27:48,4,149,1606.918999,10.784691,338929.841511,45987.788161,FALSE,NA,NA,NA,NA,NA,NA,TRUE
"6031","A69-1602-3182",6031,"Noordzeekanaal","Noordzeekanaal","VR2W-114165",52.462798,4.633995,2018-01-28 11:28:20,2018-01-28 11:28:20,1,32,1606.918999,50.216219,340536.76051,44380.869162,TRUE,45987.788161,197,2018-01-28 11:28:41,1606.91899899999,21,76.5199523333331,TRUE
"6032","A69-1602-3182",6032,"Noordzeekanaal","Grote sluis NZK","VR2W-114178",52.467488,4.613347,2018-01-28 11:28:41,2018-01-28 11:31:53,4,21,1606.918999,76.519952,342143.679509,45987.788161,FALSE,NA,NA,NA,NA,NA,NA,TRUE
"6033","A69-1602-3182",6033,"Noordzeekanaal","Noordzeekanaal","VR2W-114165",52.462798,4.633995,2018-01-28 11:33:24,2018-01-28 11:33:24,1,91,1606.918999,17.658451,343750.598508,44380.869162,TRUE,45987.788161,199,2018-01-28 11:33:29,1606.91899899999,5,321.383799799999,TRUE
"6034","A69-1602-3182",6034,"Noordzeekanaal","Grote sluis NZK","VR2W-114178",52.467488,4.613347,2018-01-28 11:33:29,2018-01-28 11:33:29,1,5,1606.918999,321.3838,345357.517507,45987.788161,FALSE,NA,NA,NA,NA,NA,NA,TRUE
"6035","A69-1602-3182",6035,"Noordzeekanaal","Noordzeekanaal","VR2W-114165",52.462798,4.633995,2018-01-28 11:34:09,2018-01-28 11:34:09,1,40,1606.918999,40.172975,346964.436506,44380.869162,TRUE,45987.788161,201,2018-01-28 11:34:51,1606.91899899999,42,38.2599761666665,TRUE
"6036","A69-1602-3182",6036,"Noordzeekanaal","Grote sluis NZK","VR2W-114178",52.467488,4.613347,2018-01-28 11:34:51,2018-01-28 11:36:38,3,42,1606.918999,38.259976,348571.355505,45987.788161,FALSE,NA,NA,NA,NA,NA,NA,TRUE
"6037","A69-1602-3182",6037,"Noordzeekanaal","Noordzeekanaal","VR2W-114165",52.462798,4.633995,2018-01-28 11:38:22,2018-01-28 11:39:10,2,104,1606.918999,15.451144,350178.274504,44380.869162,TRUE,45987.788161,203,2018-01-28 11:39:12,1606.91899899999,50,32.1383799799999,TRUE
"6038","A69-1602-3182",6038,"Noordzeekanaal","Grote sluis NZK","VR2W-114178",52.467488,4.613347,2018-01-28 11:39:12,2018-01-28 11:39:12,1,2,1606.918999,803.459499,351785.193503,45987.788161,FALSE,NA,NA,NA,NA,NA,NA,TRUE
"6039","A69-1602-3182",6039,"Noordzeekanaal","Noordzeekanaal","VR2W-114165",52.462798,4.633995,2018-01-28 11:39:52,2018-01-28 11:39:52,1,40,1606.918999,40.172975,353392.112502,44380.869162,TRUE,45987.788161,205,2018-01-28 11:41:59,1606.91899899999,127,12.652905503937,TRUE
"6040","A69-1602-3182",6040,"Noordzeekanaal","Grote sluis NZK","VR2W-114178",52.467488,4.613347,2018-01-28 11:41:59,2018-01-28 11:41:59,1,127,1606.918999,12.652906,354999.031501,45987.788161,FALSE,NA,NA,NA,NA,NA,NA,TRUE
"6041","A69-1602-3182",6041,"Noordzeekanaal","Noordzeekanaal","VR2W-114165",52.462798,4.633995,2018-01-28 11:42:10,2018-01-28 11:42:10,1,11,1606.918999,146.083545,356605.9505,44380.869162,TRUE,45987.788161,207,2018-01-28 11:42:37,1606.91899899999,27,59.5155184814813,TRUE
"6042","A69-1602-3182",6042,"Noordzeekanaal","Grote sluis NZK","VR2W-114178",52.467488,4.613347,2018-01-28 11:42:37,2018-01-28 11:42:37,1,27,1606.918999,59.515518,358212.869499,45987.788161,FALSE,NA,NA,NA,NA,NA,NA,TRUE
"6043","A69-1602-3182",6043,"Noordzeekanaal","Noordzeekanaal","VR2W-114165",52.462798,4.633995,2018-01-28 11:42:56,2018-01-28 11:47:34,4,19,1606.918999,84.574684,359819.788498,44380.869162,TRUE,45987.788161,209,2018-01-28 11:47:58,1606.91899899999,302,5.32092383774832,TRUE
"6044","A69-1602-3182",6044,"Noordzeekanaal","Grote sluis NZK","VR2W-114178",52.467488,4.613347,2018-01-28 11:47:58,2018-01-28 11:47:58,1,24,1606.918999,66.954958,361426.707497,45987.788161,FALSE,NA,NA,NA,NA,NA,NA,TRUE
"6045","A69-1602-3182",6045,"Noordzeekanaal","Noordzeekanaal","VR2W-114165",52.462798,4.633995,2018-01-28 11:48:16,2018-01-28 11:48:16,1,18,1606.918999,89.273278,363033.626496,44380.869162,TRUE,45987.788161,211,2018-01-28 11:48:44,1606.91899899999,28,57.3899642499998,TRUE
"6046","A69-1602-3182",6046,"Noordzeekanaal","Grote sluis NZK","VR2W-114178",52.467488,4.613347,2018-01-28 11:48:44,2018-01-28 11:48:44,1,28,1606.918999,57.389964,364640.545495,45987.788161,FALSE,NA,NA,NA,NA,NA,NA,TRUE
"6047","A69-1602-3182",6047,"Noordzeekanaal","Noordzeekanaal","VR2W-114165",52.462798,4.633995,2018-01-28 11:49:06,2018-01-28 11:49:06,1,22,1606.918999,73.041773,366247.464494,44380.869162,TRUE,45987.788161,213,2018-01-28 11:49:24,1606.91899899999,18,89.2732777222219,TRUE
"6048","A69-1602-3182",6048,"Noordzeekanaal","Grote sluis NZK","VR2W-114178",52.467488,4.613347,2018-01-28 11:49:24,2018-01-28 11:49:24,1,18,1606.918999,89.273278,367854.383493,45987.788161,FALSE,NA,NA,NA,NA,NA,NA,TRUE
"6049","A69-1602-3182",6049,"Noordzeekanaal","Noordzeekanaal","VR2W-114165",52.462798,4.633995,2018-01-28 11:49:52,2018-01-28 11:49:52,1,28,1606.918999,57.389964,369461.302492,44380.869162,TRUE,45987.788161,215,2018-01-28 11:50:11,1606.91899899999,19,84.5746841578944,TRUE
"6050","A69-1602-3182",6050,"Noordzeekanaal","Grote sluis NZK","VR2W-114178",52.467488,4.613347,2018-01-28 11:50:11,2018-01-28 11:54:54,6,19,1606.918999,84.574684,371068.221491,45987.788161,FALSE,NA,NA,NA,NA,NA,NA,TRUE
"6051","A69-1602-3182",6051,"Noordzeekanaal","Noordzeekanaal","VR2W-114165",52.462798,4.633995,2018-01-28 11:55:12,2018-01-28 11:55:12,1,18,1606.918999,89.273278,372675.14049,44380.869162,TRUE,45987.788161,217,2018-01-28 11:55:40,1606.91899899999,28,57.3899642499998,TRUE
"6052","A69-1602-3182",6052,"Noordzeekanaal","Grote sluis NZK","VR2W-114178",52.467488,4.613347,2018-01-28 11:55:40,2018-01-28 11:55:40,1,28,1606.918999,57.389964,374282.059489,45987.788161,FALSE,NA,NA,NA,NA,NA,NA,TRUE
"6053","A69-1602-3182",6053,"Noordzeekanaal","Noordzeekanaal","VR2W-114165",52.462798,4.633995,2018-01-28 11:56:01,2018-01-28 11:57:20,3,21,1606.918999,76.519952,375888.978488,44380.869162,TRUE,45987.788161,219,2018-01-28 11:57:37,1606.91899899999,96,16.7387395729166,TRUE
"6054","A69-1602-3182",6054,"Noordzeekanaal","Grote sluis NZK","VR2W-114178",52.467488,4.613347,2018-01-28 11:57:37,2018-01-28 11:57:37,1,17,1606.918999,94.524647,377495.897487,45987.788161,FALSE,NA,NA,NA,NA,NA,NA,TRUE
"6055","A69-1602-3182",6055,"Noordzeekanaal","Noordzeekanaal","VR2W-114165",52.462798,4.633995,2018-01-28 11:57:56,2018-01-28 11:57:56,1,19,1606.918999,84.574684,379102.816486,44380.869162,TRUE,45987.788161,221,2018-01-28 11:58:12,1606.91899899999,16,100.4324374375,TRUE
"6056","A69-1602-3182",6056,"Noordzeekanaal","Grote sluis NZK","VR2W-114178",52.467488,4.613347,2018-01-28 11:58:12,2018-01-28 11:58:12,1,16,1606.918999,100.432437,380709.735485,45987.788161,FALSE,NA,NA,NA,NA,NA,NA,TRUE
"6057","A69-1602-3182",6057,"Noordzeekanaal","Noordzeekanaal","VR2W-114165",52.462798,4.633995,2018-01-28 11:58:35,2018-01-28 11:58:35,1,23,1606.918999,69.866043,382316.654484,44380.869162,TRUE,45987.788161,223,2018-01-28 11:58:48,1606.91899899999,13,123.60915376923,TRUE
"6058","A69-1602-3182",6058,"Noordzeekanaal","Grote sluis NZK","VR2W-114178",52.467488,4.613347,2018-01-28 11:58:48,2018-01-28 11:58:48,1,13,1606.918999,123.609154,383923.573483,45987.788161,FALSE,NA,NA,NA,NA,NA,NA,TRUE
"6059","A69-1602-3182",6059,"Noordzeekanaal","Noordzeekanaal","VR2W-114165",52.462798,4.633995,2018-01-28 11:59:19,2018-01-28 11:59:19,1,31,1606.918999,51.836097,385530.492482,44380.869162,TRUE,45987.788161,225,2018-01-28 12:01:00,1606.91899899999,101,15.9100890990098,TRUE
"6060","A69-1602-3182",6060,"Noordzeekanaal","Grote sluis NZK","VR2W-114178",52.467488,4.613347,2018-01-28 12:01:00,2018-01-28 12:01:49,2,101,1606.918999,15.910089,387137.411481,45987.788161,FALSE,NA,NA,NA,NA,NA,NA,TRUE
"6061","A69-1602-3182",6061,"Noordzeekanaal","Noordzeekanaal","VR2W-114165",52.462798,4.633995,2018-01-28 12:01:58,2018-01-28 12:01:58,1,9,1606.918999,178.546555,388744.33048,44380.869162,TRUE,45987.788161,227,2018-01-28 12:03:08,1606.91899899999,70,22.9559856999999,TRUE
"6062","A69-1602-3182",6062,"Noordzeekanaal","Grote sluis NZK","VR2W-114178",52.467488,4.613347,2018-01-28 12:03:08,2018-01-28 12:03:08,1,70,1606.918999,22.955986,390351.249479,45987.788161,FALSE,NA,NA,NA,NA,NA,NA,TRUE
"6063","A69-1602-3182",6063,"Noordzeekanaal","Noordzeekanaal","VR2W-114165",52.462798,4.633995,2018-01-28 12:03:39,2018-01-28 12:03:39,1,31,1606.918999,51.836097,391958.168478,44380.869162,TRUE,45987.788161,229,2018-01-28 12:04:23,1606.91899899999,44,36.520886340909,TRUE
"6064","A69-1602-3182",6064,"Noordzeekanaal","Grote sluis NZK","VR2W-114178",52.467488,4.613347,2018-01-28 12:04:23,2018-01-28 12:04:23,1,44,1606.918999,36.520886,393565.087477,45987.788161,FALSE,NA,NA,NA,NA,NA,NA,TRUE
"6065","A69-1602-3182",6065,"Noordzeekanaal","Noordzeekanaal","VR2W-114165",52.462798,4.633995,2018-01-28 12:04:25,2018-01-28 12:05:03,2,2,1606.918999,803.459499,395172.006476,44380.869162,TRUE,45987.788161,231,2018-01-28 12:05:07,1606.91899899999,42,38.2599761666665,TRUE
"6066","A69-1602-3182",6066,"Noordzeekanaal","Grote sluis NZK","VR2W-114178",52.467488,4.613347,2018-01-28 12:05:07,2018-01-28 12:05:07,1,4,1606.918999,401.72975,396778.925475,45987.788161,FALSE,NA,NA,NA,NA,NA,NA,TRUE
"6067","A69-1602-3182",6067,"Noordzeekanaal","Noordzeekanaal","VR2W-114165",52.462798,4.633995,2018-01-28 12:05:45,2018-01-28 12:05:45,1,38,1606.918999,42.287342,398385.844474,44380.869162,TRUE,45987.788161,233,2018-01-28 12:06:00,1606.91899899999,15,107.127933266666,TRUE
"6068","A69-1602-3182",6068,"Noordzeekanaal","Grote sluis NZK","VR2W-114178",52.467488,4.613347,2018-01-28 12:06:00,2018-01-28 12:06:00,1,15,1606.918999,107.127933,399992.763473,45987.788161,FALSE,NA,NA,NA,NA,NA,NA,TRUE
"6069","A69-1602-3182",6069,"Noordzeekanaal","Noordzeekanaal","VR2W-114165",52.462798,4.633995,2018-01-28 12:07:24,2018-01-28 12:07:24,1,84,1606.918999,19.129988,401599.682472,44380.869162,TRUE,45987.788161,235,2018-01-28 12:07:46,1606.91899899999,22,73.0417726818179,TRUE
"6070","A69-1602-3182",6070,"Noordzeekanaal","Grote sluis NZK","VR2W-114178",52.467488,4.613347,2018-01-28 12:07:46,2018-01-28 12:13:55,6,22,1606.918999,73.041773,403206.601471,45987.788161,FALSE,NA,NA,NA,NA,NA,NA,TRUE
"6071","A69-1602-3182",6071,"Noordzeekanaal","Noordzeekanaal","VR2W-114165",52.462798,4.633995,2018-01-28 12:14:13,2018-01-28 12:14:13,1,18,1606.918999,89.273278,404813.52047,44380.869162,TRUE,45987.788161,237,2018-01-28 12:16:15,1606.91899899999,122,13.171467204918,TRUE
"6072","A69-1602-3182",6072,"Noordzeekanaal","Grote sluis NZK","VR2W-114178",52.467488,4.613347,2018-01-28 12:16:15,2018-01-28 12:24:43,7,122,1606.918999,13.171467,406420.439469,45987.788161,FALSE,NA,NA,NA,NA,NA,NA,TRUE
"6073","A69-1602-3182",6073,"Noordzeekanaal","Noordzeekanaal","VR2W-114165",52.462798,4.633995,2018-01-28 12:27:16,2018-01-28 12:27:16,1,153,1606.918999,10.502739,408027.358468,44380.869162,TRUE,45987.788161,239,2018-01-28 12:27:51,1606.91899899999,35,45.9119713999998,TRUE
"6074","A69-1602-3182",6074,"Noordzeekanaal","Grote sluis NZK","VR2W-114178",52.467488,4.613347,2018-01-28 12:27:51,2018-01-28 12:27:51,1,35,1606.918999,45.911971,409634.277467,45987.788161,FALSE,NA,NA,NA,NA,NA,NA,TRUE
"6075","A69-1602-3182",6075,"Noordzeekanaal","Noordzeekanaal","VR2W-114165",52.462798,4.633995,2018-01-28 12:27:54,2018-01-28 12:28:37,2,3,1606.918999,535.639666,411241.196466,44380.869162,TRUE,45987.788161,241,2018-01-28 12:29:20,1606.91899899999,86,18.6851046395348,TRUE
"6076","A69-1602-3182",6076,"Noordzeekanaal","Grote sluis NZK","VR2W-114178",52.467488,4.613347,2018-01-28 12:29:20,2018-01-28 12:29:20,1,43,1606.918999,37.370209,412848.115465,45987.788161,FALSE,NA,NA,NA,NA,NA,NA,TRUE
"6077","A69-1602-3182",6077,"Noordzeekanaal","Noordzeekanaal","VR2W-114165",52.462798,4.633995,2018-01-28 12:29:28,2018-01-28 12:29:28,1,8,1606.918999,200.864875,414455.034464,44380.869162,TRUE,45987.788161,243,2018-01-28 12:30:03,1606.91899899999,35,45.9119713999998,TRUE
"6078","A69-1602-3182",6078,"Noordzeekanaal","Grote sluis NZK","VR2W-114178",52.467488,4.613347,2018-01-28 12:30:03,2018-01-28 12:30:03,1,35,1606.918999,45.911971,416061.953463,45987.788161,FALSE,NA,NA,NA,NA,NA,NA,TRUE
"6079","A69-1602-3182",6079,"Noordzeekanaal","Noordzeekanaal","VR2W-114165",52.462798,4.633995,2018-01-28 12:33:16,2018-01-28 12:35:01,3,193,1606.918999,8.326005,417668.872462,44380.869162,TRUE,45987.788161,245,2018-01-28 12:35:16,1606.91899899999,120,13.3909916583333,TRUE
"6080","A69-1602-3182",6080,"Noordzeekanaal","Grote sluis NZK","VR2W-114178",52.467488,4.613347,2018-01-28 12:35:16,2018-01-28 12:35:16,1,15,1606.918999,107.127933,419275.791461,45987.788161,FALSE,NA,NA,NA,NA,NA,NA,TRUE
"6081","A69-1602-3182",6081,"Noordzeekanaal","Noordzeekanaal","VR2W-114165",52.462798,4.633995,2018-01-28 12:35:39,2018-01-28 12:35:39,1,23,1606.918999,69.866043,420882.71046,44380.869162,TRUE,45987.788161,247,2018-01-28 12:36:05,1606.91899899999,26,61.8045768846152,TRUE
"6082","A69-1602-3182",6082,"Noordzeekanaal","Grote sluis NZK","VR2W-114178",52.467488,4.613347,2018-01-28 12:36:05,2018-01-28 12:36:49,2,26,1606.918999,61.804577,422489.629459,45987.788161,FALSE,NA,NA,NA,NA,NA,NA,TRUE
"6083","A69-1602-3182",6083,"Noordzeekanaal","Noordzeekanaal","VR2W-114165",52.462798,4.633995,2018-01-28 12:37:14,2018-01-28 12:37:14,1,25,1606.918999,64.27676,424096.548458,44380.869162,TRUE,45987.788161,249,2018-01-28 12:37:22,1606.91899899999,8,200.864874874999,TRUE
"6084","A69-1602-3182",6084,"Noordzeekanaal","Grote sluis NZK","VR2W-114178",52.467488,4.613347,2018-01-28 12:37:22,2018-01-28 12:37:56,2,8,1606.918999,200.864875,425703.467457,45987.788161,FALSE,NA,NA,NA,NA,NA,NA,TRUE
"6085","A69-1602-3182",6085,"Noordzeekanaal","Noordzeekanaal","VR2W-114165",52.462798,4.633995,2018-01-28 12:38:05,2018-01-28 12:38:05,1,9,1606.918999,178.546555,427310.386456,44380.869162,TRUE,45987.788161,251,2018-01-28 12:38:30,1606.91899899999,25,64.2767599599998,TRUE
"6086","A69-1602-3182",6086,"Noordzeekanaal","Grote sluis NZK","VR2W-114178",52.467488,4.613347,2018-01-28 12:38:30,2018-01-28 12:38:30,1,25,1606.918999,64.27676,428917.305455,45987.788161,FALSE,NA,NA,NA,NA,NA,NA,TRUE
"6087","A69-1602-3182",6087,"Noordzeekanaal","Noordzeekanaal","VR2W-114165",52.462798,4.633995,2018-01-28 12:38:53,2018-01-28 12:38:53,1,23,1606.918999,69.866043,430524.224454,44380.869162,TRUE,45987.788161,253,2018-01-28 12:39:04,1606.91899899999,11,146.083545363636,TRUE
"6088","A69-1602-3182",6088,"Noordzeekanaal","Grote sluis NZK","VR2W-114178",52.467488,4.613347,2018-01-28 12:39:04,2018-01-28 12:40:49,4,11,1606.918999,146.083545,432131.143453,45987.788161,FALSE,NA,NA,NA,NA,NA,NA,TRUE
"6089","A69-1602-3182",6089,"Noordzeekanaal","Noordzeekanaal","VR2W-114165",52.462798,4.633995,2018-01-28 12:41:10,2018-01-28 12:41:10,1,21,1606.918999,76.519952,433738.062452,44380.869162,TRUE,45987.788161,255,2018-01-28 12:43:02,1606.91899899999,112,14.3474910624999,TRUE
"6090","A69-1602-3182",6090,"Noordzeekanaal","Grote sluis NZK","VR2W-114178",52.467488,4.613347,2018-01-28 12:43:02,2018-01-28 12:43:02,1,112,1606.918999,14.347491,435344.981451,45987.788161,FALSE,NA,NA,NA,NA,NA,NA,TRUE
"6091","A69-1602-3182",6091,"Noordzeekanaal","Noordzeekanaal","VR2W-114165",52.462798,4.633995,2018-01-28 12:44:04,2018-01-28 12:45:22,3,62,1606.918999,25.918048,436951.90045,44380.869162,TRUE,45987.788161,257,2018-01-28 12:45:23,1606.91899899999,79,20.3407468227847,TRUE
"6092","A69-1602-3182",6092,"Noordzeekanaal","Grote sluis NZK","VR2W-114178",52.467488,4.613347,2018-01-28 12:45:23,2018-01-28 12:45:23,1,1,1606.918999,1606.918999,438558.819449,45987.788161,FALSE,NA,NA,NA,NA,NA,NA,TRUE
"6093","A69-1602-3182",6093,"Noordzeekanaal","Noordzeekanaal","VR2W-114165",52.462798,4.633995,2018-01-28 12:46:09,2018-01-28 12:46:09,1,46,1606.918999,34.933022,440165.738448,44380.869162,TRUE,45987.788161,259,2018-01-28 12:46:12,1606.91899899999,3,535.639666333331,TRUE
"6094","A69-1602-3182",6094,"Noordzeekanaal","Grote sluis NZK","VR2W-114178",52.467488,4.613347,2018-01-28 12:46:12,2018-01-28 12:46:12,1,3,1606.918999,535.639666,441772.657447,45987.788161,FALSE,NA,NA,NA,NA,NA,NA,TRUE
"6095","A69-1602-3182",6095,"Noordzeekanaal","Noordzeekanaal","VR2W-114165",52.462798,4.633995,2018-01-28 12:46:50,2018-01-28 12:46:50,1,38,1606.918999,42.287342,443379.576446,44380.869162,TRUE,45987.788161,261,2018-01-28 12:46:58,1606.91899899999,8,200.864874874999,TRUE
"6096","A69-1602-3182",6096,"Noordzeekanaal","Grote sluis NZK","VR2W-114178",52.467488,4.613347,2018-01-28 12:46:58,2018-01-28 12:47:36,2,8,1606.918999,200.864875,444986.495445,45987.788161,FALSE,NA,NA,NA,NA,NA,NA,TRUE
"6097","A69-1602-3182",6097,"Noordzeekanaal","Noordzeekanaal","VR2W-114165",52.462798,4.633995,2018-01-28 12:47:39,2018-01-28 12:47:39,1,3,1606.918999,535.639666,446593.414444,44380.869162,TRUE,45987.788161,263,2018-01-28 12:48:17,1606.91899899999,38,42.2873420789472,TRUE
"6098","A69-1602-3182",6098,"Noordzeekanaal","Grote sluis NZK","VR2W-114178",52.467488,4.613347,2018-01-28 12:48:17,2018-01-28 12:51:57,4,38,1606.918999,42.287342,448200.333443,45987.788161,FALSE,NA,NA,NA,NA,NA,NA,TRUE
"6099","A69-1602-3182",6099,"Noordzeekanaal","Noordzeekanaal","VR2W-114165",52.462798,4.633995,2018-01-28 12:52:43,2018-01-28 12:52:43,1,46,1606.918999,34.933022,449807.252442,44380.869162,TRUE,45987.788161,265,2018-01-28 12:53:27,1606.91899899999,44,36.520886340909,TRUE
"6100","A69-1602-3182",6100,"Noordzeekanaal","Grote sluis NZK","VR2W-114178",52.467488,4.613347,2018-01-28 12:53:27,2018-01-28 12:56:50,4,44,1606.918999,36.520886,451414.171441,45987.788161,FALSE,NA,NA,NA,NA,NA,NA,TRUE
"6101","A69-1602-3182",6101,"Noordzeekanaal","Noordzeekanaal","VR2W-114165",52.462798,4.633995,2018-01-28 12:56:56,2018-01-28 12:58:58,4,6,1606.918999,267.819833,453021.09044,44380.869162,TRUE,45987.788161,267,2018-01-28 12:59:17,1606.91899899999,141,11.39658864539,TRUE
"6102","A69-1602-3182",6102,"Noordzeekanaal","Grote sluis NZK","VR2W-114178",52.467488,4.613347,2018-01-28 12:59:17,2018-01-28 13:02:44,4,19,1606.918999,84.574684,454628.009439,45987.788161,FALSE,NA,NA,NA,NA,NA,NA,TRUE
"6103","A69-1602-3182",6103,"Noordzeekanaal","Noordzeekanaal","VR2W-114165",52.462798,4.633995,2018-01-28 13:04:34,2018-01-28 13:04:34,1,110,1606.918999,14.608355,456234.928438,44380.869162,TRUE,45987.788161,269,2018-01-28 13:04:46,1606.91899899999,12,133.909916583333,TRUE
"6104","A69-1602-3182",6104,"Noordzeekanaal","Grote sluis NZK","VR2W-114178",52.467488,4.613347,2018-01-28 13:04:46,2018-01-28 13:04:46,1,12,1606.918999,133.909917,457841.847437,45987.788161,FALSE,NA,NA,NA,NA,NA,NA,TRUE
"6105","A69-1602-3182",6105,"Noordzeekanaal","Noordzeekanaal","VR2W-114165",52.462798,4.633995,2018-01-28 13:07:04,2018-01-28 13:07:04,1,138,1606.918999,11.644341,459448.766436,44380.869162,TRUE,45987.788161,271,2018-01-28 13:08:17,1606.91899899999,73,22.0125890273972,TRUE
"6106","A69-1602-3182",6106,"Noordzeekanaal","Grote sluis NZK","VR2W-114178",52.467488,4.613347,2018-01-28 13:08:17,2018-01-28 13:34:23,5,73,1606.918999,22.012589,461055.685435,45987.788161,FALSE,NA,NA,NA,NA,NA,NA,TRUE
"6107","A69-1602-3182",6107,"Noordzeekanaal","Noordzeekanaal","VR2W-114165",52.462798,4.633995,2018-01-28 13:35:08,2018-01-28 13:38:50,6,45,1606.918999,35.709311,462662.604434,44380.869162,TRUE,45987.788161,273,2018-01-28 13:44:38,1606.91899899999,570,2.81915613859648,TRUE
"6108","A69-1602-3182",6108,"Noordzeekanaal","Grote sluis NZK","VR2W-114178",52.467488,4.613347,2018-01-28 13:44:38,2018-01-28 13:45:27,2,348,1606.918999,4.617583,464269.523433,45987.788161,FALSE,NA,NA,NA,NA,NA,NA,TRUE
"6109","A69-1602-3182",6109,"Noordzeekanaal","Noordzeekanaal","VR2W-114165",52.462798,4.633995,2018-01-28 13:48:11,2018-01-28 13:48:11,1,164,1606.918999,9.798287,465876.442432,44380.869162,TRUE,45987.788161,275,2018-01-28 13:50:09,1606.91899899999,118,13.617957618644,TRUE
"6110","A69-1602-3182",6110,"Noordzeekanaal","Grote sluis NZK","VR2W-114178",52.467488,4.613347,2018-01-28 13:50:09,2018-01-28 13:51:46,2,118,1606.918999,13.617958,467483.361431,45987.788161,FALSE,NA,NA,NA,NA,NA,NA,TRUE
"6111","A69-1602-3182",6111,"Noordzeekanaal","Noordzeekanaal","VR2W-114165",52.462798,4.633995,2018-01-28 13:54:25,2018-01-28 13:54:25,1,159,1606.918999,10.106409,469090.28043,44380.869162,TRUE,45987.788161,277,2018-01-28 13:55:42,1606.91899899999,77,20.8690779090908,TRUE
"6112","A69-1602-3182",6112,"Noordzeekanaal","Grote sluis NZK","VR2W-114178",52.467488,4.613347,2018-01-28 13:55:42,2018-01-28 13:55:42,1,77,1606.918999,20.869078,470697.199429,45987.788161,FALSE,NA,NA,NA,NA,NA,NA,TRUE
"6113","A69-1602-3182",6113,"Noordzeekanaal","Noordzeekanaal","VR2W-114165",52.462798,4.633995,2018-01-28 13:56:29,2018-01-28 13:56:29,1,47,1606.918999,34.189766,472304.118428,44380.869162,TRUE,45987.788161,279,2018-01-28 13:57:11,1606.91899899999,42,38.2599761666665,TRUE
"6114","A69-1602-3182",6114,"Noordzeekanaal","Grote sluis NZK","VR2W-114178",52.467488,4.613347,2018-01-28 13:57:11,2018-01-28 14:01:31,3,42,1606.918999,38.259976,473911.037427,45987.788161,FALSE,NA,NA,NA,NA,NA,NA,TRUE
"6115","A69-1602-3182",6115,"Noordzeekanaal","Noordzeekanaal","VR2W-114165",52.462798,4.633995,2018-01-28 14:01:54,2018-01-28 14:01:54,1,23,1606.918999,69.866043,475517.956426,44380.869162,TRUE,45987.788161,281,2018-01-28 14:02:18,1606.91899899999,24,66.9549582916664,TRUE
"6116","A69-1602-3182",6116,"Noordzeekanaal","Grote sluis NZK","VR2W-114178",52.467488,4.613347,2018-01-28 14:02:18,2018-01-28 14:02:18,1,24,1606.918999,66.954958,477124.875425,45987.788161,FALSE,NA,NA,NA,NA,NA,NA,TRUE
"6117","A69-1602-3182",6117,"Noordzeekanaal","Noordzeekanaal","VR2W-114165",52.462798,4.633995,2018-01-28 14:03:27,2018-01-28 14:03:27,1,69,1606.918999,23.288681,478731.794424,44380.869162,TRUE,45987.788161,283,2018-01-28 14:03:46,1606.91899899999,19,84.5746841578944,TRUE
"6118","A69-1602-3182",6118,"Noordzeekanaal","Grote sluis NZK","VR2W-114178",52.467488,4.613347,2018-01-28 14:03:46,2018-01-28 14:04:27,2,19,1606.918999,84.574684,480338.713423,45987.788161,FALSE,NA,NA,NA,NA,NA,NA,TRUE
"6119","A69-1602-3182",6119,"Noordzeekanaal","Noordzeekanaal","VR2W-114165",52.462798,4.633995,2018-01-28 14:05:19,2018-01-28 14:05:19,1,52,1606.918999,30.902288,481945.632422,44380.869162,TRUE,45987.788161,285,2018-01-28 14:05:58,1606.91899899999,39,41.2030512564101,TRUE
"6120","A69-1602-3182",6120,"Noordzeekanaal","Grote sluis NZK","VR2W-114178",52.467488,4.613347,2018-01-28 14:05:58,2018-01-28 14:05:58,1,39,1606.918999,41.203051,483552.551421,45987.788161,FALSE,NA,NA,NA,NA,NA,NA,TRUE
"6121","A69-1602-3182",6121,"Noordzeekanaal","Noordzeekanaal","VR2W-114165",52.462798,4.633995,2018-01-28 14:06:05,2018-01-28 14:06:05,1,7,1606.918999,229.559857,485159.47042,44380.869162,TRUE,45987.788161,287,2018-01-28 14:06:51,1606.91899899999,46,34.9330217173912,TRUE
"6122","A69-1602-3182",6122,"Noordzeekanaal","Grote sluis NZK","VR2W-114178",52.467488,4.613347,2018-01-28 14:06:51,2018-01-28 14:06:51,1,46,1606.918999,34.933022,486766.389419,45987.788161,FALSE,NA,NA,NA,NA,NA,NA,TRUE
"6123","A69-1602-3182",6123,"Noordzeekanaal","Noordzeekanaal","VR2W-114165",52.462798,4.633995,2018-01-28 14:07:27,2018-01-28 14:07:27,1,36,1606.918999,44.636639,488373.308418,44380.869162,TRUE,45987.788161,289,2018-01-28 14:07:42,1606.91899899999,15,107.127933266666,TRUE
"6124","A69-1602-3182",6124,"Noordzeekanaal","Grote sluis NZK","VR2W-114178",52.467488,4.613347,2018-01-28 14:07:42,2018-01-28 14:07:42,1,15,1606.918999,107.127933,489980.227417,45987.788161,FALSE,NA,NA,NA,NA,NA,NA,TRUE
"6125","A69-1602-3182",6125,"Noordzeekanaal","Noordzeekanaal","VR2W-114165",52.462798,4.633995,2018-01-28 14:08:19,2018-01-28 14:08:19,1,37,1606.918999,43.430243,491587.146416,44380.869162,TRUE,45987.788161,291,2018-01-28 14:09:51,1606.91899899999,92,17.4665108586956,TRUE
"6126","A69-1602-3182",6126,"Noordzeekanaal","Grote sluis NZK","VR2W-114178",52.467488,4.613347,2018-01-28 14:09:51,2018-01-28 14:14:07,7,92,1606.918999,17.466511,493194.065415,45987.788161,FALSE,NA,NA,NA,NA,NA,NA,TRUE
"6127","A69-1602-3182",6127,"Noordzeekanaal","Noordzeekanaal","VR2W-114165",52.462798,4.633995,2018-01-28 14:14:17,2018-01-28 14:15:39,3,10,1606.918999,160.6919,494800.984414,44380.869162,TRUE,45987.788161,293,2018-01-28 14:17:16,1606.91899899999,179,8.97720111173181,TRUE
"6128","A69-1602-3182",6128,"Noordzeekanaal","Grote sluis NZK","VR2W-114178",52.467488,4.613347,2018-01-28 14:17:16,2018-01-28 14:18:02,2,97,1606.918999,16.566175,496407.903413,45987.788161,FALSE,NA,NA,NA,NA,NA,NA,TRUE
"6129","A69-1602-3182",6129,"Noordzeekanaal","Noordzeekanaal","VR2W-114165",52.462798,4.633995,2018-01-28 14:18:34,2018-01-28 14:18:34,1,32,1606.918999,50.216219,498014.822412,44380.869162,TRUE,45987.788161,295,2018-01-28 14:18:39,1606.91899899999,5,321.383799799999,TRUE
"6130","A69-1602-3182",6130,"Noordzeekanaal","Grote sluis NZK","VR2W-114178",52.467488,4.613347,2018-01-28 14:18:39,2018-01-28 14:23:10,5,5,1606.918999,321.3838,499621.741411,45987.788161,FALSE,NA,NA,NA,NA,NA,NA,TRUE
"6131","A69-1602-3182",6131,"Noordzeekanaal","Noordzeekanaal","VR2W-114165",52.462798,4.633995,2018-01-28 14:23:40,2018-01-28 14:25:20,2,30,1606.918999,53.563967,501228.66041,44380.869162,TRUE,45987.788161,297,2018-01-28 14:25:50,1606.91899899999,130,12.360915376923,TRUE
"6132","A69-1602-3182",6132,"Noordzeekanaal","Grote sluis NZK","VR2W-114178",52.467488,4.613347,2018-01-28 14:25:50,2018-01-28 14:25:50,1,30,1606.918999,53.563967,502835.579409,45987.788161,FALSE,NA,NA,NA,NA,NA,NA,TRUE
"6133","A69-1602-3182",6133,"Noordzeekanaal","Noordzeekanaal","VR2W-114165",52.462798,4.633995,2018-01-28 14:26:02,2018-01-28 14:28:30,3,12,1606.918999,133.909917,504442.498408,44380.869162,TRUE,45987.788161,299,2018-01-28 14:28:46,1606.91899899999,164,9.79828657926826,TRUE
"6134","A69-1602-3182",6134,"Noordzeekanaal","Grote sluis NZK","VR2W-114178",52.467488,4.613347,2018-01-28 14:28:46,2018-01-28 14:30:20,3,16,1606.918999,100.432437,506049.417407,45987.788161,FALSE,NA,NA,NA,NA,NA,NA,TRUE
"6135","A69-1602-3182",6135,"Noordzeekanaal","Noordzeekanaal","VR2W-114165",52.462798,4.633995,2018-01-28 14:31:32,2018-01-28 14:31:32,1,72,1606.918999,22.318319,507656.336406,44380.869162,TRUE,45987.788161,301,2018-01-28 14:33:32,1606.91899899999,120,13.3909916583333,TRUE
"6136","A69-1602-3182",6136,"Noordzeekanaal","Grote sluis NZK","VR2W-114178",52.467488,4.613347,2018-01-28 14:33:32,2018-01-28 14:33:32,1,120,1606.918999,13.390992,509263.255405,45987.788161,FALSE,NA,NA,NA,NA,NA,NA,TRUE
"6137","A69-1602-3182",6137,"Noordzeekanaal","Noordzeekanaal","VR2W-114165",52.462798,4.633995,2018-01-28 14:33:41,2018-01-28 14:33:41,1,9,1606.918999,178.546555,510870.174404,44380.869162,TRUE,45987.788161,303,2018-01-28 14:34:18,1606.91899899999,37,43.4302432162161,TRUE
"6138","A69-1602-3182",6138,"Noordzeekanaal","Grote sluis NZK","VR2W-114178",52.467488,4.613347,2018-01-28 14:34:18,2018-01-28 14:34:18,1,37,1606.918999,43.430243,512477.093403,45987.788161,FALSE,NA,NA,NA,NA,NA,NA,TRUE
"6139","A69-1602-3182",6139,"Noordzeekanaal","Noordzeekanaal","VR2W-114165",52.462798,4.633995,2018-01-28 14:34:35,2018-01-28 14:37:15,4,17,1606.918999,94.524647,514084.012402,44380.869162,TRUE,45987.788161,305,2018-01-28 14:37:21,1606.91899899999,166,9.6802349337349,TRUE
"6140","A69-1602-3182",6140,"Noordzeekanaal","Grote sluis NZK","VR2W-114178",52.467488,4.613347,2018-01-28 14:37:21,2018-01-28 14:37:21,1,6,1606.918999,267.819833,515690.931401,45987.788161,FALSE,NA,NA,NA,NA,NA,NA,TRUE
"6141","A69-1602-3182",6141,"Noordzeekanaal","Noordzeekanaal","VR2W-114165",52.462798,4.633995,2018-01-28 14:40:45,2018-01-28 14:40:45,1,204,1606.918999,7.877054,517297.8504,44380.869162,TRUE,45987.788161,307,2018-01-28 14:41:17,1606.91899899999,32,50.2162187187498,TRUE
"6142","A69-1602-3182",6142,"Noordzeekanaal","Grote sluis NZK","VR2W-114178",52.467488,4.613347,2018-01-28 14:41:17,2018-01-28 14:41:17,1,32,1606.918999,50.216219,518904.769399,45987.788161,FALSE,NA,NA,NA,NA,NA,NA,TRUE
"6143","A69-1602-3182",6143,"Noordzeekanaal","Noordzeekanaal","VR2W-114165",52.462798,4.633995,2018-01-28 14:44:42,2018-01-28 14:44:42,1,205,1606.918999,7.838629,520511.688398,44380.869162,TRUE,45987.788161,309,2018-01-28 14:45:42,1606.91899899999,60,26.7819833166666,TRUE
"6144","A69-1602-3182",6144,"Noordzeekanaal","Grote sluis NZK","VR2W-114178",52.467488,4.613347,2018-01-28 14:45:42,2018-01-28 14:45:42,1,60,1606.918999,26.781983,522118.607397,45987.788161,FALSE,NA,NA,NA,NA,NA,NA,TRUE
"6145","A69-1602-3182",6145,"Noordzeekanaal","Noordzeekanaal","VR2W-114165",52.462798,4.633995,2018-01-28 14:46:00,2018-01-28 14:48:21,4,18,1606.918999,89.273278,523725.526396,44380.869162,TRUE,45987.788161,311,2018-01-28 14:49:45,1606.91899899999,225,7.14186221777775,TRUE
"6146","A69-1602-3182",6146,"Noordzeekanaal","Grote sluis NZK","VR2W-114178",52.467488,4.613347,2018-01-28 14:49:45,2018-01-28 14:49:45,1,84,1606.918999,19.129988,525332.445395,45987.788161,FALSE,NA,NA,NA,NA,NA,NA,TRUE
"6147","A69-1602-3182",6147,"Noordzeekanaal","Noordzeekanaal","VR2W-114165",52.462798,4.633995,2018-01-28 14:49:49,2018-01-28 14:49:49,1,4,1606.918999,401.72975,526939.364394,44380.869162,TRUE,45987.788161,313,2018-01-28 14:50:31,1606.91899899999,42,38.2599761666665,TRUE
"6148","A69-1602-3182",6148,"Noordzeekanaal","Grote sluis NZK","VR2W-114178",52.467488,4.613347,2018-01-28 14:50:31,2018-01-28 14:50:31,1,42,1606.918999,38.259976,528546.283393,45987.788161,FALSE,NA,NA,NA,NA,NA,NA,TRUE
"6149","A69-1602-3182",6149,"Noordzeekanaal","Noordzeekanaal","VR2W-114165",52.462798,4.633995,2018-01-28 14:51:21,2018-01-28 14:51:21,1,50,1606.918999,32.13838,530153.202392,44380.869162,TRUE,45987.788161,315,2018-01-28 14:51:49,1606.91899899999,28,57.3899642499998,TRUE
"6150","A69-1602-3182",6150,"Noordzeekanaal","Grote sluis NZK","VR2W-114178",52.467488,4.613347,2018-01-28 14:51:49,2018-01-28 14:51:49,1,28,1606.918999,57.389964,531760.121391,45987.788161,FALSE,NA,NA,NA,NA,NA,NA,TRUE
"6151","A69-1602-3182",6151,"Noordzeekanaal","Noordzeekanaal","VR2W-114165",52.462798,4.633995,2018-01-28 14:53:04,2018-01-28 14:53:52,2,75,1606.918999,21.425587,533367.04039,44380.869162,TRUE,45987.788161,317,2018-01-28 14:54:56,1606.91899899999,112,14.3474910624999,TRUE
"6152","A69-1602-3182",6152,"Noordzeekanaal","Grote sluis NZK","VR2W-114178",52.467488,4.613347,2018-01-28 14:54:56,2018-01-28 14:54:56,1,64,1606.918999,25.108109,534973.959389,45987.788161,FALSE,NA,NA,NA,NA,NA,NA,TRUE
"6153","A69-1602-3182",6153,"Noordzeekanaal","Noordzeekanaal","VR2W-114165",52.462798,4.633995,2018-01-28 14:55:27,2018-01-28 14:56:18,2,31,1606.918999,51.836097,536580.878388,44380.869162,TRUE,45987.788161,319,2018-01-28 14:56:26,1606.91899899999,59,27.235915237288,TRUE
"6154","A69-1602-3182",6154,"Noordzeekanaal","Grote sluis NZK","VR2W-114178",52.467488,4.613347,2018-01-28 14:56:26,2018-01-28 14:56:26,1,8,1606.918999,200.864875,538187.797387,45987.788161,FALSE,NA,NA,NA,NA,NA,NA,TRUE
"6155","A69-1602-3182",6155,"Noordzeekanaal","Noordzeekanaal","VR2W-114165",52.462798,4.633995,2018-01-28 14:57:06,2018-01-28 14:57:06,1,40,1606.918999,40.172975,539794.716386,44380.869162,TRUE,45987.788161,321,2018-01-28 14:57:09,1606.91899899999,3,535.639666333331,TRUE
"6156","A69-1602-3182",6156,"Noordzeekanaal","Grote sluis NZK","VR2W-114178",52.467488,4.613347,2018-01-28 14:57:09,2018-01-28 14:58:01,2,3,1606.918999,535.639666,541401.635385,45987.788161,FALSE,NA,NA,NA,NA,NA,NA,TRUE
"6157","A69-1602-3182",6157,"Noordzeekanaal","Noordzeekanaal","VR2W-114165",52.462798,4.633995,2018-01-28 14:58:38,2018-01-28 14:58:38,1,37,1606.918999,43.430243,543008.554384,44380.869162,TRUE,45987.788161,323,2018-01-28 14:58:52,1606.91899899999,14,114.7799285,TRUE
"6158","A69-1602-3182",6158,"Noordzeekanaal","Grote sluis NZK","VR2W-114178",52.467488,4.613347,2018-01-28 14:58:52,2018-01-28 15:05:14,5,14,1606.918999,114.779928,544615.473383,45987.788161,FALSE,NA,NA,NA,NA,NA,NA,TRUE
"6159","A69-1602-3182",6159,"Noordzeekanaal","Noordzeekanaal","VR2W-114165",52.462798,4.633995,2018-01-28 15:06:22,2018-01-28 15:08:23,3,68,1606.918999,23.631162,546222.392382,44380.869162,TRUE,45987.788161,325,2018-01-28 15:11:23,1606.91899899999,301,5.33860132558138,TRUE
"6160","A69-1602-3182",6160,"Noordzeekanaal","Grote sluis NZK","VR2W-114178",52.467488,4.613347,2018-01-28 15:11:23,2018-01-28 15:11:23,1,180,1606.918999,8.927328,547829.311381,45987.788161,FALSE,NA,NA,NA,NA,NA,NA,TRUE
"6161","A69-1602-3182",6161,"Noordzeekanaal","Noordzeekanaal","VR2W-114165",52.462798,4.633995,2018-01-28 15:12:03,2018-01-28 15:12:03,1,40,1606.918999,40.172975,549436.23038,44380.869162,TRUE,45987.788161,327,2018-01-28 15:12:49,1606.91899899999,46,34.9330217173912,TRUE
"6162","A69-1602-3182",6162,"Noordzeekanaal","Grote sluis NZK","VR2W-114178",52.467488,4.613347,2018-01-28 15:12:49,2018-01-28 15:13:35,2,46,1606.918999,34.933022,551043.149379,45987.788161,FALSE,NA,NA,NA,NA,NA,NA,TRUE
"6163","A69-1602-3182",6163,"Noordzeekanaal","Noordzeekanaal","VR2W-114165",52.462798,4.633995,2018-01-28 15:13:45,2018-01-28 15:13:45,1,10,1606.918999,160.6919,552650.068378,44380.869162,TRUE,45987.788161,329,2018-01-28 15:14:11,1606.91899899999,26,61.8045768846152,TRUE
"6164","A69-1602-3182",6164,"Noordzeekanaal","Grote sluis NZK","VR2W-114178",52.467488,4.613347,2018-01-28 15:14:11,2018-01-28 15:14:11,1,26,1606.918999,61.804577,554256.987377,45987.788161,FALSE,NA,NA,NA,NA,NA,NA,TRUE
"6165","A69-1602-3182",6165,"Noordzeekanaal","Noordzeekanaal","VR2W-114165",52.462798,4.633995,2018-01-28 15:14:31,2018-01-28 15:14:31,1,20,1606.918999,80.34595,555863.906376,44380.869162,TRUE,45987.788161,331,2018-01-28 15:14:51,1606.91899899999,20,80.3459499499997,TRUE
"6166","A69-1602-3182",6166,"Noordzeekanaal","Grote sluis NZK","VR2W-114178",52.467488,4.613347,2018-01-28 15:14:51,2018-01-28 15:15:37,2,20,1606.918999,80.34595,557470.825375,45987.788161,FALSE,NA,NA,NA,NA,NA,NA,TRUE
"6167","A69-1602-3182",6167,"Noordzeekanaal","Noordzeekanaal","VR2W-114165",52.462798,4.633995,2018-01-28 15:15:53,2018-01-28 15:15:53,1,16,1606.918999,100.432437,559077.744374,44380.869162,TRUE,45987.788161,333,2018-01-28 15:16:16,1606.91899899999,23,69.8660434347824,TRUE
"6168","A69-1602-3182",6168,"Noordzeekanaal","Grote sluis NZK","VR2W-114178",52.467488,4.613347,2018-01-28 15:16:16,2018-01-28 15:16:16,1,23,1606.918999,69.866043,560684.663373,45987.788161,FALSE,NA,NA,NA,NA,NA,NA,TRUE
"6169","A69-1602-3182",6169,"Noordzeekanaal","Noordzeekanaal","VR2W-114165",52.462798,4.633995,2018-01-28 15:16:47,2018-01-28 15:16:47,1,31,1606.918999,51.836097,562291.582372,44380.869162,TRUE,45987.788161,335,2018-01-28 15:16:59,1606.91899899999,12,133.909916583333,TRUE
"6170","A69-1602-3182",6170,"Noordzeekanaal","Grote sluis NZK","VR2W-114178",52.467488,4.613347,2018-01-28 15:16:59,2018-01-28 15:16:59,1,12,1606.918999,133.909917,563898.501371,45987.788161,FALSE,NA,NA,NA,NA,NA,NA,TRUE
"6171","A69-1602-3182",6171,"Noordzeekanaal","Noordzeekanaal","VR2W-114165",52.462798,4.633995,2018-01-28 15:17:40,2018-01-28 15:17:40,1,41,1606.918999,39.193146,565505.42037,44380.869162,TRUE,45987.788161,337,2018-01-28 15:17:52,1606.91899899999,12,133.909916583333,TRUE
"6172","A69-1602-3182",6172,"Noordzeekanaal","Grote sluis NZK","VR2W-114178",52.467488,4.613347,2018-01-28 15:17:52,2018-01-28 15:19:33,3,12,1606.918999,133.909917,567112.339369,45987.788161,FALSE,NA,NA,NA,NA,NA,NA,TRUE
"6173","A69-1602-3182",6173,"Noordzeekanaal","Noordzeekanaal","VR2W-114165",52.462798,4.633995,2018-01-28 15:20:16,2018-01-28 15:21:03,2,43,1606.918999,37.370209,568719.258368,44380.869162,TRUE,45987.788161,339,2018-01-28 15:21:42,1606.91899899999,86,18.6851046395348,TRUE
"6174","A69-1602-3182",6174,"Noordzeekanaal","Grote sluis NZK","VR2W-114178",52.467488,4.613347,2018-01-28 15:21:42,2018-01-28 15:21:42,1,39,1606.918999,41.203051,570326.177367,45987.788161,FALSE,NA,NA,NA,NA,NA,NA,TRUE
"6175","A69-1602-3182",6175,"Noordzeekanaal","Noordzeekanaal","VR2W-114165",52.462798,4.633995,2018-01-28 15:22:32,2018-01-28 15:22:32,1,50,1606.918999,32.13838,571933.096366,44380.869162,TRUE,45987.788161,341,2018-01-28 15:22:35,1606.91899899999,3,535.639666333331,TRUE
"6176","A69-1602-3182",6176,"Noordzeekanaal","Grote sluis NZK","VR2W-114178",52.467488,4.613347,2018-01-28 15:22:35,2018-01-28 15:22:35,1,3,1606.918999,535.639666,573540.015365,45987.788161,FALSE,NA,NA,NA,NA,NA,NA,TRUE
"6177","A69-1602-3182",6177,"Noordzeekanaal","Noordzeekanaal","VR2W-114165",52.462798,4.633995,2018-01-28 15:23:15,2018-01-28 15:23:15,1,40,1606.918999,40.172975,575146.934364,44380.869162,TRUE,45987.788161,343,2018-01-28 15:23:29,1606.91899899999,14,114.7799285,TRUE
"6178","A69-1602-3182",6178,"Noordzeekanaal","Grote sluis NZK","VR2W-114178",52.467488,4.613347,2018-01-28 15:23:29,2018-01-28 15:24:21,2,14,1606.918999,114.779928,576753.853363,45987.788161,FALSE,NA,NA,NA,NA,NA,NA,TRUE
"6179","A69-1602-3182",6179,"Noordzeekanaal","Noordzeekanaal","VR2W-114165",52.462798,4.633995,2018-01-28 15:24:58,2018-01-28 15:24:58,1,37,1606.918999,43.430243,578360.772362,44380.869162,TRUE,45987.788161,345,2018-01-28 15:25:14,1606.91899899999,16,100.4324374375,TRUE
"6180","A69-1602-3182",6180,"Noordzeekanaal","Grote sluis NZK","VR2W-114178",52.467488,4.613347,2018-01-28 15:25:14,2018-01-28 15:25:14,1,16,1606.918999,100.432437,579967.691361,45987.788161,FALSE,NA,NA,NA,NA,NA,NA,TRUE
"6181","A69-1602-3182",6181,"Noordzeekanaal","Noordzeekanaal","VR2W-114165",52.462798,4.633995,2018-01-28 15:25:45,2018-01-28 15:26:26,2,31,1606.918999,51.836097,581574.61036,44380.869162,TRUE,45987.788161,347,2018-01-28 15:26:51,1606.91899899999,66,24.347257560606,TRUE
"6182","A69-1602-3182",6182,"Noordzeekanaal","Grote sluis NZK","VR2W-114178",52.467488,4.613347,2018-01-28 15:26:51,2018-01-28 15:26:51,1,25,1606.918999,64.27676,583181.529359,45987.788161,FALSE,NA,NA,NA,NA,NA,NA,TRUE
"6183","A69-1602-3182",6183,"Noordzeekanaal","Noordzeekanaal","VR2W-114165",52.462798,4.633995,2018-01-28 15:27:14,2018-01-28 15:27:56,2,23,1606.918999,69.866043,584788.448358,44380.869162,TRUE,45987.788161,349,2018-01-28 15:28:21,1606.91899899999,67,23.9838656567163,TRUE
"6184","A69-1602-3182",6184,"Noordzeekanaal","Grote sluis NZK","VR2W-114178",52.467488,4.613347,2018-01-28 15:28:21,2018-01-28 15:32:14,3,25,1606.918999,64.27676,586395.367357,45987.788161,FALSE,NA,NA,NA,NA,NA,NA,TRUE
"6185","A69-1602-3182",6185,"Noordzeekanaal","Noordzeekanaal","VR2W-114165",52.462798,4.633995,2018-01-28 15:33:31,2018-01-28 15:34:21,2,77,1606.918999,20.869078,588002.286356,44380.869162,TRUE,45987.788161,351,2018-01-28 15:46:42,1606.91899899999,791,2.03150315929203,TRUE
"6186","A69-1602-3182",6186,"Noordzeekanaal","Grote sluis NZK","VR2W-114178",52.467488,4.613347,2018-01-28 15:46:42,2018-01-28 15:49:56,2,741,1606.918999,2.168582,589609.205355,45987.788161,FALSE,NA,NA,NA,NA,NA,NA,TRUE
"6187","A69-1602-3182",6187,"Noordzeekanaal","Noordzeekanaal","VR2W-114165",52.462798,4.633995,2018-01-28 15:53:51,2018-01-28 15:53:51,1,235,1606.918999,6.837953,591216.124354,44380.869162,TRUE,45987.788161,353,2018-01-28 16:07:05,1606.91899899999,794,2.02382745465994,TRUE
"6188","A69-1602-3182",6188,"Noordzeekanaal","Grote sluis NZK","VR2W-114178",52.467488,4.613347,2018-01-28 16:07:05,2018-01-28 16:07:54,2,794,1606.918999,2.023827,592823.043353,45987.788161,FALSE,NA,NA,NA,NA,NA,NA,TRUE
"6189","A69-1602-3182",6189,"Noordzeekanaal","Noordzeekanaal","VR2W-114165",52.462798,4.633995,2018-01-28 16:13:35,2018-01-28 16:25:11,8,341,1606.918999,4.712372,594429.962352,44380.869162,TRUE,45987.788161,355,2018-01-28 16:25:43,1606.91899899999,728,2.20730631730768,TRUE
"6190","A69-1602-3182",6190,"Noordzeekanaal","Grote sluis NZK","VR2W-114178",52.467488,4.613347,2018-01-28 16:25:43,2018-01-28 16:32:17,5,32,1606.918999,50.216219,596036.881351,45987.788161,FALSE,NA,NA,NA,NA,NA,NA,TRUE
"6191","A69-1602-3182",6191,"Noordzeekanaal","Noordzeekanaal","VR2W-114165",52.462798,4.633995,2018-01-28 16:32:43,2018-01-28 16:32:43,1,26,1606.918999,61.804577,597643.80035,44380.869162,TRUE,45987.788161,357,2018-01-28 16:33:04,1606.91899899999,21,76.5199523333331,TRUE
"6192","A69-1602-3182",6192,"Noordzeekanaal","Grote sluis NZK","VR2W-114178",52.467488,4.613347,2018-01-28 16:33:04,2018-01-28 16:33:04,1,21,1606.918999,76.519952,599250.719349,45987.788161,FALSE,NA,NA,NA,NA,NA,NA,TRUE
"6193","A69-1602-3182",6193,"Noordzeekanaal","Noordzeekanaal","VR2W-114165",52.462798,4.633995,2018-01-28 16:33:35,2018-01-28 16:34:26,2,31,1606.918999,51.836097,600857.638348,44380.869162,TRUE,45987.788161,359,2018-01-28 16:34:33,1606.91899899999,58,27.7054999827585,TRUE
"6194","A69-1602-3182",6194,"Noordzeekanaal","Grote sluis NZK","VR2W-114178",52.467488,4.613347,2018-01-28 16:34:33,2018-01-28 16:34:33,1,7,1606.918999,229.559857,602464.557347,45987.788161,FALSE,NA,NA,NA,NA,NA,NA,TRUE
"6195","A69-1602-3182",6195,"Noordzeekanaal","Noordzeekanaal","VR2W-114165",52.462798,4.633995,2018-01-28 16:35:14,2018-01-28 16:35:57,2,41,1606.918999,39.193146,604071.476346,44380.869162,TRUE,45987.788161,361,2018-01-28 16:36:09,1606.91899899999,55,29.2167090727272,TRUE
"6196","A69-1602-3182",6196,"Noordzeekanaal","Grote sluis NZK","VR2W-114178",52.467488,4.613347,2018-01-28 16:36:09,2018-01-28 16:42:37,6,12,1606.918999,133.909917,605678.395345,45987.788161,FALSE,NA,NA,NA,NA,NA,NA,TRUE
"6197","A69-1602-3182",6197,"Noordzeekanaal","Noordzeekanaal","VR2W-114165",52.462798,4.633995,2018-01-28 16:43:53,2018-01-28 16:43:53,1,76,1606.918999,21.143671,607285.314344,44380.869162,TRUE,45987.788161,363,2018-01-28 16:44:50,1606.91899899999,57,28.1915613859648,TRUE
"6198","A69-1602-3182",6198,"Noordzeekanaal","Grote sluis NZK","VR2W-114178",52.467488,4.613347,2018-01-28 16:44:50,2018-01-28 16:44:50,1,57,1606.918999,28.191561,608892.233343,45987.788161,FALSE,NA,NA,NA,NA,NA,NA,TRUE
"6199","A69-1602-3182",6199,"Noordzeekanaal","Noordzeekanaal","VR2W-114165",52.462798,4.633995,2018-01-28 16:46:49,2018-01-28 16:47:28,2,119,1606.918999,13.503521,610499.152342,44380.869162,TRUE,45987.788161,365,2018-01-28 16:48:17,1606.91899899999,88,18.2604431704545,TRUE
"6200","A69-1602-3182",6200,"Noordzeekanaal","Grote sluis NZK","VR2W-114178",52.467488,4.613347,2018-01-28 16:48:17,2018-01-28 16:54:00,6,49,1606.918999,32.794265,612106.071341,45987.788161,FALSE,NA,NA,NA,NA,NA,NA,TRUE
"6201","A69-1602-3182",6201,"Noordzeekanaal","Noordzeekanaal","VR2W-114165",52.462798,4.633995,2018-01-28 16:54:24,2018-01-28 16:54:24,1,24,1606.918999,66.954958,613712.99034,44380.869162,TRUE,45987.788161,367,2018-01-28 16:57:26,1606.91899899999,182,8.82922526923074,TRUE
"6202","A69-1602-3182",6202,"Noordzeekanaal","Grote sluis NZK","VR2W-114178",52.467488,4.613347,2018-01-28 16:57:26,2018-01-28 20:32:41,125,182,1606.918999,8.829225,615319.909339,45987.788161,TRUE,47263.372547,368,2018-01-28 20:39:41,1275.584386,13335,0.09565687184102,TRUE
"6203","A69-1602-3182",6203,"Noordzeekanaal","Kleine sluis NZK","VR2W-132415",52.464559,4.592909,2018-01-28 20:39:41,2018-01-28 23:58:00,77,420,1524.085346,3.628775,616843.994685,47263.372547,FALSE,NA,NA,NA,NA,NA,NA,TRUE
"6204","A69-1602-3182",6204,"Noordzeekanaal","Middensluis NZK","VR2W-132417",52.465373,4.601803,2018-01-29 01:05:59,2018-01-29 13:01:33,408,4079,641.346055,0.157231,617485.34074,46704.860145,FALSE,NA,NA,NA,NA,NA,NA,TRUE
"6205","A69-1602-3182",6205,"Noordzeekanaal","Middensluis NZK","VR2W-132417",52.465373,4.601803,2018-01-29 15:39:35,2018-01-30 02:15:36,510,NA,NA,NA,617485.34074,46704.860145,FALSE,NA,NA,NA,NA,NA,NA,TRUE
"6206","A69-1602-3182",6206,"Noordzeekanaal","Noordzeekanaal","VR2W-114164",52.465232,4.633992,2018-01-30 02:22:16,2018-01-30 02:22:16,1,400,2323.990983,5.809977,619809.331723,44380.869162,TRUE,45987.788161,372,2018-01-30 02:31:13,1606.91899899999,537,2.99240037057727,TRUE
"6207","A69-1602-3182",6207,"Noordzeekanaal","Grote sluis NZK","VR2W-114178",52.467488,4.613347,2018-01-30 02:31:13,2018-01-30 02:46:15,15,537,1606.918999,2.9924,621416.250722,45987.788161,FALSE,NA,NA,NA,NA,NA,NA,TRUE
"6208","A69-1602-3182",6208,"Noordzeekanaal","Noordzeekanaal","VR2W-114165",52.462798,4.633995,2018-01-30 02:47:24,2018-01-30 02:47:24,1,69,1606.918999,23.288681,623023.169721,44380.869162,TRUE,45987.788161,374,2018-01-30 02:48:14,1606.91899899999,50,32.1383799799999,TRUE
"6209","A69-1602-3182",6209,"Noordzeekanaal","Grote sluis NZK","VR2W-114178",52.467488,4.613347,2018-01-30 02:48:14,2018-01-30 03:00:02,12,50,1606.918999,32.13838,624630.08872,45987.788161,FALSE,NA,NA,NA,NA,NA,NA,TRUE
"6210","A69-1602-3182",6210,"Noordzeekanaal","Noordzeekanaal","VR2W-114165",52.462798,4.633995,2018-01-30 03:00:36,2018-01-30 03:00:36,1,34,1606.918999,47.262323,626237.007719,44380.869162,TRUE,45987.788161,376,2018-01-30 03:01:28,1606.91899899999,52,30.9022884423076,TRUE
"6211","A69-1602-3182",6211,"Noordzeekanaal","Grote sluis NZK","VR2W-114178",52.467488,4.613347,2018-01-30 03:01:28,2018-01-30 05:28:35,87,52,1606.918999,30.902288,627843.926718,45987.788161,FALSE,NA,NA,NA,NA,NA,NA,TRUE
"6212","A69-1602-3182",6212,"Noordzeekanaal","Noordzeekanaal","VR2W-114164",52.465232,4.633992,2018-01-30 05:29:57,2018-01-30 05:29:57,1,82,1606.918999,19.596573,629450.845717,44380.869162,TRUE,46704.860145,378,2018-01-30 05:30:07,2323.990983,10,232.3990983,TRUE
"6213","A69-1602-3182",6213,"Noordzeekanaal","Middensluis NZK","VR2W-132417",52.465373,4.601803,2018-01-30 05:30:07,2018-01-30 05:30:07,1,10,2323.990983,232.399098,631774.8367,46704.860145,FALSE,NA,NA,NA,NA,NA,NA,TRUE
"6214","A69-1602-3182",6214,"Noordzeekanaal","Noordzeekanaal","VR2W-114164",52.465232,4.633992,2018-01-30 05:42:47,2018-01-30 05:42:47,1,760,2323.990983,3.057883,634098.827683,44380.869162,TRUE,46704.860145,380,2018-01-30 06:03:09,2323.990983,1222,1.90179294844517,TRUE
"6215","A69-1602-3182",6215,"Noordzeekanaal","Middensluis NZK","VR2W-132417",52.465373,4.601803,2018-01-30 06:03:09,2018-01-30 06:36:27,12,1222,2323.990983,1.901793,636422.818666,46704.860145,FALSE,NA,NA,NA,NA,NA,NA,TRUE
"6216","A69-1602-3182",6216,"Noordzeekanaal","Noordzeekanaal","VR2W-114164",52.465232,4.633992,2018-01-30 06:37:00,2018-01-30 06:37:00,1,33,2323.990983,70.423969,638746.809649,44380.869162,TRUE,45987.788161,382,2018-01-30 06:37:16,1606.91899899999,16,100.4324374375,TRUE
"6217","A69-1602-3182",6217,"Noordzeekanaal","Grote sluis NZK","VR2W-114178",52.467488,4.613347,2018-01-30 06:37:16,2018-01-30 07:12:28,15,16,1606.918999,100.432437,640353.728648,45987.788161,FALSE,47411.885302,397,2018-01-30 21:30:05,1424.09714100001,53569,0.0265843517892812,TRUE
"6218","A69-1602-3182",6218,"Noordzeekanaal","Grote sluis NZK","VR2W-114178",52.467488,4.613347,2018-01-30 14:18:08,2018-01-30 14:46:39,5,NA,NA,NA,640353.728648,45987.788161,FALSE,47411.885302,397,2018-01-30 21:30:05,1424.09714100001,25917,0.0549483790948029,TRUE
"6219","A69-1602-3182",6219,"Noordzeekanaal","Grote sluis NZK","VR2W-114178",52.467488,4.613347,2018-01-30 15:57:22,2018-01-30 16:15:32,18,NA,NA,NA,640353.728648,45987.788161,FALSE,NA,NA,NA,NA,NA,NA,TRUE
"6220","A69-1602-3182",6220,"Noordzeekanaal","Noordzeekanaal","VR2W-114165",52.462798,4.633995,2018-01-30 16:16:27,2018-01-30 16:17:06,2,55,1606.918999,29.216709,641960.647647,44380.869162,TRUE,45987.788161,386,2018-01-30 16:17:17,1606.91899899999,50,32.1383799799999,TRUE
"6221","A69-1602-3182",6221,"Noordzeekanaal","Grote sluis NZK","VR2W-114178",52.467488,4.613347,2018-01-30 16:17:17,2018-01-30 16:31:56,19,11,1606.918999,146.083545,643567.566646,45987.788161,FALSE,NA,NA,NA,NA,NA,NA,TRUE
"6222","A69-1602-3182",6222,"Noordzeekanaal","Noordzeekanaal","VR2W-114165",52.462798,4.633995,2018-01-30 16:33:39,2018-01-30 16:33:39,1,103,1606.918999,15.601155,645174.485645,44380.869162,TRUE,45987.788161,388,2018-01-30 16:34:15,1606.91899899999,36,44.6366388611109,TRUE
"6223","A69-1602-3182",6223,"Noordzeekanaal","Grote sluis NZK","VR2W-114178",52.467488,4.613347,2018-01-30 16:34:15,2018-01-30 18:21:36,108,36,1606.918999,44.636639,646781.404644,45987.788161,FALSE,NA,NA,NA,NA,NA,NA,TRUE
"6224","A69-1602-3182",6224,"Noordzeekanaal","Noordzeekanaal","VR2W-114165",52.462798,4.633995,2018-01-30 18:22:09,2018-01-30 18:22:09,1,33,1606.918999,48.694515,648388.323643,44380.869162,TRUE,45987.788161,390,2018-01-30 18:22:18,1606.91899899999,9,178.546555444444,TRUE
"6225","A69-1602-3182",6225,"Noordzeekanaal","Grote sluis NZK","VR2W-114178",52.467488,4.613347,2018-01-30 18:22:18,2018-01-30 18:38:27,15,9,1606.918999,178.546555,649995.242642,45987.788161,FALSE,NA,NA,NA,NA,NA,NA,TRUE
"6226","A69-1602-3182",6226,"Noordzeekanaal","Noordzeekanaal","VR2W-114165",52.462798,4.633995,2018-01-30 18:39:07,2018-01-30 18:39:07,1,40,1606.918999,40.172975,651602.161641,44380.869162,TRUE,45987.788161,392,2018-01-30 18:39:11,1606.91899899999,4,401.729749749999,TRUE
"6227","A69-1602-3182",6227,"Noordzeekanaal","Grote sluis NZK","VR2W-114178",52.467488,4.613347,2018-01-30 18:39:11,2018-01-30 19:31:20,53,4,1606.918999,401.72975,653209.08064,45987.788161,FALSE,NA,NA,NA,NA,NA,NA,TRUE
"6228","A69-1602-3182",6228,"Noordzeekanaal","Noordzeekanaal","VR2W-114164",52.465232,4.633992,2018-01-30 19:32:35,2018-01-30 19:32:35,1,75,1606.918999,21.425587,654815.999639,44380.869162,TRUE,45987.788161,394,2018-01-30 19:32:55,1606.91899899999,20,80.3459499499997,TRUE
"6229","A69-1602-3182",6229,"Noordzeekanaal","Grote sluis NZK","VR2W-114178",52.467488,4.613347,2018-01-30 19:32:55,2018-01-30 20:01:04,28,20,1606.918999,80.34595,656422.918638,45987.788161,FALSE,NA,NA,NA,NA,NA,NA,TRUE
"6230","A69-1602-3182",6230,"Noordzeekanaal","Noordzeekanaal","VR2W-114165",52.462798,4.633995,2018-01-30 20:09:24,2018-01-30 20:25:07,3,500,1606.918999,3.213838,658029.837637,44380.869162,TRUE,45987.788161,396,2018-01-30 20:29:40,1606.91899899999,1216,1.3214794399671,TRUE
"6231","A69-1602-3182",6231,"Noordzeekanaal","Grote sluis NZK","VR2W-114178",52.467488,4.613347,2018-01-30 20:29:40,2018-01-30 21:25:11,13,273,1606.918999,5.88615,659636.756636,45987.788161,TRUE,47411.885302,397,2018-01-30 21:30:05,1424.09714100001,3625,0.392854383724139,TRUE
"6232","A69-1602-3182",6232,"Noordzeekanaal","Spuisluis Noordzee","VR2W-132408",52.470319,4.594701,2018-01-30 21:30:05,2018-01-30 22:51:14,107,294,1424.097141,4.843868,661060.853777,47411.885302,NA,NA,NA,NA,NA,NA,NA,TRUE
"6233","A69-1602-3183",6233,"Noordzeekanaal","rel_noordzeekanaal11","none",52.220457,4.973436,2017-11-03 09:00:00,2017-11-03 09:00:00,1,NA,NA,NA,0,0,FALSE,NA,NA,NA,NA,NA,NA,FALSE
"6234","A69-1602-3183",6234,"Noordzeekanaal","ARK Zuid","VR2W-119060",52.185058,4.996343,2017-11-06 00:54:04,2017-11-06 01:34:08,35,230044,43514.111807,0.189156,43514.111807,-43514.111807,FALSE,22152.58219,4,2017-11-07 01:49:55,65666.693997,89751,0.73165417652171,FALSE
"6235","A69-1602-3183",6235,"Noordzeekanaal","ARK Zuid","VR2W-119060",52.185058,4.996343,2017-11-06 02:39:26,2017-11-06 05:09:20,84,NA,NA,NA,43514.111807,-43514.111807,TRUE,22152.58219,4,2017-11-07 01:49:55,65666.693997,83429,0.78709674090544,TRUE
"6236","A69-1602-3183",6236,"Noordzeekanaal","ARK Noord","VR2W-119054",52.355706,4.97029,2017-11-07 01:49:55,2017-11-07 02:14:27,22,74435,21361.529618,0.286982,64875.641425,22152.58219,TRUE,23500.96196,5,2017-11-07 03:31:26,1348.37977,6091,0.221372479067477,TRUE
"6237","A69-1602-3183",6237,"Noordzeekanaal","Oranjesluis","VR2W-102056",52.380016,4.955998,2017-11-07 03:31:26,2017-11-07 04:25:40,11,4619,3196.690998,0.692074,68072.332423,23500.96196,TRUE,32791.055739,6,2017-11-08 19:25:04,9290.093779,143618,0.0646861380815775,TRUE
"6238","A69-1602-3183",6238,"Noordzeekanaal","Overtoom 1","VR2W-119065",52.430117,4.784283,2017-11-08 19:25:04,2017-11-08 19:25:04,1,140364,14303.714425,0.101904,82376.046848,32791.055739,TRUE,44380.869162,7,2017-11-15 02:12:11,11589.813423,542827,0.0213508418391126,TRUE
"6239","A69-1602-3183",6239,"Noordzeekanaal","Noordzeekanaal","VR2W-114165",52.462798,4.633995,2017-11-15 02:12:11,2017-11-15 03:09:38,31,542827,11955.458146,0.022024,94331.504994,44380.869162,TRUE,45987.788161,8,2017-11-15 03:27:13,1606.91899899999,4502,0.356934473345179,TRUE
"6240","A69-1602-3183",6240,"Noordzeekanaal","Grote sluis NZK","VR2W-114178",52.467488,4.613347,2017-11-15 03:27:13,2017-11-15 04:37:40,33,1055,1606.918999,1.523146,95938.423993,45987.788161,TRUE,47263.372547,9,2017-11-15 04:51:02,1275.584386,5029,0.253645731954663,TRUE
"6241","A69-1602-3183",6241,"Noordzeekanaal","Kleine sluis NZK","VR2W-132415",52.464559,4.592909,2017-11-15 04:51:02,2017-11-15 05:31:30,23,802,1524.085346,1.900356,97462.509339,47263.372547,FALSE,NA,NA,NA,NA,NA,NA,TRUE
"6242","A69-1602-3183",6242,"Noordzeekanaal","Kleine sluis NZK","VR2W-132415",52.464559,4.592909,2017-11-15 16:34:43,2017-11-15 21:48:43,155,NA,NA,NA,97462.509339,47263.372547,FALSE,NA,NA,NA,NA,NA,NA,TRUE
"6243","A69-1602-3183",6243,"Noordzeekanaal","Middensluis NZK","VR2W-132417",52.465373,4.601803,2017-11-15 23:25:53,2017-11-16 01:25:55,35,5830,641.346055,0.110008,98103.855394,46704.860145,NA,NA,NA,NA,NA,NA,NA,TRUE
"6244","A69-1602-3184",6244,"Noordzeekanaal","rel_noordzeekanaal11","none",52.220457,4.973436,2017-11-03 09:00:00,2017-11-03 09:35:53,10,NA,NA,NA,0,0,FALSE,NA,NA,NA,NA,NA,NA,FALSE
"6245","A69-1602-3184",6245,"Noordzeekanaal","ARK Zuid","VR2W-119060",52.185058,4.996343,2017-11-10 22:25:50,2017-11-11 00:28:32,94,650997,43514.111807,0.066842,43514.111807,-43514.111807,FALSE,22152.58219,5,2017-11-14 00:02:07,65666.693997,264977,0.247820354208101,FALSE
"6246","A69-1602-3184",6246,"Noordzeekanaal","ARK Zuid","VR2W-119060",52.185058,4.996343,2017-11-11 18:37:57,2017-11-11 20:26:21,45,NA,NA,NA,43514.111807,-43514.111807,FALSE,22152.58219,5,2017-11-14 00:02:07,65666.693997,192250,0.34156927956827,FALSE
"6247","A69-1602-3184",6247,"Noordzeekanaal","ARK Zuid","VR2W-119060",52.185058,4.996343,2017-11-13 00:36:04,2017-11-13 01:01:17,31,NA,NA,NA,43514.111807,-43514.111807,TRUE,22152.58219,5,2017-11-14 00:02:07,65666.693997,84363,0.778382632161018,TRUE
"6248","A69-1602-3184",6248,"Noordzeekanaal","ARK Noord","VR2W-119054",52.355706,4.97029,2017-11-14 00:02:07,2017-11-14 00:25:30,21,82850,21361.529618,0.257834,64875.641425,22152.58219,FALSE,23500.96196,7,2017-11-14 16:43:18,1348.37977,60071,0.0224464345524463,TRUE
"6249","A69-1602-3184",6249,"Noordzeekanaal","ARK Noord","VR2W-119054",52.355706,4.97029,2017-11-14 03:20:38,2017-11-14 04:27:02,36,NA,NA,NA,64875.641425,22152.58219,TRUE,23500.96196,7,2017-11-14 16:43:18,1348.37977,48160,0.0279979188122923,TRUE
"6250","A69-1602-3184",6250,"Noordzeekanaal","Oranjesluis","VR2W-102056",52.380016,4.955998,2017-11-14 16:43:18,2017-11-14 17:33:57,14,44176,3196.690998,0.072363,68072.332423,23500.96196,FALSE,44380.869162,13,2017-12-10 04:55:42,20879.907202,2203944,0.00947388282188658,TRUE
"6251","A69-1602-3184",6251,"Noordzeekanaal","Oranjesluis","VR2W-102056",52.380016,4.955998,2017-12-06 19:43:50,2017-12-06 20:39:22,5,NA,NA,NA,68072.332423,23500.96196,FALSE,44380.869162,13,2017-12-10 04:55:42,20879.907202,292312,0.0714302088248173,TRUE
"6252","A69-1602-3184",6252,"Noordzeekanaal","Oranjesluis","VR2W-102056",52.380016,4.955998,2017-12-07 21:01:38,2017-12-07 21:17:16,7,NA,NA,NA,68072.332423,23500.96196,FALSE,44380.869162,13,2017-12-10 04:55:42,20879.907202,201244,0.103754184979428,TRUE
"6253","A69-1602-3184",6253,"Noordzeekanaal","Oranjesluis","VR2W-102056",52.380016,4.955998,2017-12-07 22:51:33,2017-12-07 23:29:28,27,NA,NA,NA,68072.332423,23500.96196,FALSE,44380.869162,13,2017-12-10 04:55:42,20879.907202,194649,0.10726953234797,TRUE
"6254","A69-1602-3184",6254,"Noordzeekanaal","Oranjesluis","VR2W-102056",52.380016,4.955998,2017-12-08 21:37:51,2017-12-08 22:04:35,9,NA,NA,NA,68072.332423,23500.96196,FALSE,NA,NA,NA,NA,NA,NA,TRUE
"6255","A69-1602-3184",6255,"Noordzeekanaal","Willem 2 sluis 2","VR2W-130587",52.383677,4.907053,2017-12-09 10:56:15,2017-12-09 10:56:15,1,46300,3423.861235,0.073949,71496.193658,22476.820659,TRUE,44380.869162,13,2017-12-10 04:55:42,21904.048503,64767,0.338197670156098,TRUE
"6256","A69-1602-3184",6256,"Noordzeekanaal","Noordzeekanaal","VR2W-114165",52.462798,4.633995,2017-12-10 04:55:42,2017-12-10 05:38:19,22,64767,22552.500267,0.34821,94048.693925,44380.869162,FALSE,45987.788161,16,2017-12-10 09:45:48,1606.91899899999,17406,0.0923198321843039,TRUE
"6257","A69-1602-3184",6257,"Noordzeekanaal","Noordzeekanaal","VR2W-114165",52.462798,4.633995,2017-12-10 07:58:10,2017-12-10 07:59:30,3,NA,NA,NA,94048.693925,44380.869162,FALSE,45987.788161,16,2017-12-10 09:45:48,1606.91899899999,6458,0.24882610699907,TRUE
"6258","A69-1602-3184",6258,"Noordzeekanaal","Noordzeekanaal","VR2W-114165",52.462798,4.633995,2017-12-10 09:09:00,2017-12-10 09:35:26,21,NA,NA,NA,94048.693925,44380.869162,TRUE,45987.788161,16,2017-12-10 09:45:48,1606.91899899999,2208,0.727771285778983,TRUE
"6259","A69-1602-3184",6259,"Noordzeekanaal","Grote sluis NZK","VR2W-114178",52.467488,4.613347,2017-12-10 09:45:48,2017-12-10 10:14:50,2,622,1606.918999,2.583471,95655.612924,45987.788161,FALSE,47411.885302,21,2017-12-10 21:17:47,1424.09714100001,41519,0.0342998901948507,TRUE
"6260","A69-1602-3184",6260,"Noordzeekanaal","Grote sluis NZK","VR2W-114178",52.467488,4.613347,2017-12-10 11:40:31,2017-12-10 13:09:57,58,NA,NA,NA,95655.612924,45987.788161,FALSE,NA,NA,NA,NA,NA,NA,TRUE
"6261","A69-1602-3184",6261,"Noordzeekanaal","Noordzeekanaal","VR2W-114165",52.462798,4.633995,2017-12-10 13:53:31,2017-12-10 16:06:30,88,2614,1606.918999,0.614736,97262.531923,44380.869162,TRUE,45987.788161,19,2017-12-10 16:38:05,1606.91899899999,9874,0.162742454830868,TRUE
"6262","A69-1602-3184",6262,"Noordzeekanaal","Grote sluis NZK","VR2W-114178",52.467488,4.613347,2017-12-10 16:38:05,2017-12-10 17:00:58,14,1895,1606.918999,0.847978,98869.450922,45987.788161,FALSE,47411.885302,21,2017-12-10 21:17:47,1424.09714100001,16782,0.0848586069002506,TRUE
"6263","A69-1602-3184",6263,"Noordzeekanaal","Grote sluis NZK","VR2W-114178",52.467488,4.613347,2017-12-10 18:04:00,2017-12-10 20:30:49,109,NA,NA,NA,98869.450922,45987.788161,TRUE,47411.885302,21,2017-12-10 21:17:47,1424.09714100001,11627,0.122481907714802,TRUE
"6264","A69-1602-3184",6264,"Noordzeekanaal","Spuisluis Noordzee","VR2W-132408",52.470319,4.594701,2017-12-10 21:17:47,2017-12-10 22:05:51,60,2818,1424.097141,0.505357,100293.548063,47411.885302,NA,NA,NA,NA,NA,NA,NA,TRUE
"6265","A69-1602-3185",6265,"Noordzeekanaal","rel_noordzeekanaal11","none",52.220457,4.973436,2017-11-03 09:00:00,2017-11-03 09:00:00,1,NA,NA,NA,0,0,FALSE,22152.58219,2,2018-01-04 10:28:41,22152.58219,5362121,0.00413130964221061,FALSE
"6266","A69-1602-3185",6266,"Noordzeekanaal","ARK Noord","VR2W-119054",52.355706,4.97029,2018-01-04 10:28:41,2018-01-04 11:37:58,47,5362121,22152.58219,0.004131,22152.58219,22152.58219,TRUE,23500.96196,3,2018-01-05 16:31:17,1348.37977,108156,0.0124669899959318,TRUE
"6267","A69-1602-3185",6267,"Noordzeekanaal","Oranjesluis","VR2W-102056",52.380016,4.955998,2018-01-05 16:31:17,2018-01-05 17:15:31,7,103999,3196.690998,0.030738,25349.273188,23500.96196,TRUE,44380.869162,4,2018-01-19 06:48:59,20879.907202,1174662,0.0177752470089268,TRUE
"6268","A69-1602-3185",6268,"Noordzeekanaal","Noordzeekanaal","VR2W-114164",52.465232,4.633992,2018-01-19 06:48:59,2018-01-19 07:26:37,34,1172008,25893.527849,0.022093,51242.801037,44380.869162,TRUE,45987.788161,5,2018-01-19 07:53:54,1606.91899899999,3895,0.412559434916558,TRUE
"6269","A69-1602-3185",6269,"Noordzeekanaal","Grote sluis NZK","VR2W-114178",52.467488,4.613347,2018-01-19 07:53:54,2018-01-19 07:53:54,1,1637,1606.918999,0.981624,52849.720036,45987.788161,TRUE,47411.885302,6,2018-01-19 08:52:02,1424.09714100001,3488,0.408284730791286,TRUE
"6270","A69-1602-3185",6270,"Noordzeekanaal","Spuisluis Noordzee","VR2W-132409",52.471207,4.595198,2018-01-19 08:52:02,2018-01-19 13:51:43,145,3488,1424.097141,0.408285,54273.817177,47411.885302,FALSE,NA,NA,NA,NA,NA,NA,TRUE
"6271","A69-1602-3185",6271,"Noordzeekanaal","Spuisluis Noordzee","VR2W-132408",52.470319,4.594701,2018-01-19 16:01:45,2018-01-19 16:01:45,1,NA,NA,NA,54273.817177,47411.885302,FALSE,NA,NA,NA,NA,NA,NA,TRUE
"6272","A69-1602-3185",6272,"Noordzeekanaal","Spuisluis Noordzee","VR2W-132408",52.470319,4.594701,2018-01-19 17:25:44,2018-01-20 03:36:13,253,NA,NA,NA,54273.817177,47411.885302,FALSE,NA,NA,NA,NA,NA,NA,TRUE
"6273","A69-1602-3185",6273,"Noordzeekanaal","Spuisluis Noordzee","VR2W-132408",52.470319,4.594701,2018-01-20 05:19:56,2018-01-20 16:13:52,450,NA,NA,NA,54273.817177,47411.885302,NA,NA,NA,NA,NA,NA,NA,TRUE
"6274","A69-1602-3186",6274,"Noordzeekanaal","rel_noordzeekanaal11","none",52.220457,4.973436,2017-11-03 09:00:00,2017-11-03 09:18:05,2,NA,NA,NA,0,0,FALSE,NA,NA,NA,NA,NA,NA,FALSE
"6275","A69-1602-3186",6275,"Noordzeekanaal","ARK Zuid","VR2W-119060",52.185058,4.996343,2017-11-10 20:46:36,2017-11-10 21:25:54,32,646111,43514.111807,0.067348,43514.111807,-43514.111807,FALSE,NA,NA,NA,NA,NA,NA,FALSE
"6276","A69-1602-3186",6276,"Noordzeekanaal","ARK Zuid","VR2W-119060",52.185058,4.996343,2017-11-11 00:50:48,2017-11-11 01:00:53,4,NA,NA,NA,43514.111807,-43514.111807,FALSE,NA,NA,NA,NA,NA,NA,FALSE
"6277","A69-1602-3186",6277,"Noordzeekanaal","ARK Zuid","VR2W-119060",52.185058,4.996343,2017-11-11 02:17:56,2017-11-11 02:24:17,5,NA,NA,NA,43514.111807,-43514.111807,FALSE,NA,NA,NA,NA,NA,NA,FALSE
"6278","A69-1602-3186",6278,"Noordzeekanaal","ARK Zuid","VR2W-119060",52.185058,4.996343,2017-11-11 07:18:52,2017-11-11 08:35:05,34,NA,NA,NA,43514.111807,-43514.111807,FALSE,NA,NA,NA,NA,NA,NA,FALSE
"6279","A69-1602-3186",6279,"Noordzeekanaal","ARK Zuid","VR2W-119060",52.185058,4.996343,2017-11-11 12:34:55,2017-11-11 12:47:53,2,NA,NA,NA,43514.111807,-43514.111807,FALSE,NA,NA,NA,NA,NA,NA,FALSE
"6280","A69-1602-3186",6280,"Noordzeekanaal","ARK Zuid","VR2W-119060",52.185058,4.996343,2017-11-11 15:59:54,2017-11-11 18:49:55,87,NA,NA,NA,43514.111807,-43514.111807,FALSE,NA,NA,NA,NA,NA,NA,FALSE
"6281","A69-1602-3186",6281,"Noordzeekanaal","ARK Zuid","VR2W-119060",52.185058,4.996343,2017-11-13 01:57:58,2017-11-13 02:30:01,18,NA,NA,NA,43514.111807,-43514.111807,NA,NA,NA,NA,NA,NA,NA,FALSE
"6282","A69-1602-3187",6282,"Noordzeekanaal","rel_noordzeekanaal11","none",52.220457,4.973436,2017-11-03 09:00:00,2017-11-03 09:37:27,11,NA,NA,NA,0,0,NA,NA,NA,NA,NA,NA,NA,FALSE
"6283","A69-1602-3188",6283,"Noordzeekanaal","rel_noordzeekanaal12","none",52.236496,5.058484,2017-10-11 10:00:00,2017-10-11 10:00:00,1,NA,NA,NA,0,0,FALSE,2555.342426,8,2018-01-07 02:12:02,2555.342426,7575122,0.000337333501163414,FALSE
"6284","A69-1602-3188",6284,"Noordzeekanaal","Loosdrecht2a sluis","VR2W-120092",52.243116,5.048159,2017-11-23 06:41:22,2017-11-23 07:04:01,27,3703282,989.835219,0.000267,989.835219,989.835219,FALSE,2555.342426,8,2018-01-07 02:12:02,1565.507207,3871840,0.000404331585757676,FALSE
"6285","A69-1602-3188",6285,"Noordzeekanaal","Loosdrecht2a sluis","VR2W-120092",52.243116,5.048159,2018-01-04 18:12:51,2018-01-04 19:04:44,73,NA,NA,NA,989.835219,989.835219,FALSE,NA,NA,NA,NA,NA,NA,FALSE
"6286","A69-1602-3188",6286,"Noordzeekanaal","Loosdrecht 1","VR2W-119047",52.231981,5.032877,2018-01-04 20:23:01,2018-01-04 20:36:01,11,4697,1889.732082,0.402327,2879.567301,-2796.733648,FALSE,2555.342426,8,2018-01-07 02:12:02,5352.076074,193741,0.0276249016676904,FALSE
"6287","A69-1602-3188",6287,"Noordzeekanaal","Loosdrecht 1","VR2W-119047",52.231981,5.032877,2018-01-04 22:11:17,2018-01-04 22:46:46,36,NA,NA,NA,2879.567301,-2796.733648,FALSE,2555.342426,8,2018-01-07 02:12:02,5352.076074,187245,0.0285832789874229,FALSE
"6288","A69-1602-3188",6288,"Noordzeekanaal","Loosdrecht 1","VR2W-119047",52.231981,5.032877,2018-01-06 20:21:37,2018-01-06 20:23:48,2,NA,NA,NA,2879.567301,-2796.733648,FALSE,2555.342426,8,2018-01-07 02:12:02,5352.076074,21025,0.254557720523187,FALSE
"6289","A69-1602-3188",6289,"Noordzeekanaal","Loosdrecht 1","VR2W-119047",52.231981,5.032877,2018-01-06 22:30:08,2018-01-06 23:10:51,43,NA,NA,NA,2879.567301,-2796.733648,TRUE,2555.342426,8,2018-01-07 02:12:02,5352.076074,13314,0.401988589004056,TRUE
"6290","A69-1602-3188",6290,"Noordzeekanaal","Loosdrecht 3","VR2W-119069",52.256101,5.043167,2018-01-07 02:12:02,2018-01-07 03:14:40,53,10871,3113.858352,0.286437,5993.425653,2555.342426,TRUE,16617.695336,9,2018-01-08 10:19:04,14062.35291,115622,0.121623505128782,TRUE
"6291","A69-1602-3188",6291,"Noordzeekanaal","ARK Noord","VR2W-119054",52.355706,4.97029,2018-01-08 10:19:04,2018-01-08 18:38:12,295,111864,14179.496674,0.126757,20172.922327,16617.695336,TRUE,19814.386334,10,2018-01-09 04:41:04,3196.690998,66120,0.0483468088021778,TRUE
"6292","A69-1602-3188",6292,"Noordzeekanaal","Oranjesluis","VR2W-102056",52.380016,4.955998,2018-01-09 04:41:04,2018-01-09 06:56:32,125,36172,3196.690998,0.088375,23369.613325,19814.386334,FALSE,22569.696106,16,2018-03-05 21:50:15,2755.309772,4813751,0.000572383110800704,TRUE
"6293","A69-1602-3188",6293,"Noordzeekanaal","Oranjesluis","VR2W-102056",52.380016,4.955998,2018-01-30 16:59:00,2018-01-30 16:59:00,1,NA,NA,NA,23369.613325,19814.386334,FALSE,22569.696106,16,2018-03-05 21:50:15,2755.309772,2955075,0.000932399269730887,TRUE
"6294","A69-1602-3188",6294,"Noordzeekanaal","Oranjesluis","VR2W-114163",52.382553,4.959779,2018-02-02 10:03:42,2018-02-02 10:03:42,1,NA,NA,NA,23369.613325,19814.386334,FALSE,22569.696106,16,2018-03-05 21:50:15,2755.309772,2720793,0.00101268629109234,TRUE
"6295","A69-1602-3188",6295,"Noordzeekanaal","Oranjesluis","VR2W-114163",52.382553,4.959779,2018-02-02 22:00:08,2018-02-03 00:58:10,14,NA,NA,NA,23369.613325,19814.386334,FALSE,22569.696106,16,2018-03-05 21:50:15,2755.309772,2677807,0.00102894262805348,TRUE
"6296","A69-1602-3188",6296,"Noordzeekanaal","Oranjesluis","VR2W-114163",52.382553,4.959779,2018-02-03 05:26:20,2018-02-03 05:43:29,3,NA,NA,NA,23369.613325,19814.386334,FALSE,22569.696106,16,2018-03-05 21:50:15,2755.309772,2651035,0.00103933360819454,TRUE
"6297","A69-1602-3188",6297,"Noordzeekanaal","Oranjesluis","VR2W-114163",52.382553,4.959779,2018-02-04 03:05:00,2018-02-04 03:05:00,1,NA,NA,NA,23369.613325,19814.386334,FALSE,22569.696106,16,2018-03-05 21:50:15,2755.309772,2573115,0.001070807084798,TRUE
"6298","A69-1602-3188",6298,"Noordzeekanaal","Willem 2 sluis 2","VR2W-130587",52.383677,4.907053,2018-03-05 21:50:15,2018-03-05 21:57:16,9,2573115,3423.861235,0.001331,26793.47456,22569.696106,NA,NA,NA,NA,NA,NA,NA,TRUE
"6299","A69-1602-3189",6299,"Noordzeekanaal","rel_noordzeekanaal12","none",52.236496,5.058484,2017-10-11 10:00:00,2017-10-11 10:00:00,1,NA,NA,NA,0,0,FALSE,2555.342426,5,2018-01-05 00:42:56,2555.342426,7396976,0.000345457714882406,FALSE
"6300","A69-1602-3189",6300,"Noordzeekanaal","Loosdrecht2a sluis","VR2W-120092",52.243116,5.048159,2017-11-22 18:29:42,2017-11-22 19:57:38,86,3659382,989.835219,0.00027,989.835219,989.835219,FALSE,2555.342426,5,2018-01-05 00:42:56,1565.507207,3737594,0.000418854270153473,FALSE
"6301","A69-1602-3189",6301,"Noordzeekanaal","Loosdrecht2a sluis","VR2W-120092",52.243116,5.048159,2017-11-23 05:02:07,2017-11-23 16:34:01,687,NA,NA,NA,989.835219,989.835219,FALSE,2555.342426,5,2018-01-05 00:42:56,1565.507207,3699649,0.0004231501980323,FALSE
"6302","A69-1602-3189",6302,"Noordzeekanaal","Loosdrecht2a sluis","VR2W-120092",52.243116,5.048159,2018-01-04 22:19:00,2018-01-04 22:34:49,21,NA,NA,NA,989.835219,989.835219,TRUE,2555.342426,5,2018-01-05 00:42:56,1565.507207,8636,0.181276888258453,TRUE
"6303","A69-1602-3189",6303,"Noordzeekanaal","Loosdrecht 3","VR2W-119069",52.256101,5.043167,2018-01-05 00:42:56,2018-01-05 01:04:12,25,7687,1565.507207,0.203656,2555.342426,2555.342426,TRUE,16617.695336,6,2018-01-11 20:44:11,14062.35291,590475,0.0238153231042805,TRUE
"6304","A69-1602-3189",6304,"Noordzeekanaal","ARK Noord","VR2W-119054",52.355706,4.97029,2018-01-11 20:44:11,2018-01-12 00:57:15,34,589199,14179.496674,0.024066,16734.8391,16617.695336,FALSE,NA,NA,NA,NA,NA,NA,TRUE
"6305","A69-1602-3189",6305,"Noordzeekanaal","ARK Noord","VR2W-119054",52.355706,4.97029,2018-01-12 03:43:00,2018-01-12 04:40:22,17,NA,NA,NA,16734.8391,16617.695336,FALSE,NA,NA,NA,NA,NA,NA,TRUE
"6306","A69-1602-3189",6306,"Noordzeekanaal","ARK Noord","VR2W-119054",52.355706,4.97029,2018-01-12 08:48:33,2018-01-12 09:05:03,13,NA,NA,NA,16734.8391,16617.695336,FALSE,NA,NA,NA,NA,NA,NA,TRUE
"6307","A69-1602-3189",6307,"Noordzeekanaal","ARK Noord","VR2W-119054",52.355706,4.97029,2018-01-12 12:23:19,2018-01-12 12:39:17,11,NA,NA,NA,16734.8391,16617.695336,FALSE,NA,NA,NA,NA,NA,NA,TRUE
"6308","A69-1602-3189",6308,"Noordzeekanaal","ARK Noord","VR2W-119054",52.355706,4.97029,2018-01-12 14:05:58,2018-01-12 14:22:08,7,NA,NA,NA,16734.8391,16617.695336,FALSE,NA,NA,NA,NA,NA,NA,TRUE
"6309","A69-1602-3189",6309,"Noordzeekanaal","ARK Noord","VR2W-119054",52.355706,4.97029,2018-01-12 17:36:13,2018-01-12 19:01:06,14,NA,NA,NA,16734.8391,16617.695336,FALSE,NA,NA,NA,NA,NA,NA,TRUE
"6310","A69-1602-3189",6310,"Noordzeekanaal","ARK Noord","VR2W-119054",52.355706,4.97029,2018-01-12 20:03:20,2018-01-14 13:20:03,1392,NA,NA,NA,16734.8391,16617.695336,FALSE,NA,NA,NA,NA,NA,NA,TRUE
"6311","A69-1602-3189",6311,"Noordzeekanaal","ARK Noord","VR2W-119054",52.355706,4.97029,2018-01-14 16:02:44,2018-01-14 16:23:13,17,NA,NA,NA,16734.8391,16617.695336,FALSE,NA,NA,NA,NA,NA,NA,TRUE
"6312","A69-1602-3189",6312,"Noordzeekanaal","ARK Noord","VR2W-119054",52.355706,4.97029,2018-01-14 17:32:16,2018-01-15 05:25:51,228,NA,NA,NA,16734.8391,16617.695336,FALSE,NA,NA,NA,NA,NA,NA,TRUE
"6313","A69-1602-3189",6313,"Noordzeekanaal","ARK Noord","VR2W-119054",52.355706,4.97029,2018-01-15 06:42:15,2018-01-15 07:06:19,10,NA,NA,NA,16734.8391,16617.695336,FALSE,NA,NA,NA,NA,NA,NA,TRUE
"6314","A69-1602-3189",6314,"Noordzeekanaal","ARK Noord","VR2W-119054",52.355706,4.97029,2018-01-15 19:41:12,2018-01-15 19:43:33,3,NA,NA,NA,16734.8391,16617.695336,FALSE,NA,NA,NA,NA,NA,NA,TRUE
"6315","A69-1602-3189",6315,"Noordzeekanaal","ARK Noord","VR2W-119054",52.355706,4.97029,2018-01-16 14:30:23,2018-01-16 14:42:13,3,NA,NA,NA,16734.8391,16617.695336,FALSE,NA,NA,NA,NA,NA,NA,TRUE
"6316","A69-1602-3189",6316,"Noordzeekanaal","ARK Noord","VR2W-119054",52.355706,4.97029,2018-01-18 20:56:19,2018-01-18 21:03:47,3,NA,NA,NA,16734.8391,16617.695336,FALSE,NA,NA,NA,NA,NA,NA,TRUE
"6317","A69-1602-3189",6317,"Noordzeekanaal","ARK Noord","VR2W-119054",52.355706,4.97029,2018-01-18 23:39:24,2018-01-18 23:46:16,2,NA,NA,NA,16734.8391,16617.695336,FALSE,NA,NA,NA,NA,NA,NA,TRUE
"6318","A69-1602-3189",6318,"Noordzeekanaal","ARK Noord","VR2W-119054",52.355706,4.97029,2018-01-20 08:16:17,2018-01-20 09:30:39,12,NA,NA,NA,16734.8391,16617.695336,FALSE,NA,NA,NA,NA,NA,NA,TRUE
"6319","A69-1602-3189",6319,"Noordzeekanaal","ARK Noord","VR2W-119054",52.355706,4.97029,2018-01-22 14:55:42,2018-01-22 15:10:51,5,NA,NA,NA,16734.8391,16617.695336,FALSE,NA,NA,NA,NA,NA,NA,TRUE
"6320","A69-1602-3189",6320,"Noordzeekanaal","ARK Noord","VR2W-119054",52.355706,4.97029,2018-01-23 04:18:20,2018-01-23 04:28:11,10,NA,NA,NA,16734.8391,16617.695336,FALSE,NA,NA,NA,NA,NA,NA,TRUE
"6321","A69-1602-3189",6321,"Noordzeekanaal","ARK Noord","VR2W-119054",52.355706,4.97029,2018-01-23 21:31:07,2018-01-23 22:06:26,19,NA,NA,NA,16734.8391,16617.695336,FALSE,NA,NA,NA,NA,NA,NA,TRUE
"6322","A69-1602-3189",6322,"Noordzeekanaal","ARK Noord","VR2W-119054",52.355706,4.97029,2018-01-24 03:46:36,2018-01-30 17:29:46,7466,NA,NA,NA,16734.8391,16617.695336,FALSE,NA,NA,NA,NA,NA,NA,TRUE
"6323","A69-1602-3189",6323,"Noordzeekanaal","ARK Noord","VR2W-119054",52.355706,4.97029,2018-01-30 18:41:11,2018-01-31 04:55:54,392,NA,NA,NA,16734.8391,16617.695336,FALSE,NA,NA,NA,NA,NA,NA,TRUE
"6324","A69-1602-3189",6324,"Noordzeekanaal","ARK Noord","VR2W-119054",52.355706,4.97029,2018-01-31 06:24:05,2018-02-01 07:11:03,664,NA,NA,NA,16734.8391,16617.695336,FALSE,NA,NA,NA,NA,NA,NA,TRUE
"6325","A69-1602-3189",6325,"Noordzeekanaal","ARK Noord","VR2W-119054",52.355706,4.97029,2018-02-01 08:28:50,2018-02-02 15:04:32,583,NA,NA,NA,16734.8391,16617.695336,FALSE,NA,NA,NA,NA,NA,NA,TRUE
"6326","A69-1602-3189",6326,"Noordzeekanaal","ARK Noord","VR2W-119054",52.355706,4.97029,2018-02-02 16:37:24,2018-02-02 19:31:14,34,NA,NA,NA,16734.8391,16617.695336,FALSE,NA,NA,NA,NA,NA,NA,TRUE
"6327","A69-1602-3189",6327,"Noordzeekanaal","ARK Noord","VR2W-119054",52.355706,4.97029,2018-02-02 22:24:26,2018-02-03 08:13:51,466,NA,NA,NA,16734.8391,16617.695336,FALSE,NA,NA,NA,NA,NA,NA,TRUE
"6328","A69-1602-3189",6328,"Noordzeekanaal","ARK Noord","VR2W-119054",52.355706,4.97029,2018-02-03 10:04:20,2018-02-05 20:29:08,2192,NA,NA,NA,16734.8391,16617.695336,FALSE,NA,NA,NA,NA,NA,NA,TRUE
"6329","A69-1602-3189",6329,"Noordzeekanaal","ARK Noord","VR2W-119054",52.355706,4.97029,2018-02-05 21:43:18,2018-02-06 06:19:03,268,NA,NA,NA,16734.8391,16617.695336,FALSE,NA,NA,NA,NA,NA,NA,TRUE
"6330","A69-1602-3189",6330,"Noordzeekanaal","ARK Noord","VR2W-119054",52.355706,4.97029,2018-02-06 07:25:28,2018-02-06 11:14:28,36,NA,NA,NA,16734.8391,16617.695336,FALSE,NA,NA,NA,NA,NA,NA,TRUE
"6331","A69-1602-3189",6331,"Noordzeekanaal","ARK Noord","VR2W-119054",52.355706,4.97029,2018-02-06 12:54:59,2018-02-06 15:11:12,65,NA,NA,NA,16734.8391,16617.695336,FALSE,NA,NA,NA,NA,NA,NA,TRUE
"6332","A69-1602-3189",6332,"Noordzeekanaal","ARK Noord","VR2W-119054",52.355706,4.97029,2018-02-06 16:54:12,2018-02-06 17:31:39,39,NA,NA,NA,16734.8391,16617.695336,FALSE,NA,NA,NA,NA,NA,NA,TRUE
"6333","A69-1602-3189",6333,"Noordzeekanaal","ARK Noord","VR2W-119054",52.355706,4.97029,2018-02-06 19:19:59,2018-02-07 10:03:35,518,NA,NA,NA,16734.8391,16617.695336,FALSE,NA,NA,NA,NA,NA,NA,TRUE
"6334","A69-1602-3189",6334,"Noordzeekanaal","ARK Noord","VR2W-119054",52.355706,4.97029,2018-02-07 11:07:17,2018-02-08 12:41:14,909,NA,NA,NA,16734.8391,16617.695336,FALSE,NA,NA,NA,NA,NA,NA,TRUE
"6335","A69-1602-3189",6335,"Noordzeekanaal","ARK Noord","VR2W-119054",52.355706,4.97029,2018-02-08 13:58:45,2018-02-16 09:33:48,6616,NA,NA,NA,16734.8391,16617.695336,FALSE,NA,NA,NA,NA,NA,NA,TRUE
"6336","A69-1602-3189",6336,"Noordzeekanaal","ARK Noord","VR2W-119054",52.355706,4.97029,2018-02-16 12:01:07,2018-02-16 12:52:00,5,NA,NA,NA,16734.8391,16617.695336,FALSE,NA,NA,NA,NA,NA,NA,TRUE
"6337","A69-1602-3189",6337,"Noordzeekanaal","ARK Noord","VR2W-119054",52.355706,4.97029,2018-02-16 14:26:13,2018-02-21 15:49:42,4552,NA,NA,NA,16734.8391,16617.695336,FALSE,NA,NA,NA,NA,NA,NA,TRUE
"6338","A69-1602-3189",6338,"Noordzeekanaal","ARK Noord","VR2W-119054",52.355706,4.97029,2018-02-21 16:54:00,2018-02-22 15:32:18,729,NA,NA,NA,16734.8391,16617.695336,FALSE,NA,NA,NA,NA,NA,NA,TRUE
"6339","A69-1602-3189",6339,"Noordzeekanaal","ARK Noord","VR2W-119054",52.355706,4.97029,2018-02-22 16:42:10,2018-02-25 04:21:06,2638,NA,NA,NA,16734.8391,16617.695336,FALSE,NA,NA,NA,NA,NA,NA,TRUE
"6340","A69-1602-3189",6340,"Noordzeekanaal","ARK Noord","VR2W-119054",52.355706,4.97029,2018-03-05 01:13:59,2018-03-05 01:13:59,1,NA,NA,NA,16734.8391,16617.695336,FALSE,NA,NA,NA,NA,NA,NA,TRUE
"6341","A69-1602-3189",6341,"Noordzeekanaal","ARK Noord","VR2W-119054",52.355706,4.97029,2018-03-05 02:19:38,2018-03-05 02:57:18,19,NA,NA,NA,16734.8391,16617.695336,FALSE,NA,NA,NA,NA,NA,NA,TRUE
"6342","A69-1602-3189",6342,"Noordzeekanaal","ARK Noord","VR2W-119054",52.355706,4.97029,2018-03-05 04:32:04,2018-03-05 04:46:54,6,NA,NA,NA,16734.8391,16617.695336,FALSE,NA,NA,NA,NA,NA,NA,TRUE
"6343","A69-1602-3189",6343,"Noordzeekanaal","ARK Noord","VR2W-119054",52.355706,4.97029,2018-03-05 12:43:03,2018-03-05 12:43:41,2,NA,NA,NA,16734.8391,16617.695336,FALSE,NA,NA,NA,NA,NA,NA,TRUE
"6344","A69-1602-3189",6344,"Noordzeekanaal","ARK Noord","VR2W-119054",52.355706,4.97029,2018-03-05 15:34:26,2018-03-05 15:34:26,1,NA,NA,NA,16734.8391,16617.695336,FALSE,NA,NA,NA,NA,NA,NA,TRUE
"6345","A69-1602-3189",6345,"Noordzeekanaal","ARK Noord","VR2W-119054",52.355706,4.97029,2018-03-05 19:00:29,2018-03-05 20:13:08,10,NA,NA,NA,16734.8391,16617.695336,FALSE,NA,NA,NA,NA,NA,NA,TRUE
"6346","A69-1602-3189",6346,"Noordzeekanaal","ARK Noord","VR2W-119054",52.355706,4.97029,2018-03-06 00:14:42,2018-03-06 02:14:06,43,NA,NA,NA,16734.8391,16617.695336,FALSE,NA,NA,NA,NA,NA,NA,TRUE
"6347","A69-1602-3189",6347,"Noordzeekanaal","ARK Noord","VR2W-119054",52.355706,4.97029,2018-03-06 03:20:02,2018-03-06 03:52:18,17,NA,NA,NA,16734.8391,16617.695336,FALSE,NA,NA,NA,NA,NA,NA,TRUE
"6348","A69-1602-3189",6348,"Noordzeekanaal","ARK Noord","VR2W-119054",52.355706,4.97029,2018-03-06 05:07:18,2018-03-06 05:12:34,2,NA,NA,NA,16734.8391,16617.695336,FALSE,NA,NA,NA,NA,NA,NA,TRUE
"6349","A69-1602-3189",6349,"Noordzeekanaal","ARK Noord","VR2W-119054",52.355706,4.97029,2018-03-06 06:53:49,2018-03-06 06:58:19,4,NA,NA,NA,16734.8391,16617.695336,FALSE,NA,NA,NA,NA,NA,NA,TRUE
"6350","A69-1602-3189",6350,"Noordzeekanaal","ARK Noord","VR2W-119054",52.355706,4.97029,2018-03-06 09:27:24,2018-03-06 09:27:24,1,NA,NA,NA,16734.8391,16617.695336,FALSE,NA,NA,NA,NA,NA,NA,TRUE
"6351","A69-1602-3189",6351,"Noordzeekanaal","ARK Noord","VR2W-119054",52.355706,4.97029,2018-03-06 13:37:40,2018-03-06 13:55:11,2,NA,NA,NA,16734.8391,16617.695336,FALSE,NA,NA,NA,NA,NA,NA,TRUE
"6352","A69-1602-3189",6352,"Noordzeekanaal","ARK Noord","VR2W-119054",52.355706,4.97029,2018-03-06 17:51:10,2018-03-07 01:11:44,80,NA,NA,NA,16734.8391,16617.695336,FALSE,NA,NA,NA,NA,NA,NA,TRUE
"6353","A69-1602-3189",6353,"Noordzeekanaal","ARK Noord","VR2W-119054",52.355706,4.97029,2018-03-07 02:18:30,2018-03-07 03:00:29,19,NA,NA,NA,16734.8391,16617.695336,FALSE,NA,NA,NA,NA,NA,NA,TRUE
"6354","A69-1602-3189",6354,"Noordzeekanaal","ARK Noord","VR2W-119054",52.355706,4.97029,2018-03-07 04:04:10,2018-03-07 06:24:17,34,NA,NA,NA,16734.8391,16617.695336,FALSE,NA,NA,NA,NA,NA,NA,TRUE
"6355","A69-1602-3189",6355,"Noordzeekanaal","ARK Noord","VR2W-119054",52.355706,4.97029,2018-03-07 07:48:30,2018-03-07 07:48:30,1,NA,NA,NA,16734.8391,16617.695336,FALSE,NA,NA,NA,NA,NA,NA,TRUE
"6356","A69-1602-3189",6356,"Noordzeekanaal","ARK Noord","VR2W-119054",52.355706,4.97029,2018-03-07 09:08:04,2018-03-07 09:08:04,1,NA,NA,NA,16734.8391,16617.695336,FALSE,NA,NA,NA,NA,NA,NA,TRUE
"6357","A69-1602-3189",6357,"Noordzeekanaal","ARK Noord","VR2W-119054",52.355706,4.97029,2018-03-07 18:43:30,2018-03-07 18:43:30,1,NA,NA,NA,16734.8391,16617.695336,FALSE,NA,NA,NA,NA,NA,NA,TRUE
"6358","A69-1602-3189",6358,"Noordzeekanaal","ARK Noord","VR2W-119054",52.355706,4.97029,2018-03-07 23:20:16,2018-03-08 00:17:00,22,NA,NA,NA,16734.8391,16617.695336,FALSE,NA,NA,NA,NA,NA,NA,TRUE
"6359","A69-1602-3189",6359,"Noordzeekanaal","ARK Noord","VR2W-119054",52.355706,4.97029,2018-03-08 01:50:50,2018-03-08 02:18:30,4,NA,NA,NA,16734.8391,16617.695336,FALSE,NA,NA,NA,NA,NA,NA,TRUE
"6360","A69-1602-3189",6360,"Noordzeekanaal","ARK Noord","VR2W-119054",52.355706,4.97029,2018-03-08 03:49:17,2018-03-08 06:52:00,64,NA,NA,NA,16734.8391,16617.695336,FALSE,NA,NA,NA,NA,NA,NA,TRUE
"6361","A69-1602-3189",6361,"Noordzeekanaal","ARK Noord","VR2W-119054",52.355706,4.97029,2018-03-08 07:52:42,2018-03-08 08:27:14,7,NA,NA,NA,16734.8391,16617.695336,FALSE,NA,NA,NA,NA,NA,NA,TRUE
"6362","A69-1602-3189",6362,"Noordzeekanaal","ARK Noord","VR2W-119054",52.355706,4.97029,2018-03-08 09:34:29,2018-03-08 09:34:29,1,NA,NA,NA,16734.8391,16617.695336,FALSE,NA,NA,NA,NA,NA,NA,TRUE
"6363","A69-1602-3189",6363,"Noordzeekanaal","ARK Noord","VR2W-119054",52.355706,4.97029,2018-03-08 11:01:23,2018-03-08 12:02:29,3,NA,NA,NA,16734.8391,16617.695336,FALSE,NA,NA,NA,NA,NA,NA,TRUE
"6364","A69-1602-3189",6364,"Noordzeekanaal","ARK Noord","VR2W-119054",52.355706,4.97029,2018-03-08 14:09:36,2018-03-08 15:00:30,4,NA,NA,NA,16734.8391,16617.695336,FALSE,NA,NA,NA,NA,NA,NA,TRUE
"6365","A69-1602-3189",6365,"Noordzeekanaal","ARK Noord","VR2W-119054",52.355706,4.97029,2018-03-08 16:44:37,2018-03-08 18:08:21,6,NA,NA,NA,16734.8391,16617.695336,FALSE,NA,NA,NA,NA,NA,NA,TRUE
"6366","A69-1602-3189",6366,"Noordzeekanaal","ARK Noord","VR2W-119054",52.355706,4.97029,2018-03-08 20:04:27,2018-03-09 02:22:41,84,NA,NA,NA,16734.8391,16617.695336,FALSE,NA,NA,NA,NA,NA,NA,TRUE
"6367","A69-1602-3189",6367,"Noordzeekanaal","ARK Noord","VR2W-119054",52.355706,4.97029,2018-03-09 03:29:12,2018-03-09 04:57:18,35,NA,NA,NA,16734.8391,16617.695336,FALSE,NA,NA,NA,NA,NA,NA,TRUE
"6368","A69-1602-3189",6368,"Noordzeekanaal","ARK Noord","VR2W-119054",52.355706,4.97029,2018-03-09 06:46:17,2018-03-09 07:59:53,27,NA,NA,NA,16734.8391,16617.695336,FALSE,NA,NA,NA,NA,NA,NA,TRUE
"6369","A69-1602-3189",6369,"Noordzeekanaal","ARK Noord","VR2W-119054",52.355706,4.97029,2018-03-09 10:57:31,2018-03-09 14:09:16,48,NA,NA,NA,16734.8391,16617.695336,FALSE,NA,NA,NA,NA,NA,NA,TRUE
"6370","A69-1602-3189",6370,"Noordzeekanaal","ARK Noord","VR2W-119054",52.355706,4.97029,2018-03-09 15:16:01,2018-03-09 16:37:14,13,NA,NA,NA,16734.8391,16617.695336,FALSE,NA,NA,NA,NA,NA,NA,TRUE
"6371","A69-1602-3189",6371,"Noordzeekanaal","ARK Noord","VR2W-119054",52.355706,4.97029,2018-03-09 17:50:54,2018-03-09 19:25:53,17,NA,NA,NA,16734.8391,16617.695336,FALSE,NA,NA,NA,NA,NA,NA,TRUE
"6372","A69-1602-3189",6372,"Noordzeekanaal","ARK Noord","VR2W-119054",52.355706,4.97029,2018-03-09 20:28:41,2018-03-10 00:56:18,60,NA,NA,NA,16734.8391,16617.695336,FALSE,NA,NA,NA,NA,NA,NA,TRUE
"6373","A69-1602-3189",6373,"Noordzeekanaal","ARK Noord","VR2W-119054",52.355706,4.97029,2018-03-10 01:56:54,2018-03-10 02:42:54,6,NA,NA,NA,16734.8391,16617.695336,FALSE,NA,NA,NA,NA,NA,NA,TRUE
"6374","A69-1602-3189",6374,"Noordzeekanaal","ARK Noord","VR2W-119054",52.355706,4.97029,2018-03-10 03:57:48,2018-03-10 05:33:42,28,NA,NA,NA,16734.8391,16617.695336,FALSE,NA,NA,NA,NA,NA,NA,TRUE
"6375","A69-1602-3189",6375,"Noordzeekanaal","ARK Noord","VR2W-119054",52.355706,4.97029,2018-03-10 06:47:55,2018-03-10 09:46:19,25,NA,NA,NA,16734.8391,16617.695336,FALSE,NA,NA,NA,NA,NA,NA,TRUE
"6376","A69-1602-3189",6376,"Noordzeekanaal","ARK Noord","VR2W-119054",52.355706,4.97029,2018-03-10 12:03:41,2018-03-10 16:55:04,69,NA,NA,NA,16734.8391,16617.695336,FALSE,NA,NA,NA,NA,NA,NA,TRUE
"6377","A69-1602-3189",6377,"Noordzeekanaal","ARK Noord","VR2W-119054",52.355706,4.97029,2018-03-10 18:06:11,2018-03-11 05:36:45,449,NA,NA,NA,16734.8391,16617.695336,FALSE,NA,NA,NA,NA,NA,NA,TRUE
"6378","A69-1602-3189",6378,"Noordzeekanaal","ARK Noord","VR2W-119054",52.355706,4.97029,2018-03-11 07:18:58,2018-03-11 12:16:00,65,NA,NA,NA,16734.8391,16617.695336,FALSE,NA,NA,NA,NA,NA,NA,TRUE
"6379","A69-1602-3189",6379,"Noordzeekanaal","ARK Noord","VR2W-119054",52.355706,4.97029,2018-03-11 13:20:55,2018-03-12 23:01:10,1084,NA,NA,NA,16734.8391,16617.695336,FALSE,NA,NA,NA,NA,NA,NA,TRUE
"6380","A69-1602-3189",6380,"Noordzeekanaal","ARK Noord","VR2W-119054",52.355706,4.97029,2018-03-13 00:16:38,2018-03-13 08:31:06,315,NA,NA,NA,16734.8391,16617.695336,FALSE,NA,NA,NA,NA,NA,NA,TRUE
"6381","A69-1602-3189",6381,"Noordzeekanaal","ARK Noord","VR2W-119054",52.355706,4.97029,2018-03-13 09:31:25,2018-03-20 14:18:22,6873,NA,NA,NA,16734.8391,16617.695336,NA,NA,NA,NA,NA,NA,NA,TRUE
"6382","A69-1602-3190",6382,"Noordzeekanaal","rel_noordzeekanaal12","none",52.236496,5.058484,2017-10-11 10:00:00,2017-10-11 10:00:00,1,NA,NA,NA,0,0,NA,NA,NA,NA,NA,NA,NA,FALSE
"6383","A69-1602-3190",6383,"Noordzeekanaal","Loosdrecht2a sluis","VR2W-120092",52.243116,5.048159,2017-10-19 23:36:02,2017-10-20 00:24:42,57,740162,989.835219,0.001337,989.835219,989.835219,FALSE,NA,NA,NA,NA,NA,NA,FALSE
"6384","A69-1602-3190",6384,"Noordzeekanaal","Loosdrecht2a sluis","VR2W-120092",52.243116,5.048159,2017-11-20 21:00:11,2017-11-20 21:52:40,47,NA,NA,NA,989.835219,989.835219,FALSE,NA,NA,NA,NA,NA,NA,FALSE
"6385","A69-1602-3190",6385,"Noordzeekanaal","Loosdrecht2a sluis","VR2W-120092",52.243116,5.048159,2017-11-20 22:57:08,2017-11-20 23:43:58,60,NA,NA,NA,989.835219,989.835219,FALSE,NA,NA,NA,NA,NA,NA,FALSE
"6386","A69-1602-3190",6386,"Noordzeekanaal","Loosdrecht2a sluis","VR2W-120092",52.243116,5.048159,2017-11-21 17:49:22,2017-11-21 22:01:55,311,NA,NA,NA,989.835219,989.835219,FALSE,NA,NA,NA,NA,NA,NA,FALSE
"6387","A69-1602-3190",6387,"Noordzeekanaal","Loosdrecht2a sluis","VR2W-120092",52.243116,5.048159,2017-11-22 17:53:46,2017-11-23 02:39:17,632,NA,NA,NA,989.835219,989.835219,FALSE,NA,NA,NA,NA,NA,NA,FALSE
"6388","A69-1602-3190",6388,"Noordzeekanaal","Loosdrecht2a sluis","VR2W-120092",52.243116,5.048159,2018-01-25 17:40:36,2018-01-26 03:27:54,716,NA,NA,NA,989.835219,989.835219,NA,NA,NA,NA,NA,NA,NA,FALSE
"6389","A69-1602-3191",6389,"Noordzeekanaal","rel_noordzeekanaal12","none",52.236496,5.058484,2017-10-11 10:00:00,2017-10-11 10:00:00,1,NA,NA,NA,0,0,NA,NA,NA,NA,NA,NA,NA,FALSE
"6390","A69-1602-3192",6390,"Noordzeekanaal","rel_noordzeekanaal12","none",52.236496,5.058484,2017-10-11 10:00:00,2017-10-11 10:00:00,1,NA,NA,NA,0,0,NA,NA,NA,NA,NA,NA,NA,FALSE
"6391","A69-1602-3193",6391,"Noordzeekanaal","rel_noordzeekanaal12","none",52.236496,5.058484,2017-10-11 10:00:00,2017-10-11 10:00:00,1,NA,NA,NA,0,0,FALSE,2555.342426,5,2017-12-20 21:37:18,2555.342426,6089838,0.000419607619447348,FALSE
"6392","A69-1602-3193",6392,"Noordzeekanaal","Loosdrecht2a sluis","VR2W-120092",52.243116,5.048159,2017-11-23 16:48:53,2017-11-23 18:06:36,85,3739733,989.835219,0.000265,989.835219,989.835219,FALSE,2555.342426,5,2017-12-20 21:37:18,1565.507207,2350105,0.000666143515715255,FALSE
"6393","A69-1602-3193",6393,"Noordzeekanaal","Loosdrecht2a sluis","VR2W-120092",52.243116,5.048159,2017-12-20 02:58:43,2017-12-20 03:23:29,28,NA,NA,NA,989.835219,989.835219,FALSE,2555.342426,5,2017-12-20 21:37:18,1565.507207,67115,0.0233257424867764,FALSE
"6394","A69-1602-3193",6394,"Noordzeekanaal","Loosdrecht2a sluis","VR2W-120092",52.243116,5.048159,2017-12-20 17:20:57,2017-12-20 17:20:57,1,NA,NA,NA,989.835219,989.835219,TRUE,2555.342426,5,2017-12-20 21:37:18,1565.507207,15381,0.101781887198492,TRUE
"6395","A69-1602-3193",6395,"Noordzeekanaal","Loosdrecht 3","VR2W-119069",52.256101,5.043167,2017-12-20 21:37:18,2017-12-20 23:35:43,54,15381,1565.507207,0.101782,2555.342426,2555.342426,TRUE,16617.695336,6,2017-12-21 15:53:31,14062.35291,65773,0.213801300077539,TRUE
"6396","A69-1602-3193",6396,"Noordzeekanaal","ARK Noord","VR2W-119054",52.355706,4.97029,2017-12-21 15:53:31,2017-12-21 16:40:31,38,58668,14179.496674,0.24169,16734.8391,16617.695336,TRUE,19814.386334,7,2017-12-21 18:26:17,3196.690998,9166,0.348755291075714,TRUE
"6397","A69-1602-3193",6397,"Noordzeekanaal","Oranjesluis","VR2W-102056",52.380016,4.955998,2017-12-21 18:26:17,2017-12-21 19:05:46,28,6346,3196.690998,0.503733,19931.530098,19814.386334,FALSE,22569.696106,12,2017-12-25 18:36:46,2755.309772,346229,0.0079580560033966,TRUE
"6398","A69-1602-3193",6398,"Noordzeekanaal","Oranjesluis","VR2W-102056",52.380016,4.955998,2017-12-24 22:16:17,2017-12-24 23:48:14,90,NA,NA,NA,19931.530098,19814.386334,FALSE,22569.696106,12,2017-12-25 18:36:46,2755.309772,73229,0.0376259374291606,TRUE
"6399","A69-1602-3193",6399,"Noordzeekanaal","Oranjesluis","VR2W-102056",52.380016,4.955998,2017-12-25 01:16:03,2017-12-25 01:16:03,1,NA,NA,NA,19931.530098,19814.386334,FALSE,22569.696106,12,2017-12-25 18:36:46,2755.309772,62443,0.0441251985330622,TRUE
"6400","A69-1602-3193",6400,"Noordzeekanaal","Oranjesluis","VR2W-102056",52.380016,4.955998,2017-12-25 05:09:00,2017-12-25 07:40:13,94,NA,NA,NA,19931.530098,19814.386334,FALSE,22569.696106,12,2017-12-25 18:36:46,2755.309772,48466,0.0568503646267487,TRUE
"6401","A69-1602-3193",6401,"Noordzeekanaal","Oranjesluis","VR2W-114163",52.382553,4.959779,2017-12-25 14:12:14,2017-12-25 15:57:02,15,NA,NA,NA,19931.530098,19814.386334,TRUE,22569.696106,12,2017-12-25 18:36:46,2755.309772,15872,0.173595625756048,TRUE
"6402","A69-1602-3193",6402,"Noordzeekanaal","Willem 2 sluis 2","VR2W-130587",52.383677,4.907053,2017-12-25 18:36:46,2017-12-25 18:40:14,2,9584,3423.861235,0.357248,23355.391333,22569.696106,TRUE,45039.36272,13,2018-01-18 22:12:53,22469.666614,2086567,0.0107687251902287,TRUE
"6403","A69-1602-3193",6403,"Noordzeekanaal","Noordzeekanaal","VR2W-114165",52.462798,4.633995,2018-01-18 22:12:53,2018-01-18 23:04:44,42,2086359,22552.500267,0.01081,45907.8916,45039.36272,TRUE,46646.281718,14,2018-01-18 23:23:42,1606.918998,4249,0.378187573076018,TRUE
"6404","A69-1602-3193",6404,"Noordzeekanaal","Grote sluis NZK","VR2W-114178",52.467488,4.613347,2018-01-18 23:23:42,2018-01-19 02:14:17,111,1138,1606.918999,1.412055,47514.810599,46646.281718,TRUE,48070.378859,15,2018-01-19 02:17:05,1424.097141,10403,0.136892929058925,TRUE
"6405","A69-1602-3193",6405,"Noordzeekanaal","Spuisluis Noordzee","VR2W-132409",52.471207,4.595198,2018-01-19 02:17:05,2018-01-19 02:20:20,2,168,1424.097141,8.476769,48938.90774,48070.378859,NA,NA,NA,NA,NA,NA,NA,TRUE
"6406","A69-1602-3194",6406,"Noordzeekanaal","rel_noordzeekanaal12","none",52.236496,5.058484,2017-10-11 10:00:00,2017-10-11 10:00:00,1,NA,NA,NA,0,0,NA,NA,NA,NA,NA,NA,NA,FALSE
"6407","A69-1602-3195",6407,"Noordzeekanaal","rel_noordzeekanaal12","none",52.236496,5.058484,2017-10-11 10:00:00,2017-10-11 10:00:00,1,NA,NA,NA,0,0,NA,NA,NA,NA,NA,NA,NA,FALSE
"6408","A69-1602-3196",6408,"Noordzeekanaal","rel_noordzeekanaal12","none",52.236496,5.058484,2017-10-11 10:00:00,2017-10-11 10:00:00,1,NA,NA,NA,0,0,NA,NA,NA,NA,NA,NA,NA,FALSE
"6409","A69-1602-3197",6409,"Noordzeekanaal","rel_noordzeekanaal12","none",52.236496,5.058484,2017-10-11 10:00:00,2017-10-11 10:00:00,1,NA,NA,NA,0,0,FALSE,2555.342426,5,2017-11-23 02:08:32,2555.342426,3686912,0.000693084734867553,FALSE
"6410","A69-1602-3197",6410,"Noordzeekanaal","Loosdrecht2a sluis","VR2W-120092",52.243116,5.048159,2017-11-11 01:53:45,2017-11-11 02:30:42,46,2649225,989.835219,0.000374,989.835219,989.835219,FALSE,2555.342426,5,2017-11-23 02:08:32,1565.507207,1037687,0.00150865068850241,FALSE
"6411","A69-1602-3197",6411,"Noordzeekanaal","Loosdrecht2a sluis","VR2W-120092",52.243116,5.048159,2017-11-22 02:17:25,2017-11-22 04:55:02,144,NA,NA,NA,989.835219,989.835219,FALSE,2555.342426,5,2017-11-23 02:08:32,1565.507207,85867,0.0182317678153423,FALSE
"6412","A69-1602-3197",6412,"Noordzeekanaal","Loosdrecht2a sluis","VR2W-120092",52.243116,5.048159,2017-11-22 17:46:21,2017-11-23 00:57:08,497,NA,NA,NA,989.835219,989.835219,TRUE,2555.342426,5,2017-11-23 02:08:32,1565.507207,30131,0.0519566959941588,TRUE
"6413","A69-1602-3197",6413,"Noordzeekanaal","Loosdrecht 3","VR2W-119069",52.256101,5.043167,2017-11-23 02:08:32,2017-11-23 02:33:50,28,4284,1565.507207,0.365431,2555.342426,2555.342426,TRUE,16617.695336,6,2017-11-25 01:00:58,14062.35291,168746,0.0833344370236924,TRUE
"6414","A69-1602-3197",6414,"Noordzeekanaal","ARK Noord","VR2W-119054",52.355706,4.97029,2017-11-25 01:00:58,2017-11-25 01:57:52,59,167228,14179.496674,0.084791,16734.8391,16617.695336,TRUE,19814.386334,7,2017-11-25 03:10:43,3196.690998,7785,0.410621836608863,TRUE
"6415","A69-1602-3197",6415,"Noordzeekanaal","Oranjesluis","VR2W-102056",52.380016,4.955998,2017-11-25 03:10:43,2017-11-25 04:14:33,136,4371,3196.690998,0.731341,19931.530098,19814.386334,FALSE,22569.696106,9,2017-11-25 09:44:35,2755.309772,23632,0.116592322782668,TRUE
"6416","A69-1602-3197",6416,"Noordzeekanaal","Oranjesluis","VR2W-102056",52.380016,4.955998,2017-11-25 05:23:20,2017-11-25 08:19:11,147,NA,NA,NA,19931.530098,19814.386334,TRUE,22569.696106,9,2017-11-25 09:44:35,2755.309772,15675,0.175777337926635,TRUE
"6417","A69-1602-3197",6417,"Noordzeekanaal","Willem 2 sluis 2","VR2W-130587",52.383677,4.907053,2017-11-25 09:44:35,2017-11-25 09:44:35,1,5124,3423.861235,0.668201,23355.391333,22569.696106,TRUE,45039.36272,10,2017-11-26 16:47:11,22469.666614,111756,0.201060047013136,TRUE
"6418","A69-1602-3197",6418,"Noordzeekanaal","Noordzeekanaal","VR2W-114165",52.462798,4.633995,2017-11-26 16:47:11,2017-11-26 17:17:23,29,111756,22552.500267,0.201801,45907.8916,45039.36272,TRUE,47211.901843,11,2017-11-26 17:47:49,2172.539123,3638,0.597179528037384,TRUE
"6419","A69-1602-3197",6419,"Noordzeekanaal","Spuisluis NZK","VR2W-114167",52.470646,4.607811,2017-11-26 17:47:49,2017-11-26 17:49:58,3,1826,2172.539123,1.18978,48080.430723,47211.901843,FALSE,NA,NA,NA,NA,NA,NA,TRUE
"6420","A69-1602-3197",6420,"Noordzeekanaal","Spuisluis NZK","VR2W-114167",52.470646,4.607811,2017-11-27 02:45:23,2017-11-27 02:45:23,1,NA,NA,NA,48080.430723,47211.901843,FALSE,NA,NA,NA,NA,NA,NA,TRUE
"6421","A69-1602-3197",6421,"Noordzeekanaal","Spuisluis NZK","VR2W-114167",52.470646,4.607811,2017-11-27 23:25:37,2017-11-27 23:31:50,5,NA,NA,NA,48080.430723,47211.901843,FALSE,NA,NA,NA,NA,NA,NA,TRUE
"6422","A69-1602-3197",6422,"Noordzeekanaal","Spuisluis NZK","VR2W-114167",52.470646,4.607811,2017-11-29 04:58:37,2017-11-29 07:27:48,114,NA,NA,NA,48080.430723,47211.901843,FALSE,NA,NA,NA,NA,NA,NA,TRUE
"6423","A69-1602-3197",6423,"Noordzeekanaal","Spuisluis NZK","VR2W-114167",52.470646,4.607811,2017-11-29 09:18:23,2017-11-29 14:42:59,391,NA,NA,NA,48080.430723,47211.901843,FALSE,NA,NA,NA,NA,NA,NA,TRUE
"6424","A69-1602-3197",6424,"Noordzeekanaal","Spuisluis NZK","VR2W-114167",52.470646,4.607811,2017-11-29 17:04:18,2017-11-29 21:41:46,106,NA,NA,NA,48080.430723,47211.901843,FALSE,NA,NA,NA,NA,NA,NA,TRUE
"6425","A69-1602-3197",6425,"Noordzeekanaal","Spuisluis NZK","VR2W-114167",52.470646,4.607811,2017-11-30 02:42:52,2017-11-30 03:04:40,8,NA,NA,NA,48080.430723,47211.901843,FALSE,NA,NA,NA,NA,NA,NA,TRUE
"6426","A69-1602-3197",6426,"Noordzeekanaal","Spuisluis NZK","VR2W-114167",52.470646,4.607811,2017-11-30 04:16:24,2017-11-30 04:41:25,5,NA,NA,NA,48080.430723,47211.901843,NA,NA,NA,NA,NA,NA,NA,TRUE
"6427","A69-1602-3197",6427,"Noordzeekanaal","Middensluis NZK","VR2W-132417",52.465373,4.601803,2017-11-30 13:07:48,2017-11-30 13:19:56,9,30383,765.597541,0.025198,48846.028264,47363.353703,NA,NA,NA,NA,NA,NA,NA,TRUE
"6428","A69-1602-3197",6428,"Noordzeekanaal","Kleine sluis NZK","VR2W-132415",52.464559,4.592909,2017-12-04 13:07:32,2017-12-04 13:35:39,30,344856,641.346055,0.00186,49487.374319,47921.866105,FALSE,NA,NA,NA,NA,NA,NA,TRUE
"6429","A69-1602-3197",6429,"Noordzeekanaal","Grote sluis NZK","VR2W-114178",52.467488,4.613347,2017-12-04 13:52:56,2017-12-04 13:54:58,4,1037,1524.085346,1.469706,51011.459665,46646.281718,FALSE,NA,NA,NA,NA,NA,NA,TRUE
"6430","A69-1602-3197",6430,"Noordzeekanaal","Noordzeekanaal","VR2W-114164",52.465232,4.633992,2017-12-04 13:59:50,2017-12-04 13:59:50,1,292,1606.918999,5.503147,52618.378664,45039.36272,TRUE,46646.281718,23,2017-12-04 14:00:20,1606.918998,30,53.5639666,TRUE
"6431","A69-1602-3197",6431,"Noordzeekanaal","Grote sluis NZK","VR2W-114178",52.467488,4.613347,2017-12-04 14:00:20,2017-12-04 14:03:38,3,30,1606.918999,53.563967,54225.297663,46646.281718,FALSE,NA,NA,NA,NA,NA,NA,TRUE
"6432","A69-1602-3197",6432,"Noordzeekanaal","Noordzeekanaal","VR2W-114165",52.462798,4.633995,2017-12-04 14:04:57,2017-12-04 14:04:57,1,79,1606.918999,20.340747,55832.216662,45039.36272,TRUE,46646.281718,25,2017-12-04 14:14:07,1606.918998,550,2.92167090545455,TRUE
"6433","A69-1602-3197",6433,"Noordzeekanaal","Grote sluis NZK","VR2W-114178",52.467488,4.613347,2017-12-04 14:14:07,2017-12-04 14:14:07,1,550,1606.918999,2.921671,57439.135661,46646.281718,FALSE,NA,NA,NA,NA,NA,NA,TRUE
"6434","A69-1602-3197",6434,"Noordzeekanaal","Noordzeekanaal","VR2W-114165",52.462798,4.633995,2017-12-04 14:14:16,2017-12-04 15:40:15,83,9,1606.918999,178.546555,59046.05466,45039.36272,TRUE,46646.281718,27,2017-12-04 15:50:27,1606.918998,5771,0.278447235834344,TRUE
"6435","A69-1602-3197",6435,"Noordzeekanaal","Grote sluis NZK","VR2W-114178",52.467488,4.613347,2017-12-04 15:50:27,2017-12-04 15:50:27,1,612,1606.918999,2.625685,60652.973659,46646.281718,FALSE,NA,NA,NA,NA,NA,NA,TRUE
"6436","A69-1602-3197",6436,"Noordzeekanaal","Noordzeekanaal","VR2W-114165",52.462798,4.633995,2017-12-04 15:56:02,2017-12-04 15:56:02,1,335,1606.918999,4.796773,62259.892658,45039.36272,TRUE,46646.281718,29,2017-12-04 15:59:26,1606.918998,204,7.87705391176471,TRUE
"6437","A69-1602-3197",6437,"Noordzeekanaal","Grote sluis NZK","VR2W-114178",52.467488,4.613347,2017-12-04 15:59:26,2017-12-04 16:02:58,2,204,1606.918999,7.877054,63866.811657,46646.281718,FALSE,NA,NA,NA,NA,NA,NA,TRUE
"6438","A69-1602-3197",6438,"Noordzeekanaal","Noordzeekanaal","VR2W-114165",52.462798,4.633995,2017-12-04 16:06:16,2017-12-04 16:39:57,29,198,1606.918999,8.115753,65473.730656,45039.36272,FALSE,46646.281718,32,2017-12-05 22:32:40,1606.918998,109584,0.014663810392028,TRUE
"6439","A69-1602-3197",6439,"Noordzeekanaal","Noordzeekanaal","VR2W-114165",52.462798,4.633995,2017-12-05 21:40:53,2017-12-05 21:59:56,36,NA,NA,NA,65473.730656,45039.36272,TRUE,46646.281718,32,2017-12-05 22:32:40,1606.918998,3107,0.517193111683296,TRUE
"6440","A69-1602-3197",6440,"Noordzeekanaal","Grote sluis NZK","VR2W-114178",52.467488,4.613347,2017-12-05 22:32:40,2017-12-06 00:15:46,61,1964,1606.918999,0.818187,67080.649655,46646.281718,NA,NA,NA,NA,NA,NA,NA,TRUE
"6441","A69-1602-3197",6441,"Noordzeekanaal","Grote sluis Noordzee","VR2W-132414",52.466907,4.600546,2017-12-06 01:27:51,2017-12-06 01:39:59,27,4325,941.310669,0.217644,68021.960324,47504.758734,NA,NA,NA,NA,NA,NA,NA,TRUE
"6442","A69-1602-3198",6442,"Noordzeekanaal","rel_noordzeekanaal13","none",52.244517,5.047218,2017-10-11 11:30:00,2017-10-11 11:30:00,1,NA,NA,NA,0,0,FALSE,NA,NA,NA,NA,NA,NA,FALSE
"6443","A69-1602-3198",6443,"Noordzeekanaal","Loosdrecht 1","VR2W-119047",52.231981,5.032877,2017-10-20 19:30:03,2017-10-20 20:08:26,44,806403,1872.57753,0.002322,1872.57753,-1872.57753,FALSE,1324.113468,4,2017-11-24 00:53:28,3196.690998,2957005,0.00108105701478354,FALSE
"6444","A69-1602-3198",6444,"Noordzeekanaal","Loosdrecht 1","VR2W-119047",52.231981,5.032877,2017-11-23 18:23:37,2017-11-23 19:14:26,48,NA,NA,NA,1872.57753,-1872.57753,TRUE,1324.113468,4,2017-11-24 00:53:28,3196.690998,23391,0.1366632892138,TRUE
"6445","A69-1602-3198",6445,"Noordzeekanaal","Loosdrecht 3","VR2W-119069",52.256101,5.043167,2017-11-24 00:53:28,2017-11-24 01:08:55,8,20342,3113.858352,0.153075,4986.435882,1324.113468,FALSE,15386.466378,6,2017-12-06 03:55:01,14062.35291,1047693,0.0134222075646206,TRUE
"6446","A69-1602-3198",6446,"Noordzeekanaal","Loosdrecht 3","VR2W-119069",52.256101,5.043167,2017-11-24 02:18:56,2017-11-24 03:14:29,43,NA,NA,NA,4986.435882,1324.113468,TRUE,15386.466378,6,2017-12-06 03:55:01,14062.35291,1042565,0.0134882265470258,TRUE
"6447","A69-1602-3198",6447,"Noordzeekanaal","ARK Noord","VR2W-119054",52.355706,4.97029,2017-12-06 03:55:01,2017-12-06 07:07:50,83,1039232,14179.496674,0.013644,19165.932556,15386.466378,FALSE,NA,NA,NA,NA,NA,NA,TRUE
"6448","A69-1602-3198",6448,"Noordzeekanaal","ARK Noord","VR2W-119054",52.355706,4.97029,2017-12-06 08:23:56,2017-12-11 15:47:54,7662,NA,NA,NA,19165.932556,15386.466378,FALSE,NA,NA,NA,NA,NA,NA,TRUE
"6449","A69-1602-3198",6449,"Noordzeekanaal","ARK Noord","VR2W-119054",52.355706,4.97029,2017-12-11 17:11:06,2017-12-16 16:53:59,4411,NA,NA,NA,19165.932556,15386.466378,FALSE,NA,NA,NA,NA,NA,NA,TRUE
"6450","A69-1602-3198",6450,"Noordzeekanaal","ARK Noord","VR2W-119054",52.355706,4.97029,2017-12-16 19:00:13,2017-12-16 19:17:28,2,NA,NA,NA,19165.932556,15386.466378,FALSE,NA,NA,NA,NA,NA,NA,TRUE
"6451","A69-1602-3198",6451,"Noordzeekanaal","ARK Noord","VR2W-119054",52.355706,4.97029,2017-12-16 21:06:07,2017-12-17 00:05:41,95,NA,NA,NA,19165.932556,15386.466378,FALSE,NA,NA,NA,NA,NA,NA,TRUE
"6452","A69-1602-3198",6452,"Noordzeekanaal","ARK Noord","VR2W-119054",52.355706,4.97029,2017-12-17 01:14:17,2017-12-17 12:58:41,282,NA,NA,NA,19165.932556,15386.466378,FALSE,NA,NA,NA,NA,NA,NA,TRUE
"6453","A69-1602-3198",6453,"Noordzeekanaal","ARK Noord","VR2W-119054",52.355706,4.97029,2017-12-17 14:01:24,2017-12-17 20:49:57,184,NA,NA,NA,19165.932556,15386.466378,FALSE,NA,NA,NA,NA,NA,NA,TRUE
"6454","A69-1602-3198",6454,"Noordzeekanaal","ARK Noord","VR2W-119054",52.355706,4.97029,2017-12-17 22:01:44,2017-12-19 15:11:55,1021,NA,NA,NA,19165.932556,15386.466378,FALSE,NA,NA,NA,NA,NA,NA,TRUE
"6455","A69-1602-3198",6455,"Noordzeekanaal","ARK Noord","VR2W-119054",52.355706,4.97029,2017-12-19 16:15:39,2017-12-20 11:52:49,543,NA,NA,NA,19165.932556,15386.466378,FALSE,NA,NA,NA,NA,NA,NA,TRUE
"6456","A69-1602-3198",6456,"Noordzeekanaal","ARK Noord","VR2W-119054",52.355706,4.97029,2017-12-20 14:09:37,2017-12-20 19:55:28,64,NA,NA,NA,19165.932556,15386.466378,FALSE,NA,NA,NA,NA,NA,NA,TRUE
"6457","A69-1602-3198",6457,"Noordzeekanaal","ARK Noord","VR2W-119054",52.355706,4.97029,2017-12-20 21:08:15,2017-12-21 12:48:42,448,NA,NA,NA,19165.932556,15386.466378,FALSE,NA,NA,NA,NA,NA,NA,TRUE
"6458","A69-1602-3198",6458,"Noordzeekanaal","ARK Noord","VR2W-119054",52.355706,4.97029,2017-12-21 14:11:26,2017-12-21 14:13:05,3,NA,NA,NA,19165.932556,15386.466378,FALSE,NA,NA,NA,NA,NA,NA,TRUE
"6459","A69-1602-3198",6459,"Noordzeekanaal","ARK Noord","VR2W-119054",52.355706,4.97029,2017-12-21 19:32:17,2017-12-21 19:42:50,5,NA,NA,NA,19165.932556,15386.466378,FALSE,NA,NA,NA,NA,NA,NA,TRUE
"6460","A69-1602-3198",6460,"Noordzeekanaal","ARK Noord","VR2W-119054",52.355706,4.97029,2017-12-21 20:58:50,2017-12-22 02:07:59,151,NA,NA,NA,19165.932556,15386.466378,FALSE,NA,NA,NA,NA,NA,NA,TRUE
"6461","A69-1602-3198",6461,"Noordzeekanaal","ARK Noord","VR2W-119054",52.355706,4.97029,2017-12-22 03:36:31,2017-12-22 04:16:34,2,NA,NA,NA,19165.932556,15386.466378,FALSE,NA,NA,NA,NA,NA,NA,TRUE
"6462","A69-1602-3198",6462,"Noordzeekanaal","ARK Noord","VR2W-119054",52.355706,4.97029,2017-12-22 05:39:19,2017-12-22 06:03:54,6,NA,NA,NA,19165.932556,15386.466378,FALSE,NA,NA,NA,NA,NA,NA,TRUE
"6463","A69-1602-3198",6463,"Noordzeekanaal","ARK Noord","VR2W-119054",52.355706,4.97029,2017-12-22 07:19:03,2017-12-22 08:47:26,7,NA,NA,NA,19165.932556,15386.466378,FALSE,NA,NA,NA,NA,NA,NA,TRUE
"6464","A69-1602-3198",6464,"Noordzeekanaal","ARK Noord","VR2W-119054",52.355706,4.97029,2017-12-22 10:50:03,2017-12-23 03:46:47,508,NA,NA,NA,19165.932556,15386.466378,FALSE,NA,NA,NA,NA,NA,NA,TRUE
"6465","A69-1602-3198",6465,"Noordzeekanaal","ARK Noord","VR2W-119054",52.355706,4.97029,2017-12-23 04:50:38,2017-12-24 11:14:49,719,NA,NA,NA,19165.932556,15386.466378,FALSE,NA,NA,NA,NA,NA,NA,TRUE
"6466","A69-1602-3198",6466,"Noordzeekanaal","ARK Noord","VR2W-119054",52.355706,4.97029,2017-12-24 13:04:33,2017-12-25 12:09:25,1082,NA,NA,NA,19165.932556,15386.466378,FALSE,NA,NA,NA,NA,NA,NA,TRUE
"6467","A69-1602-3198",6467,"Noordzeekanaal","ARK Noord","VR2W-119054",52.355706,4.97029,2017-12-25 13:12:19,2017-12-25 13:36:22,7,NA,NA,NA,19165.932556,15386.466378,FALSE,NA,NA,NA,NA,NA,NA,TRUE
"6468","A69-1602-3198",6468,"Noordzeekanaal","ARK Noord","VR2W-119054",52.355706,4.97029,2017-12-25 16:48:05,2017-12-26 05:16:03,463,NA,NA,NA,19165.932556,15386.466378,FALSE,NA,NA,NA,NA,NA,NA,TRUE
"6469","A69-1602-3198",6469,"Noordzeekanaal","ARK Noord","VR2W-119054",52.355706,4.97029,2017-12-26 06:46:10,2017-12-26 08:37:57,15,NA,NA,NA,19165.932556,15386.466378,FALSE,NA,NA,NA,NA,NA,NA,TRUE
"6470","A69-1602-3198",6470,"Noordzeekanaal","ARK Noord","VR2W-119054",52.355706,4.97029,2017-12-26 10:02:51,2017-12-26 11:38:42,7,NA,NA,NA,19165.932556,15386.466378,FALSE,NA,NA,NA,NA,NA,NA,TRUE
"6471","A69-1602-3198",6471,"Noordzeekanaal","ARK Noord","VR2W-119054",52.355706,4.97029,2017-12-26 12:43:17,2017-12-26 18:03:07,164,NA,NA,NA,19165.932556,15386.466378,FALSE,NA,NA,NA,NA,NA,NA,TRUE
"6472","A69-1602-3198",6472,"Noordzeekanaal","ARK Noord","VR2W-119054",52.355706,4.97029,2017-12-26 19:09:49,2017-12-27 02:31:05,104,NA,NA,NA,19165.932556,15386.466378,FALSE,NA,NA,NA,NA,NA,NA,TRUE
"6473","A69-1602-3198",6473,"Noordzeekanaal","ARK Noord","VR2W-119054",52.355706,4.97029,2017-12-27 03:33:22,2017-12-27 07:12:39,93,NA,NA,NA,19165.932556,15386.466378,FALSE,NA,NA,NA,NA,NA,NA,TRUE
"6474","A69-1602-3198",6474,"Noordzeekanaal","ARK Noord","VR2W-119054",52.355706,4.97029,2017-12-27 08:25:47,2017-12-27 17:35:19,204,NA,NA,NA,19165.932556,15386.466378,FALSE,NA,NA,NA,NA,NA,NA,TRUE
"6475","A69-1602-3198",6475,"Noordzeekanaal","ARK Noord","VR2W-119054",52.355706,4.97029,2017-12-27 19:00:04,2017-12-28 02:54:01,219,NA,NA,NA,19165.932556,15386.466378,FALSE,NA,NA,NA,NA,NA,NA,TRUE
"6476","A69-1602-3198",6476,"Noordzeekanaal","ARK Noord","VR2W-119054",52.355706,4.97029,2017-12-28 03:57:30,2017-12-28 04:38:18,4,NA,NA,NA,19165.932556,15386.466378,FALSE,NA,NA,NA,NA,NA,NA,TRUE
"6477","A69-1602-3198",6477,"Noordzeekanaal","ARK Noord","VR2W-119054",52.355706,4.97029,2017-12-28 08:41:38,2017-12-28 08:53:10,16,NA,NA,NA,19165.932556,15386.466378,FALSE,NA,NA,NA,NA,NA,NA,TRUE
"6478","A69-1602-3198",6478,"Noordzeekanaal","ARK Noord","VR2W-119054",52.355706,4.97029,2017-12-28 13:55:14,2017-12-28 15:50:55,56,NA,NA,NA,19165.932556,15386.466378,FALSE,NA,NA,NA,NA,NA,NA,TRUE
"6479","A69-1602-3198",6479,"Noordzeekanaal","ARK Noord","VR2W-119054",52.355706,4.97029,2017-12-28 17:15:22,2017-12-29 11:24:22,558,NA,NA,NA,19165.932556,15386.466378,FALSE,NA,NA,NA,NA,NA,NA,TRUE
"6480","A69-1602-3198",6480,"Noordzeekanaal","ARK Noord","VR2W-119054",52.355706,4.97029,2017-12-29 14:31:50,2017-12-30 20:05:47,805,NA,NA,NA,19165.932556,15386.466378,FALSE,NA,NA,NA,NA,NA,NA,TRUE
"6481","A69-1602-3198",6481,"Noordzeekanaal","ARK Noord","VR2W-119054",52.355706,4.97029,2017-12-30 21:35:36,2017-12-31 17:02:56,539,NA,NA,NA,19165.932556,15386.466378,FALSE,NA,NA,NA,NA,NA,NA,TRUE
"6482","A69-1602-3198",6482,"Noordzeekanaal","ARK Noord","VR2W-119054",52.355706,4.97029,2017-12-31 18:11:01,2018-01-03 07:57:11,2213,NA,NA,NA,19165.932556,15386.466378,FALSE,NA,NA,NA,NA,NA,NA,TRUE
"6483","A69-1602-3198",6483,"Noordzeekanaal","ARK Noord","VR2W-119054",52.355706,4.97029,2018-01-03 10:52:16,2018-01-04 18:49:12,805,NA,NA,NA,19165.932556,15386.466378,FALSE,NA,NA,NA,NA,NA,NA,TRUE
"6484","A69-1602-3198",6484,"Noordzeekanaal","ARK Noord","VR2W-119054",52.355706,4.97029,2018-01-04 20:04:05,2018-01-05 13:27:04,539,NA,NA,NA,19165.932556,15386.466378,FALSE,NA,NA,NA,NA,NA,NA,TRUE
"6485","A69-1602-3198",6485,"Noordzeekanaal","ARK Noord","VR2W-119054",52.355706,4.97029,2018-01-05 14:59:52,2018-01-18 09:29:02,14875,NA,NA,NA,19165.932556,15386.466378,FALSE,NA,NA,NA,NA,NA,NA,TRUE
"6486","A69-1602-3198",6486,"Noordzeekanaal","ARK Noord","VR2W-119054",52.355706,4.97029,2018-01-18 10:50:41,2018-01-23 07:24:40,5565,NA,NA,NA,19165.932556,15386.466378,FALSE,NA,NA,NA,NA,NA,NA,TRUE
"6487","A69-1602-3198",6487,"Noordzeekanaal","ARK Noord","VR2W-119054",52.355706,4.97029,2018-01-23 08:42:02,2018-01-29 14:09:41,4900,NA,NA,NA,19165.932556,15386.466378,FALSE,NA,NA,NA,NA,NA,NA,TRUE
"6488","A69-1602-3198",6488,"Noordzeekanaal","ARK Noord","VR2W-119054",52.355706,4.97029,2018-01-29 15:10:50,2018-02-06 12:04:44,6490,NA,NA,NA,19165.932556,15386.466378,FALSE,NA,NA,NA,NA,NA,NA,TRUE
"6489","A69-1602-3198",6489,"Noordzeekanaal","ARK Noord","VR2W-119054",52.355706,4.97029,2018-02-06 13:26:58,2018-02-20 05:58:02,12947,NA,NA,NA,19165.932556,15386.466378,FALSE,NA,NA,NA,NA,NA,NA,TRUE
"6490","A69-1602-3198",6490,"Noordzeekanaal","ARK Noord","VR2W-119054",52.355706,4.97029,2018-02-20 06:59:44,2018-03-01 11:25:53,11006,NA,NA,NA,19165.932556,15386.466378,FALSE,NA,NA,NA,NA,NA,NA,TRUE
"6491","A69-1602-3198",6491,"Noordzeekanaal","ARK Noord","VR2W-119054",52.355706,4.97029,2018-03-01 12:36:09,2018-03-01 12:47:29,3,NA,NA,NA,19165.932556,15386.466378,FALSE,NA,NA,NA,NA,NA,NA,TRUE
"6492","A69-1602-3198",6492,"Noordzeekanaal","ARK Noord","VR2W-119054",52.355706,4.97029,2018-03-01 14:22:54,2018-03-02 12:12:53,519,NA,NA,NA,19165.932556,15386.466378,FALSE,NA,NA,NA,NA,NA,NA,TRUE
"6493","A69-1602-3198",6493,"Noordzeekanaal","ARK Noord","VR2W-119054",52.355706,4.97029,2018-03-02 15:11:26,2018-03-02 17:59:27,39,NA,NA,NA,19165.932556,15386.466378,FALSE,NA,NA,NA,NA,NA,NA,TRUE
"6494","A69-1602-3198",6494,"Noordzeekanaal","ARK Noord","VR2W-119054",52.355706,4.97029,2018-03-02 19:38:38,2018-03-03 03:56:48,304,NA,NA,NA,19165.932556,15386.466378,FALSE,NA,NA,NA,NA,NA,NA,TRUE
"6495","A69-1602-3198",6495,"Noordzeekanaal","ARK Noord","VR2W-119054",52.355706,4.97029,2018-03-03 05:28:32,2018-03-04 08:53:22,720,NA,NA,NA,19165.932556,15386.466378,FALSE,NA,NA,NA,NA,NA,NA,TRUE
"6496","A69-1602-3198",6496,"Noordzeekanaal","ARK Noord","VR2W-119054",52.355706,4.97029,2018-03-04 10:45:42,2018-03-04 19:25:47,94,NA,NA,NA,19165.932556,15386.466378,FALSE,NA,NA,NA,NA,NA,NA,TRUE
"6497","A69-1602-3198",6497,"Noordzeekanaal","ARK Noord","VR2W-119054",52.355706,4.97029,2018-03-04 20:42:23,2018-03-04 21:19:20,4,NA,NA,NA,19165.932556,15386.466378,FALSE,NA,NA,NA,NA,NA,NA,TRUE
"6498","A69-1602-3198",6498,"Noordzeekanaal","ARK Noord","VR2W-119054",52.355706,4.97029,2018-03-04 22:27:53,2018-03-04 23:40:23,5,NA,NA,NA,19165.932556,15386.466378,FALSE,NA,NA,NA,NA,NA,NA,TRUE
"6499","A69-1602-3198",6499,"Noordzeekanaal","ARK Noord","VR2W-119054",52.355706,4.97029,2018-03-05 00:47:57,2018-03-05 01:36:29,11,NA,NA,NA,19165.932556,15386.466378,FALSE,NA,NA,NA,NA,NA,NA,TRUE
"6500","A69-1602-3198",6500,"Noordzeekanaal","ARK Noord","VR2W-119054",52.355706,4.97029,2018-03-05 03:12:31,2018-03-05 05:42:08,39,NA,NA,NA,19165.932556,15386.466378,FALSE,NA,NA,NA,NA,NA,NA,TRUE
"6501","A69-1602-3198",6501,"Noordzeekanaal","ARK Noord","VR2W-119054",52.355706,4.97029,2018-03-05 07:39:48,2018-03-05 08:25:37,8,NA,NA,NA,19165.932556,15386.466378,FALSE,NA,NA,NA,NA,NA,NA,TRUE
"6502","A69-1602-3198",6502,"Noordzeekanaal","ARK Noord","VR2W-119054",52.355706,4.97029,2018-03-05 09:53:13,2018-03-05 09:55:22,3,NA,NA,NA,19165.932556,15386.466378,FALSE,NA,NA,NA,NA,NA,NA,TRUE
"6503","A69-1602-3198",6503,"Noordzeekanaal","ARK Noord","VR2W-119054",52.355706,4.97029,2018-03-05 11:33:24,2018-03-05 11:33:24,1,NA,NA,NA,19165.932556,15386.466378,FALSE,NA,NA,NA,NA,NA,NA,TRUE
"6504","A69-1602-3198",6504,"Noordzeekanaal","ARK Noord","VR2W-119054",52.355706,4.97029,2018-03-05 13:18:14,2018-03-05 13:23:12,2,NA,NA,NA,19165.932556,15386.466378,FALSE,NA,NA,NA,NA,NA,NA,TRUE
"6505","A69-1602-3198",6505,"Noordzeekanaal","ARK Noord","VR2W-119054",52.355706,4.97029,2018-03-05 14:26:23,2018-03-06 02:14:41,238,NA,NA,NA,19165.932556,15386.466378,FALSE,NA,NA,NA,NA,NA,NA,TRUE
"6506","A69-1602-3198",6506,"Noordzeekanaal","ARK Noord","VR2W-119054",52.355706,4.97029,2018-03-06 03:17:00,2018-03-06 04:39:45,8,NA,NA,NA,19165.932556,15386.466378,FALSE,NA,NA,NA,NA,NA,NA,TRUE
"6507","A69-1602-3198",6507,"Noordzeekanaal","ARK Noord","VR2W-119054",52.355706,4.97029,2018-03-06 07:35:10,2018-03-06 07:35:10,1,NA,NA,NA,19165.932556,15386.466378,FALSE,NA,NA,NA,NA,NA,NA,TRUE
"6508","A69-1602-3198",6508,"Noordzeekanaal","ARK Noord","VR2W-119054",52.355706,4.97029,2018-03-06 10:37:43,2018-03-06 10:37:43,1,NA,NA,NA,19165.932556,15386.466378,FALSE,NA,NA,NA,NA,NA,NA,TRUE
"6509","A69-1602-3198",6509,"Noordzeekanaal","ARK Noord","VR2W-119054",52.355706,4.97029,2018-03-06 12:33:03,2018-03-06 23:56:10,304,NA,NA,NA,19165.932556,15386.466378,FALSE,NA,NA,NA,NA,NA,NA,TRUE
"6510","A69-1602-3198",6510,"Noordzeekanaal","ARK Noord","VR2W-119054",52.355706,4.97029,2018-03-07 01:45:21,2018-03-07 01:56:03,7,NA,NA,NA,19165.932556,15386.466378,FALSE,NA,NA,NA,NA,NA,NA,TRUE
"6511","A69-1602-3198",6511,"Noordzeekanaal","ARK Noord","VR2W-119054",52.355706,4.97029,2018-03-07 03:27:14,2018-03-07 03:32:39,5,NA,NA,NA,19165.932556,15386.466378,FALSE,NA,NA,NA,NA,NA,NA,TRUE
"6512","A69-1602-3198",6512,"Noordzeekanaal","ARK Noord","VR2W-119054",52.355706,4.97029,2018-03-07 04:56:56,2018-03-07 11:51:10,175,NA,NA,NA,19165.932556,15386.466378,FALSE,NA,NA,NA,NA,NA,NA,TRUE
"6513","A69-1602-3198",6513,"Noordzeekanaal","ARK Noord","VR2W-119054",52.355706,4.97029,2018-03-07 13:03:39,2018-03-07 13:10:41,4,NA,NA,NA,19165.932556,15386.466378,FALSE,NA,NA,NA,NA,NA,NA,TRUE
"6514","A69-1602-3198",6514,"Noordzeekanaal","ARK Noord","VR2W-119054",52.355706,4.97029,2018-03-07 14:27:16,2018-03-08 02:38:48,241,NA,NA,NA,19165.932556,15386.466378,FALSE,NA,NA,NA,NA,NA,NA,TRUE
"6515","A69-1602-3198",6515,"Noordzeekanaal","ARK Noord","VR2W-119054",52.355706,4.97029,2018-03-08 03:50:29,2018-03-09 08:06:29,632,NA,NA,NA,19165.932556,15386.466378,FALSE,NA,NA,NA,NA,NA,NA,TRUE
"6516","A69-1602-3198",6516,"Noordzeekanaal","ARK Noord","VR2W-119054",52.355706,4.97029,2018-03-09 09:22:25,2018-03-20 14:21:26,14448,NA,NA,NA,19165.932556,15386.466378,NA,NA,NA,NA,NA,NA,NA,TRUE
"6517","A69-1602-3199",6517,"Noordzeekanaal","rel_noordzeekanaal13","none",52.244517,5.047218,2017-10-11 11:30:00,2017-10-11 11:30:00,1,NA,NA,NA,0,0,FALSE,NA,NA,NA,NA,NA,NA,FALSE
"6518","A69-1602-3199",6518,"Noordzeekanaal","Loosdrecht 1","VR2W-119047",52.231981,5.032877,2017-10-11 20:58:49,2017-10-11 21:37:59,46,34129,1872.57753,0.054868,1872.57753,-1872.57753,FALSE,1324.113468,4,2017-10-17 18:23:35,3196.690998,509086,0.00627927501050903,FALSE
"6519","A69-1602-3199",6519,"Noordzeekanaal","Loosdrecht 1","VR2W-119047",52.231981,5.032877,2017-10-17 02:50:10,2017-10-17 04:48:51,75,NA,NA,NA,1872.57753,-1872.57753,TRUE,1324.113468,4,2017-10-17 18:23:35,3196.690998,56005,0.0570786715114722,TRUE
"6520","A69-1602-3199",6520,"Noordzeekanaal","Loosdrecht 3","VR2W-119069",52.256101,5.043167,2017-10-17 18:23:35,2017-10-17 20:23:39,79,48884,3113.858352,0.063699,4986.435882,1324.113468,FALSE,15386.466378,20,2018-01-17 05:32:02,14062.35291,7902507,0.00177947996882508,TRUE
"6521","A69-1602-3199",6521,"Noordzeekanaal","Loosdrecht 3","VR2W-119069",52.256101,5.043167,2017-10-17 22:13:39,2017-10-17 22:47:02,41,NA,NA,NA,4986.435882,1324.113468,FALSE,15386.466378,20,2018-01-17 05:32:02,14062.35291,7888703,0.0017825937812591,TRUE
"6522","A69-1602-3199",6522,"Noordzeekanaal","Loosdrecht 3","VR2W-119069",52.256101,5.043167,2017-10-19 02:38:05,2017-10-19 03:19:42,45,NA,NA,NA,4986.435882,1324.113468,FALSE,NA,NA,NA,NA,NA,NA,TRUE
"6523","A69-1602-3199",6523,"Noordzeekanaal","Loosdrecht 1","VR2W-119047",52.231981,5.032877,2017-10-19 04:55:05,2017-10-19 05:18:32,32,5723,3113.858352,0.544095,8100.294234,-1872.57753,FALSE,-241.393739,9,2017-12-04 20:47:25,1631.183791,4031540,0.000404605632339007,TRUE
"6524","A69-1602-3199",6524,"Noordzeekanaal","Loosdrecht 1","VR2W-119047",52.231981,5.032877,2017-12-04 06:01:56,2017-12-04 16:43:40,696,NA,NA,NA,8100.294234,-1872.57753,TRUE,-241.393739,9,2017-12-04 20:47:25,1631.183791,53129,0.0307023243614598,TRUE
"6525","A69-1602-3199",6525,"Noordzeekanaal","Loosdrecht2a sluis","VR2W-120092",52.243116,5.048159,2017-12-04 20:47:25,2017-12-04 20:47:25,1,14625,1889.732082,0.129212,9990.026316,-241.393739,FALSE,1324.113468,11,2018-01-12 23:24:31,1565.507207,3379026,0.000463301320262111,TRUE
"6526","A69-1602-3199",6526,"Noordzeekanaal","Loosdrecht2a sluis","VR2W-120092",52.243116,5.048159,2018-01-12 19:03:33,2018-01-12 19:08:37,3,NA,NA,NA,9990.026316,-241.393739,TRUE,1324.113468,11,2018-01-12 23:24:31,1565.507207,15658,0.0999813007408354,TRUE
"6527","A69-1602-3199",6527,"Noordzeekanaal","Loosdrecht 3","VR2W-119069",52.256101,5.043167,2018-01-12 23:24:31,2018-01-12 23:24:31,1,15354,1565.507207,0.101961,11555.533523,1324.113468,FALSE,15386.466378,20,2018-01-17 05:32:02,14062.35291,367651,0.0382491898838844,TRUE
"6528","A69-1602-3199",6528,"Noordzeekanaal","Loosdrecht 3","VR2W-119069",52.256101,5.043167,2018-01-13 00:56:22,2018-01-13 00:56:22,1,NA,NA,NA,11555.533523,1324.113468,FALSE,15386.466378,20,2018-01-17 05:32:02,14062.35291,362140,0.0388312611420997,TRUE
"6529","A69-1602-3199",6529,"Noordzeekanaal","Loosdrecht 3","VR2W-119069",52.256101,5.043167,2018-01-13 02:56:15,2018-01-13 02:56:15,1,NA,NA,NA,11555.533523,1324.113468,FALSE,15386.466378,20,2018-01-17 05:32:02,14062.35291,354947,0.0396181765446672,TRUE
"6530","A69-1602-3199",6530,"Noordzeekanaal","Loosdrecht 3","VR2W-119069",52.256101,5.043167,2018-01-13 04:04:17,2018-01-13 04:22:25,3,NA,NA,NA,11555.533523,1324.113468,FALSE,15386.466378,20,2018-01-17 05:32:02,14062.35291,350865,0.0400790985421743,TRUE
"6531","A69-1602-3199",6531,"Noordzeekanaal","Loosdrecht 3","VR2W-119069",52.256101,5.043167,2018-01-13 23:45:01,2018-01-13 23:45:01,1,NA,NA,NA,11555.533523,1324.113468,FALSE,15386.466378,20,2018-01-17 05:32:02,14062.35291,280021,0.0502189225450948,TRUE
"6532","A69-1602-3199",6532,"Noordzeekanaal","Loosdrecht 3","VR2W-119069",52.256101,5.043167,2018-01-14 22:57:42,2018-01-14 22:57:42,1,NA,NA,NA,11555.533523,1324.113468,FALSE,15386.466378,20,2018-01-17 05:32:02,14062.35291,196460,0.0715787076758628,TRUE
"6533","A69-1602-3199",6533,"Noordzeekanaal","Loosdrecht 3","VR2W-119069",52.256101,5.043167,2018-01-15 00:36:28,2018-01-15 01:04:23,6,NA,NA,NA,11555.533523,1324.113468,FALSE,15386.466378,20,2018-01-17 05:32:02,14062.35291,190534,0.0738049529742723,TRUE
"6534","A69-1602-3199",6534,"Noordzeekanaal","Loosdrecht 3","VR2W-119069",52.256101,5.043167,2018-01-16 17:04:06,2018-01-16 17:42:56,6,NA,NA,NA,11555.533523,1324.113468,FALSE,15386.466378,20,2018-01-17 05:32:02,14062.35291,44876,0.313360212808628,TRUE
"6535","A69-1602-3199",6535,"Noordzeekanaal","Loosdrecht 3","VR2W-119069",52.256101,5.043167,2018-01-16 19:32:49,2018-01-16 20:38:33,63,NA,NA,NA,11555.533523,1324.113468,TRUE,15386.466378,20,2018-01-17 05:32:02,14062.35291,35953,0.391131558145356,TRUE
"6536","A69-1602-3199",6536,"Noordzeekanaal","ARK Noord","VR2W-119054",52.355706,4.97029,2018-01-17 05:32:02,2018-01-17 06:14:41,25,32009,14179.496674,0.442985,25735.030197,15386.466378,TRUE,18583.157376,21,2018-01-17 07:59:28,3196.690998,8846,0.361371354058331,TRUE
"6537","A69-1602-3199",6537,"Noordzeekanaal","Oranjesluis","VR2W-102056",52.380016,4.955998,2018-01-17 07:59:28,2018-01-17 10:17:34,16,6287,3196.690998,0.50846,28931.721195,18583.157376,TRUE,21338.467148,22,2018-01-17 22:23:30,2755.309772,51842,0.0531482151923151,TRUE
"6538","A69-1602-3199",6538,"Noordzeekanaal","Willem 2 sluis 2","VR2W-130587",52.383677,4.907053,2018-01-17 22:23:30,2018-01-17 22:24:58,3,43556,3423.861235,0.078608,32355.58243,21338.467148,FALSE,NA,NA,NA,NA,NA,NA,TRUE
"6539","A69-1602-3199",6539,"Noordzeekanaal","Oranjesluis","VR2W-102056",52.380016,4.955998,2018-01-18 19:01:36,2018-01-18 19:13:21,2,74198,3423.861235,0.046145,35779.443665,18583.157376,FALSE,21338.467148,25,2018-01-19 00:36:42,2755.309772,20106,0.137039180941013,TRUE
"6540","A69-1602-3199",6540,"Noordzeekanaal","Oranjesluis","VR2W-114163",52.382553,4.959779,2018-01-18 20:55:00,2018-01-18 21:00:48,2,NA,NA,NA,35779.443665,18583.157376,TRUE,21338.467148,25,2018-01-19 00:36:42,2755.309772,13302,0.207135000150353,TRUE
"6541","A69-1602-3199",6541,"Noordzeekanaal","Willem 2 sluis 2","VR2W-130587",52.383677,4.907053,2018-01-19 00:36:42,2018-01-19 00:41:03,3,12954,3423.861235,0.264309,39203.3049,21338.467148,NA,NA,NA,NA,NA,NA,NA,TRUE
"6542","A69-1602-3200",6542,"Noordzeekanaal","rel_noordzeekanaal13","none",52.244517,5.047218,2017-10-11 11:30:00,2017-10-11 11:30:00,1,NA,NA,NA,0,0,FALSE,NA,NA,NA,NA,NA,NA,FALSE
"6543","A69-1602-3200",6543,"Noordzeekanaal","Loosdrecht 1","VR2W-119047",52.231981,5.032877,2017-10-11 16:08:22,2017-10-11 16:42:26,49,16702,1872.57753,0.112117,1872.57753,-1872.57753,FALSE,1324.113468,4,2017-10-12 18:36:52,3196.690998,95310,0.0335399328297136,FALSE
"6544","A69-1602-3200",6544,"Noordzeekanaal","Loosdrecht 1","VR2W-119047",52.231981,5.032877,2017-10-11 19:04:17,2017-10-11 19:04:17,1,NA,NA,NA,1872.57753,-1872.57753,TRUE,1324.113468,4,2017-10-12 18:36:52,3196.690998,84755,0.0377168426405522,TRUE
"6545","A69-1602-3200",6545,"Noordzeekanaal","Loosdrecht 3","VR2W-119069",52.256101,5.043167,2017-10-12 18:36:52,2017-10-12 19:39:26,52,84755,3113.858352,0.03674,4986.435882,1324.113468,FALSE,15386.466378,5,2017-11-10 03:39:38,14062.35291,2451766,0.00573560156638113,TRUE
"6546","A69-1602-3200",6546,"Noordzeekanaal","ARK Noord","VR2W-119054",52.355706,4.97029,2017-11-10 03:39:38,2017-11-10 04:17:44,36,2448012,14179.496674,0.005792,19165.932556,15386.466378,TRUE,18583.157376,6,2017-11-10 05:11:31,3196.690998,5513,0.579846,TRUE
"6547","A69-1602-3200",6547,"Noordzeekanaal","Oranjesluis","VR2W-102056",52.380016,4.955998,2017-11-10 05:11:31,2017-11-10 06:53:15,73,3227,3196.690998,0.990608,22362.623554,18583.157376,FALSE,21338.467148,10,2017-11-11 09:00:14,2755.309772,100123,0.0275192490436763,TRUE
"6548","A69-1602-3200",6548,"Noordzeekanaal","Oranjesluis","VR2W-114163",52.382553,4.959779,2017-11-10 17:21:32,2017-11-10 17:21:32,1,NA,NA,NA,22362.623554,18583.157376,FALSE,21338.467148,10,2017-11-11 09:00:14,2755.309772,56322,0.0489206663825859,TRUE
"6549","A69-1602-3200",6549,"Noordzeekanaal","Oranjesluis","VR2W-102056",52.380016,4.955998,2017-11-11 00:04:59,2017-11-11 00:04:59,1,NA,NA,NA,22362.623554,18583.157376,FALSE,21338.467148,10,2017-11-11 09:00:14,2755.309772,32115,0.0857951042192122,TRUE
"6550","A69-1602-3200",6550,"Noordzeekanaal","Oranjesluis","VR2W-102056",52.380016,4.955998,2017-11-11 04:49:23,2017-11-11 06:19:59,117,NA,NA,NA,22362.623554,18583.157376,TRUE,21338.467148,10,2017-11-11 09:00:14,2755.309772,15051,0.183064897481895,TRUE
"6551","A69-1602-3200",6551,"Noordzeekanaal","Willem 2 sluis 2","VR2W-130587",52.383677,4.907053,2017-11-11 09:00:14,2017-11-11 09:00:14,1,9615,3423.861235,0.356096,25786.484789,21338.467148,TRUE,43808.133762,11,2017-11-12 19:40:09,22469.666614,124795,0.1800526192075,TRUE
"6552","A69-1602-3200",6552,"Noordzeekanaal","Noordzeekanaal","VR2W-114165",52.462798,4.633995,2017-11-12 19:40:09,2017-11-12 20:26:36,36,124795,22552.500267,0.180716,48338.985056,43808.133762,TRUE,45415.05276,12,2017-11-12 20:37:11,1606.918998,3422,0.469584745178259,TRUE
"6553","A69-1602-3200",6553,"Noordzeekanaal","Grote sluis NZK","VR2W-114178",52.467488,4.613347,2017-11-12 20:37:11,2017-11-12 20:40:54,5,635,1606.918999,2.530581,49945.904055,45415.05276,TRUE,46839.149901,13,2017-11-12 21:28:23,1424.097141,3072,0.463573288085937,TRUE
"6554","A69-1602-3200",6554,"Noordzeekanaal","Spuisluis Noordzee","VR2W-132409",52.471207,4.595198,2017-11-12 21:28:23,2017-11-13 01:21:04,138,2849,1424.097141,0.499859,51370.001196,46839.149901,FALSE,NA,NA,NA,NA,NA,NA,TRUE
"6555","A69-1602-3200",6555,"Noordzeekanaal","Grote sluis Noordzee","VR2W-132414",52.466907,4.600546,2017-11-13 06:02:11,2017-11-13 06:02:11,1,16867,565.620125,0.033534,51935.621321,46273.529776,FALSE,NA,NA,NA,NA,NA,NA,TRUE
"6556","A69-1602-3200",6556,"Noordzeekanaal","Grote sluis Noordzee","VR2W-132414",52.466907,4.600546,2017-11-13 07:31:00,2017-11-13 17:41:01,181,NA,NA,NA,51935.621321,46273.529776,FALSE,NA,NA,NA,NA,NA,NA,TRUE
"6557","A69-1602-3200",6557,"Noordzeekanaal","Grote sluis Noordzee","VR2W-132414",52.466907,4.600546,2017-11-13 18:44:56,2017-11-14 14:36:25,1677,NA,NA,NA,51935.621321,46273.529776,FALSE,NA,NA,NA,NA,NA,NA,TRUE
"6558","A69-1602-3200",6558,"Noordzeekanaal","Grote sluis Noordzee","VR2W-132414",52.466907,4.600546,2017-11-14 15:51:32,2017-11-15 04:37:51,615,NA,NA,NA,51935.621321,46273.529776,NA,NA,NA,NA,NA,NA,NA,TRUE
"6559","A69-1602-3200",6559,"Noordzeekanaal","Spuisluis Noordzee","VR2W-132409",52.471207,4.595198,2017-11-15 07:41:16,2017-11-15 08:37:00,2,11005,565.620125,0.051397,52501.241446,46839.149901,FALSE,NA,NA,NA,NA,NA,NA,TRUE
"6560","A69-1602-3200",6560,"Noordzeekanaal","Spuisluis Noordzee","VR2W-132409",52.471207,4.595198,2017-11-15 10:33:10,2017-11-15 11:21:00,7,NA,NA,NA,52501.241446,46839.149901,FALSE,NA,NA,NA,NA,NA,NA,TRUE
"6561","A69-1602-3200",6561,"Noordzeekanaal","Spuisluis Noordzee","VR2W-132409",52.471207,4.595198,2017-11-15 12:33:22,2017-11-15 12:34:08,2,NA,NA,NA,52501.241446,46839.149901,FALSE,NA,NA,NA,NA,NA,NA,TRUE
"6562","A69-1602-3200",6562,"Noordzeekanaal","Spuisluis Noordzee","VR2W-132409",52.471207,4.595198,2017-11-15 15:11:21,2017-11-15 15:20:15,5,NA,NA,NA,52501.241446,46839.149901,FALSE,NA,NA,NA,NA,NA,NA,TRUE
"6563","A69-1602-3200",6563,"Noordzeekanaal","Spuisluis Noordzee","VR2W-132409",52.471207,4.595198,2017-11-15 20:15:45,2017-11-15 23:59:43,48,NA,NA,NA,52501.241446,46839.149901,NA,NA,NA,NA,NA,NA,NA,TRUE
"6564","A69-1602-3201",6564,"Noordzeekanaal","rel_noordzeekanaal13","none",52.244517,5.047218,2017-10-11 11:30:00,2017-10-11 11:30:00,1,NA,NA,NA,0,0,TRUE,1324.113468,2,2017-10-11 19:10:32,1324.113468,27632,0.0479195667342212,TRUE
"6565","A69-1602-3201",6565,"Noordzeekanaal","Loosdrecht 3","VR2W-119069",52.256101,5.043167,2017-10-11 19:10:32,2017-10-11 19:45:32,38,27632,1324.113468,0.04792,1324.113468,1324.113468,FALSE,NA,NA,NA,NA,NA,NA,TRUE
"6566","A69-1602-3201",6566,"Noordzeekanaal","Loosdrecht 3","VR2W-119069",52.256101,5.043167,2018-01-02 00:24:18,2018-01-02 01:09:19,52,NA,NA,NA,1324.113468,1324.113468,FALSE,NA,NA,NA,NA,NA,NA,TRUE
"6567","A69-1602-3201",6567,"Noordzeekanaal","Loosdrecht 1","VR2W-119047",52.231981,5.032877,2018-01-02 03:04:33,2018-01-02 03:35:57,40,6914,3113.858352,0.45037,4437.97182,-1872.57753,FALSE,-241.393739,6,2018-01-02 07:09:31,1631.183791,14698,0.11097998305892,TRUE
"6568","A69-1602-3201",6568,"Noordzeekanaal","Loosdrecht 1","VR2W-119047",52.231981,5.032877,2018-01-02 05:40:17,2018-01-02 06:03:18,22,NA,NA,NA,4437.97182,-1872.57753,TRUE,-241.393739,6,2018-01-02 07:09:31,1631.183791,5354,0.304666378595443,TRUE
"6569","A69-1602-3201",6569,"Noordzeekanaal","Loosdrecht2a sluis","VR2W-120092",52.243116,5.048159,2018-01-02 07:09:31,2018-01-02 07:09:31,1,3973,1889.732082,0.475644,6327.703902,-241.393739,FALSE,NA,NA,NA,NA,NA,NA,TRUE
"6570","A69-1602-3201",6570,"Noordzeekanaal","Loosdrecht 1","VR2W-119047",52.231981,5.032877,2018-01-02 15:56:49,2018-01-02 16:08:34,11,31638,1889.732082,0.05973,8217.435984,-1872.57753,TRUE,1324.113468,8,2018-01-02 21:43:44,3196.690998,20815,0.153576315061254,TRUE
"6571","A69-1602-3201",6571,"Noordzeekanaal","Loosdrecht 3","VR2W-119069",52.256101,5.043167,2018-01-02 21:43:44,2018-01-02 22:20:39,44,20110,3113.858352,0.154841,11331.294336,1324.113468,FALSE,NA,NA,NA,NA,NA,NA,TRUE
"6572","A69-1602-3201",6572,"Noordzeekanaal","Loosdrecht 3","VR2W-119069",52.256101,5.043167,2018-01-03 00:24:40,2018-01-03 00:54:32,39,NA,NA,NA,11331.294336,1324.113468,FALSE,NA,NA,NA,NA,NA,NA,TRUE
"6573","A69-1602-3201",6573,"Noordzeekanaal","Loosdrecht 3","VR2W-119069",52.256101,5.043167,2018-01-03 02:19:53,2018-01-03 02:52:50,13,NA,NA,NA,11331.294336,1324.113468,NA,NA,NA,NA,NA,NA,NA,TRUE
"6574","A69-1602-3202",6574,"Noordzeekanaal","rel_noordzeekanaal13","none",52.244517,5.047218,2017-10-11 11:30:00,2017-10-11 11:30:00,1,NA,NA,NA,0,0,FALSE,NA,NA,NA,NA,NA,NA,FALSE
"6575","A69-1602-3202",6575,"Noordzeekanaal","Loosdrecht2a sluis","VR2W-120092",52.243116,5.048159,2017-10-13 17:51:09,2017-10-13 19:51:26,10,195669,241.393739,0.001234,241.393739,-241.393739,TRUE,1324.113468,3,2017-10-13 20:46:48,1565.507207,10539,0.148544188917355,TRUE
"6576","A69-1602-3202",6576,"Noordzeekanaal","Loosdrecht 3","VR2W-119069",52.256101,5.043167,2017-10-13 20:46:48,2017-10-13 21:44:31,52,3322,1565.507207,0.471254,1806.900946,1324.113468,TRUE,15386.466378,4,2017-10-15 20:47:10,14062.35291,172822,0.0813689976391894,TRUE
"6577","A69-1602-3202",6577,"Noordzeekanaal","ARK Noord","VR2W-119054",52.355706,4.97029,2017-10-15 20:47:10,2017-10-15 21:11:58,25,169359,14179.496674,0.083724,15986.39762,15386.466378,TRUE,18583.157376,5,2017-10-16 17:48:20,3196.690998,75670,0.0422451565746002,TRUE
"6578","A69-1602-3202",6578,"Noordzeekanaal","Oranjesluis","VR2W-102056",52.380016,4.955998,2017-10-16 17:48:20,2017-10-16 17:55:45,3,74182,3196.690998,0.043093,19183.088618,18583.157376,FALSE,21338.467148,11,2017-11-14 04:53:58,2755.309772,2459138,0.00112043723125746,TRUE
"6579","A69-1602-3202",6579,"Noordzeekanaal","Oranjesluis","VR2W-102056",52.380016,4.955998,2017-11-08 01:13:42,2017-11-08 01:28:50,3,NA,NA,NA,19183.088618,18583.157376,FALSE,21338.467148,11,2017-11-14 04:53:58,2755.309772,531616,0.00518289474357431,TRUE
"6580","A69-1602-3202",6580,"Noordzeekanaal","Oranjesluis","VR2W-102056",52.380016,4.955998,2017-11-11 02:48:08,2017-11-11 05:17:30,65,NA,NA,NA,19183.088618,18583.157376,FALSE,21338.467148,11,2017-11-14 04:53:58,2755.309772,266750,0.0103291837750703,TRUE
"6581","A69-1602-3202",6581,"Noordzeekanaal","Oranjesluis","VR2W-102054",52.38201,4.958877,2017-11-11 16:28:46,2017-11-11 19:28:55,70,NA,NA,NA,19183.088618,18583.157376,FALSE,21338.467148,11,2017-11-14 04:53:58,2755.309772,217512,0.0126673920151532,TRUE
"6582","A69-1602-3202",6582,"Noordzeekanaal","Oranjesluis","VR2W-102056",52.380016,4.955998,2017-11-13 19:35:58,2017-11-14 00:26:18,471,NA,NA,NA,19183.088618,18583.157376,FALSE,21338.467148,11,2017-11-14 04:53:58,2755.309772,33480,0.0822971855436081,TRUE
"6583","A69-1602-3202",6583,"Noordzeekanaal","Oranjesluis","VR2W-102056",52.380016,4.955998,2017-11-14 02:34:57,2017-11-14 02:56:22,20,NA,NA,NA,19183.088618,18583.157376,TRUE,21338.467148,11,2017-11-14 04:53:58,2755.309772,8341,0.330333266035248,TRUE
"6584","A69-1602-3202",6584,"Noordzeekanaal","Willem 2 sluis 2","VR2W-130587",52.383677,4.907053,2017-11-14 04:53:58,2017-11-14 04:55:07,2,7056,3423.861235,0.485241,22606.949853,21338.467148,TRUE,43808.133762,12,2017-11-14 20:37:44,22469.666614,56626,0.396808296789461,TRUE
"6585","A69-1602-3202",6585,"Noordzeekanaal","Noordzeekanaal","VR2W-114165",52.462798,4.633995,2017-11-14 20:37:44,2017-11-14 21:15:47,32,56557,22552.500267,0.398757,45159.45012,43808.133762,TRUE,46132.124745,13,2017-11-14 21:30:33,2323.990983,3169,0.733351525086779,TRUE
"6586","A69-1602-3202",6586,"Noordzeekanaal","Middensluis NZK","VR2W-132417",52.465373,4.601803,2017-11-14 21:30:33,2017-11-14 22:53:07,24,886,2323.990983,2.623015,47483.441103,46132.124745,FALSE,NA,NA,NA,NA,NA,NA,TRUE
"6587","A69-1602-3202",6587,"Noordzeekanaal","Noordzeekanaal","VR2W-114165",52.462798,4.633995,2017-11-14 23:53:16,2017-11-14 23:53:16,1,3609,2323.990983,0.643943,49807.432086,43808.133762,TRUE,45415.05276,15,2017-11-15 00:01:55,1606.918998,519,3.09618304046243,TRUE
"6588","A69-1602-3202",6588,"Noordzeekanaal","Grote sluis NZK","VR2W-114178",52.467488,4.613347,2017-11-15 00:01:55,2017-11-15 00:14:46,7,519,1606.918999,3.096183,51414.351085,45415.05276,FALSE,NA,NA,NA,NA,NA,NA,TRUE
"6589","A69-1602-3202",6589,"Noordzeekanaal","Noordzeekanaal","VR2W-114165",52.462798,4.633995,2017-11-15 00:36:46,2017-11-15 00:36:46,1,1320,1606.918999,1.217363,53021.270084,43808.133762,TRUE,45415.05276,17,2017-11-15 01:00:16,1606.918998,1410,1.13965886382979,TRUE
"6590","A69-1602-3202",6590,"Noordzeekanaal","Grote sluis NZK","VR2W-114178",52.467488,4.613347,2017-11-15 01:00:16,2017-11-15 05:07:23,153,1410,1606.918999,1.139659,54628.189083,45415.05276,FALSE,NA,NA,NA,NA,NA,NA,TRUE
"6591","A69-1602-3202",6591,"Noordzeekanaal","Noordzeekanaal","VR2W-114165",52.462798,4.633995,2017-11-15 05:37:30,2017-11-15 05:37:30,1,1807,1606.918999,0.889274,56235.108082,43808.133762,TRUE,45415.05276,19,2017-11-15 05:53:29,1606.918998,959,1.67561939311783,TRUE
"6592","A69-1602-3202",6592,"Noordzeekanaal","Grote sluis NZK","VR2W-114178",52.467488,4.613347,2017-11-15 05:53:29,2017-11-15 07:37:34,51,959,1606.918999,1.675619,57842.027081,45415.05276,NA,NA,NA,NA,NA,NA,NA,TRUE
"6593","A69-1602-3203",6593,"Noordzeekanaal","rel_noordzeekanaal13","none",52.244517,5.047218,2017-10-11 11:30:00,2017-10-11 11:30:00,1,NA,NA,NA,0,0,TRUE,1324.113468,2,2017-10-11 12:06:39,1324.113468,2199,0.602143459754434,TRUE
"6594","A69-1602-3203",6594,"Noordzeekanaal","Loosdrecht 3","VR2W-119069",52.256101,5.043167,2017-10-11 12:06:39,2017-10-11 14:14:43,155,2199,1324.113468,0.602143,1324.113468,1324.113468,TRUE,15386.466378,3,2017-10-12 21:29:02,14062.35291,120143,0.11704679348776,TRUE
"6595","A69-1602-3203",6595,"Noordzeekanaal","ARK Noord","VR2W-119054",52.355706,4.97029,2017-10-12 21:29:02,2017-10-12 23:32:44,126,112459,14179.496674,0.126086,15503.610142,15386.466378,FALSE,18583.157376,5,2017-10-13 03:56:03,3196.690998,23221,0.137663795616037,TRUE
"6596","A69-1602-3203",6596,"Noordzeekanaal","ARK Noord","VR2W-119054",52.355706,4.97029,2017-10-13 01:53:19,2017-10-13 02:07:20,13,NA,NA,NA,15503.610142,15386.466378,TRUE,18583.157376,5,2017-10-13 03:56:03,3196.690998,7364,0.434097093699077,TRUE
"6597","A69-1602-3203",6597,"Noordzeekanaal","Oranjesluis","VR2W-102056",52.380016,4.955998,2017-10-13 03:56:03,2017-10-13 04:16:22,27,6523,3196.690998,0.490065,18700.30114,18583.157376,FALSE,21338.467148,9,2017-10-14 22:01:23,2755.309772,151520,0.018184462592397,TRUE
"6598","A69-1602-3203",6598,"Noordzeekanaal","Oranjesluis","VR2W-102056",52.380016,4.955998,2017-10-13 23:20:11,2017-10-14 00:37:38,5,NA,NA,NA,18700.30114,18583.157376,FALSE,21338.467148,9,2017-10-14 22:01:23,2755.309772,81672,0.0337362838181996,TRUE
"6599","A69-1602-3203",6599,"Noordzeekanaal","Oranjesluis","VR2W-102056",52.380016,4.955998,2017-10-14 01:47:06,2017-10-14 05:10:41,27,NA,NA,NA,18700.30114,18583.157376,FALSE,21338.467148,9,2017-10-14 22:01:23,2755.309772,72857,0.0378180514157871,TRUE
"6600","A69-1602-3203",6600,"Noordzeekanaal","Oranjesluis","VR2W-102056",52.380016,4.955998,2017-10-14 16:34:48,2017-10-14 20:11:18,108,NA,NA,NA,18700.30114,18583.157376,TRUE,21338.467148,9,2017-10-14 22:01:23,2755.309772,19595,0.140612899821383,TRUE
"6601","A69-1602-3203",6601,"Noordzeekanaal","Willem 2 sluis 2","VR2W-130587",52.383677,4.907053,2017-10-14 22:01:23,2017-10-14 22:03:35,4,6605,3423.861235,0.518374,22124.162375,21338.467148,TRUE,32218.320338,10,2017-10-18 09:04:52,10879.85319,299009,0.0363863736208609,TRUE
"6602","A69-1602-3203",6602,"Noordzeekanaal","Overtoom 1","VR2W-119065",52.430117,4.784283,2017-10-18 09:04:52,2017-10-18 09:31:58,3,298877,10962.686843,0.03668,33086.849218,32218.320338,TRUE,43808.133762,11,2017-10-18 18:23:44,11589.813424,33532,0.345634421567458,TRUE
"6603","A69-1602-3203",6603,"Noordzeekanaal","Noordzeekanaal","VR2W-114165",52.462798,4.633995,2017-10-18 18:23:44,2017-10-18 18:35:54,4,31906,11955.458146,0.374709,45042.307364,43808.133762,FALSE,46132.124745,13,2017-10-18 21:16:29,2323.990983,10365,0.224215241968162,TRUE
"6604","A69-1602-3203",6604,"Noordzeekanaal","Noordzeekanaal","VR2W-114165",52.462798,4.633995,2017-10-18 20:04:00,2017-10-18 21:16:01,30,NA,NA,NA,45042.307364,43808.133762,TRUE,46132.124745,13,2017-10-18 21:16:29,2323.990983,4349,0.534373645205795,TRUE
"6605","A69-1602-3203",6605,"Noordzeekanaal","Middensluis NZK","VR2W-132417",52.465373,4.601803,2017-10-18 21:16:29,2017-10-18 21:16:29,1,28,2323.990983,82.999678,47366.298347,46132.124745,FALSE,NA,NA,NA,NA,NA,NA,TRUE
"6606","A69-1602-3203",6606,"Noordzeekanaal","Noordzeekanaal","VR2W-114165",52.462798,4.633995,2017-10-18 21:16:45,2017-10-18 22:36:04,38,16,2323.990983,145.249436,49690.28933,43808.133762,FALSE,45415.05276,16,2017-11-03 18:39:43,1606.918998,1372978,0.00117038947310154,TRUE
"6607","A69-1602-3203",6607,"Noordzeekanaal","Noordzeekanaal","VR2W-114165",52.462798,4.633995,2017-11-03 17:59:36,2017-11-03 18:36:22,29,NA,NA,NA,49690.28933,43808.133762,TRUE,45415.05276,16,2017-11-03 18:39:43,1606.918998,2407,0.667602408807645,TRUE
"6608","A69-1602-3203",6608,"Noordzeekanaal","Grote sluis NZK","VR2W-114178",52.467488,4.613347,2017-11-03 18:39:43,2017-11-03 18:39:43,1,201,1606.918999,7.994622,51297.208329,45415.05276,FALSE,NA,NA,NA,NA,NA,NA,TRUE
"6609","A69-1602-3203",6609,"Noordzeekanaal","Noordzeekanaal","VR2W-114165",52.462798,4.633995,2017-11-03 18:46:32,2017-11-03 18:49:34,2,409,1606.918999,3.928897,52904.127328,43808.133762,TRUE,45415.05276,18,2017-11-03 18:56:53,1606.918998,621,2.58763123671498,TRUE
"6610","A69-1602-3203",6610,"Noordzeekanaal","Grote sluis NZK","VR2W-114178",52.467488,4.613347,2017-11-03 18:56:53,2017-11-03 20:42:03,77,439,1606.918999,3.660408,54511.046327,45415.05276,TRUE,46839.149901,19,2017-11-03 20:45:19,1424.097141,6506,0.218889815708576,TRUE
"6611","A69-1602-3203",6611,"Noordzeekanaal","Spuisluis Noordzee","VR2W-132409",52.471207,4.595198,2017-11-03 20:45:19,2017-11-03 21:45:00,63,196,1424.097141,7.265802,55935.143468,46839.149901,NA,NA,NA,NA,NA,NA,NA,TRUE
"6612","A69-1602-3204",6612,"Noordzeekanaal","rel_noordzeekanaal13","none",52.244517,5.047218,2017-10-11 11:30:00,2017-10-11 11:30:00,1,NA,NA,NA,0,0,FALSE,NA,NA,NA,NA,NA,NA,FALSE
"6613","A69-1602-3204",6613,"Noordzeekanaal","Loosdrecht 1","VR2W-119047",52.231981,5.032877,2017-10-11 22:30:56,2017-10-12 08:40:27,118,39656,1872.57753,0.047221,1872.57753,-1872.57753,FALSE,1324.113468,9,2017-10-18 05:39:07,3196.690998,544091,0.00587528740229116,FALSE
"6614","A69-1602-3204",6614,"Noordzeekanaal","Loosdrecht 1","VR2W-119047",52.231981,5.032877,2017-10-12 10:24:29,2017-10-12 11:42:03,100,NA,NA,NA,1872.57753,-1872.57753,FALSE,1324.113468,9,2017-10-18 05:39:07,3196.690998,501278,0.00637708217396335,FALSE
"6615","A69-1602-3204",6615,"Noordzeekanaal","Loosdrecht 1","VR2W-119047",52.231981,5.032877,2017-10-12 23:21:31,2017-10-12 23:23:42,3,NA,NA,NA,1872.57753,-1872.57753,FALSE,1324.113468,9,2017-10-18 05:39:07,3196.690998,454656,0.00703101025390625,FALSE
"6616","A69-1602-3204",6616,"Noordzeekanaal","Loosdrecht 1","VR2W-119047",52.231981,5.032877,2017-10-13 02:01:41,2017-10-13 02:03:40,4,NA,NA,NA,1872.57753,-1872.57753,FALSE,1324.113468,9,2017-10-18 05:39:07,3196.690998,445046,0.00718283278133047,FALSE
"6617","A69-1602-3204",6617,"Noordzeekanaal","Loosdrecht 1","VR2W-119047",52.231981,5.032877,2017-10-13 06:28:51,2017-10-14 16:07:41,2680,NA,NA,NA,1872.57753,-1872.57753,FALSE,1324.113468,9,2017-10-18 05:39:07,3196.690998,429016,0.00745121626699237,FALSE
"6618","A69-1602-3204",6618,"Noordzeekanaal","Loosdrecht 1","VR2W-119047",52.231981,5.032877,2017-10-14 18:13:19,2017-10-14 18:49:26,43,NA,NA,NA,1872.57753,-1872.57753,FALSE,1324.113468,9,2017-10-18 05:39:07,3196.690998,300348,0.010643290443086,FALSE
"6619","A69-1602-3204",6619,"Noordzeekanaal","Loosdrecht 1","VR2W-119047",52.231981,5.032877,2017-10-18 00:29:41,2017-10-18 01:06:41,42,NA,NA,NA,1872.57753,-1872.57753,TRUE,1324.113468,9,2017-10-18 05:39:07,3196.690998,18566,0.17217984477001,TRUE
"6620","A69-1602-3204",6620,"Noordzeekanaal","Loosdrecht 3","VR2W-119069",52.256101,5.043167,2017-10-18 05:39:07,2017-10-18 06:18:31,52,16346,3113.858352,0.190497,4986.435882,1324.113468,FALSE,15386.466378,10,2017-11-13 23:21:45,14062.35291,2310158,0.00608718230960826,TRUE
"6621","A69-1602-3204",6621,"Noordzeekanaal","ARK Noord","VR2W-119054",52.355706,4.97029,2017-11-13 23:21:45,2017-11-14 00:55:43,58,2307794,14179.496674,0.006144,19165.932556,15386.466378,FALSE,18583.157376,12,2017-11-18 19:30:21,3196.690998,418116,0.00764546441179003,TRUE
"6622","A69-1602-3204",6622,"Noordzeekanaal","ARK Noord","VR2W-119054",52.355706,4.97029,2017-11-18 17:20:58,2017-11-18 17:44:43,22,NA,NA,NA,19165.932556,15386.466378,TRUE,18583.157376,12,2017-11-18 19:30:21,3196.690998,7763,0.411785520803813,TRUE
"6623","A69-1602-3204",6623,"Noordzeekanaal","Oranjesluis","VR2W-102056",52.380016,4.955998,2017-11-18 19:30:21,2017-11-18 20:13:39,47,6338,3196.690998,0.504369,22362.623554,18583.157376,FALSE,21338.467148,14,2017-11-19 03:50:46,2755.309772,30025,0.0917671864113239,TRUE
"6624","A69-1602-3204",6624,"Noordzeekanaal","Oranjesluis","VR2W-114163",52.382553,4.959779,2017-11-19 00:25:07,2017-11-19 02:06:28,24,NA,NA,NA,22362.623554,18583.157376,TRUE,21338.467148,14,2017-11-19 03:50:46,2755.309772,12339,0.223300897317449,TRUE
"6625","A69-1602-3204",6625,"Noordzeekanaal","Willem 2 sluis 2","VR2W-130587",52.383677,4.907053,2017-11-19 03:50:46,2017-11-19 04:17:30,5,6258,3423.861235,0.547117,25786.484789,21338.467148,FALSE,NA,NA,NA,NA,NA,NA,TRUE
"6626","A69-1602-3204",6626,"Noordzeekanaal","Oranjesluis","VR2W-102056",52.380016,4.955998,2017-11-19 15:32:48,2017-11-19 19:20:51,318,40518,3423.861235,0.084502,29210.346024,18583.157376,FALSE,21338.467148,17,2017-11-20 04:56:53,2755.309772,48245,0.0571107839568867,TRUE
"6627","A69-1602-3204",6627,"Noordzeekanaal","Oranjesluis","VR2W-114163",52.382553,4.959779,2017-11-20 02:19:16,2017-11-20 02:19:16,1,NA,NA,NA,29210.346024,18583.157376,TRUE,21338.467148,17,2017-11-20 04:56:53,2755.309772,9457,0.291351355821085,TRUE
"6628","A69-1602-3204",6628,"Noordzeekanaal","Willem 2 sluis 2","VR2W-130587",52.383677,4.907053,2017-11-20 04:56:53,2017-11-20 05:16:03,18,9457,3423.861235,0.362045,32634.207259,21338.467148,TRUE,43808.133762,18,2017-12-02 14:16:34,22469.666614,1070381,0.0209922136267366,TRUE
"6629","A69-1602-3204",6629,"Noordzeekanaal","Noordzeekanaal","VR2W-114165",52.462798,4.633995,2017-12-02 14:16:34,2017-12-02 14:59:51,16,1069231,22552.500267,0.021092,55186.707526,43808.133762,TRUE,45415.05276,19,2017-12-02 15:26:34,1606.918998,4200,0.382599761428572,TRUE
"6630","A69-1602-3204",6630,"Noordzeekanaal","Grote sluis NZK","VR2W-114178",52.467488,4.613347,2017-12-02 15:26:34,2017-12-02 17:31:20,64,1603,1606.918999,1.002445,56793.626525,45415.05276,TRUE,46839.149901,20,2017-12-02 17:37:05,1424.097141,7831,0.181853804239561,TRUE
"6631","A69-1602-3204",6631,"Noordzeekanaal","Spuisluis Noordzee","VR2W-132409",52.471207,4.595198,2017-12-02 17:37:05,2017-12-02 17:56:42,9,345,1424.097141,4.127818,58217.723666,46839.149901,NA,NA,NA,NA,NA,NA,NA,TRUE
"6632","A69-1602-3205",6632,"Noordzeekanaal","rel_noordzeekanaal13","none",52.244517,5.047218,2017-10-11 11:30:00,2017-10-11 11:30:00,1,NA,NA,NA,0,0,FALSE,NA,NA,NA,NA,NA,NA,FALSE
"6633","A69-1602-3205",6633,"Noordzeekanaal","Loosdrecht 1","VR2W-119047",52.231981,5.032877,2017-10-12 01:30:43,2017-10-12 02:44:59,18,50443,1872.57753,0.037123,1872.57753,-1872.57753,FALSE,1324.113468,8,2017-10-22 20:08:18,3196.690998,931055,0.00343340726165479,FALSE
"6634","A69-1602-3205",6634,"Noordzeekanaal","Loosdrecht 1","VR2W-119047",52.231981,5.032877,2017-10-12 03:58:03,2017-10-12 03:58:03,1,NA,NA,NA,1872.57753,-1872.57753,FALSE,1324.113468,8,2017-10-22 20:08:18,3196.690998,922215,0.00346631858948293,FALSE
"6635","A69-1602-3205",6635,"Noordzeekanaal","Loosdrecht 1","VR2W-119047",52.231981,5.032877,2017-10-12 19:16:44,2017-10-12 19:44:09,34,NA,NA,NA,1872.57753,-1872.57753,FALSE,1324.113468,8,2017-10-22 20:08:18,3196.690998,867094,0.00368667180028924,FALSE
"6636","A69-1602-3205",6636,"Noordzeekanaal","Loosdrecht 1","VR2W-119047",52.231981,5.032877,2017-10-13 19:47:05,2017-10-13 19:52:10,8,NA,NA,NA,1872.57753,-1872.57753,FALSE,1324.113468,8,2017-10-22 20:08:18,3196.690998,778873,0.00410425191013169,FALSE
"6637","A69-1602-3205",6637,"Noordzeekanaal","Loosdrecht 1","VR2W-119047",52.231981,5.032877,2017-10-22 05:36:38,2017-10-22 05:36:38,1,NA,NA,NA,1872.57753,-1872.57753,FALSE,1324.113468,8,2017-10-22 20:08:18,3196.690998,52300,0.0611221988145315,FALSE
"6638","A69-1602-3205",6638,"Noordzeekanaal","Loosdrecht 1","VR2W-119047",52.231981,5.032877,2017-10-22 16:55:04,2017-10-22 17:26:19,32,NA,NA,NA,1872.57753,-1872.57753,TRUE,1324.113468,8,2017-10-22 20:08:18,3196.690998,11594,0.275719423667414,TRUE
"6639","A69-1602-3205",6639,"Noordzeekanaal","Loosdrecht 3","VR2W-119069",52.256101,5.043167,2017-10-22 20:08:18,2017-10-22 20:53:42,50,9719,3113.858352,0.320389,4986.435882,1324.113468,TRUE,15386.466378,9,2017-10-23 06:16:10,14062.35291,36472,0.385565719181838,TRUE
"6640","A69-1602-3205",6640,"Noordzeekanaal","ARK Noord","VR2W-119054",52.355706,4.97029,2017-10-23 06:16:10,2017-10-23 06:21:54,6,33748,14179.496674,0.420158,19165.932556,15386.466378,FALSE,18583.157376,11,2017-10-23 20:33:47,3196.690998,51457,0.0621235400042754,TRUE
"6641","A69-1602-3205",6641,"Noordzeekanaal","ARK Noord","VR2W-119054",52.355706,4.97029,2017-10-23 17:35:43,2017-10-23 19:05:52,41,NA,NA,NA,19165.932556,15386.466378,TRUE,18583.157376,11,2017-10-23 20:33:47,3196.690998,10684,0.299203575252714,TRUE
"6642","A69-1602-3205",6642,"Noordzeekanaal","Oranjesluis","VR2W-102056",52.380016,4.955998,2017-10-23 20:33:47,2017-10-23 21:37:39,45,5275,3196.690998,0.606008,22362.623554,18583.157376,FALSE,NA,NA,NA,NA,NA,NA,TRUE
"6643","A69-1602-3205",6643,"Noordzeekanaal","Oranjesluis","VR2W-102056",52.380016,4.955998,2017-10-24 20:18:07,2017-10-25 04:02:17,452,NA,NA,NA,22362.623554,18583.157376,FALSE,NA,NA,NA,NA,NA,NA,TRUE
"6644","A69-1602-3205",6644,"Noordzeekanaal","Oranjesluis","VR2W-102056",52.380016,4.955998,2017-11-06 18:13:52,2017-11-06 19:19:29,30,NA,NA,NA,22362.623554,18583.157376,FALSE,NA,NA,NA,NA,NA,NA,TRUE
"6645","A69-1602-3205",6645,"Noordzeekanaal","Oranjesluis","VR2W-102056",52.380016,4.955998,2017-11-07 06:52:32,2017-11-07 09:09:54,16,NA,NA,NA,22362.623554,18583.157376,NA,NA,NA,NA,NA,NA,NA,TRUE
"6646","A69-1602-3206",6646,"Noordzeekanaal","rel_noordzeekanaal13","none",52.244517,5.047218,2017-10-11 11:30:00,2017-10-11 11:53:40,2,NA,NA,NA,0,0,TRUE,1324.113468,2,2017-10-12 05:16:31,1324.113468,63991,0.0206921827757028,TRUE
"6647","A69-1602-3206",6647,"Noordzeekanaal","Loosdrecht 3","VR2W-119069",52.256101,5.043167,2017-10-12 05:16:31,2017-10-12 05:46:11,5,62571,1324.113468,0.021162,1324.113468,1324.113468,FALSE,15386.466378,6,2017-11-18 23:25:13,14062.35291,3262122,0.00431079920064302,TRUE
"6648","A69-1602-3206",6648,"Noordzeekanaal","Loosdrecht 3","VR2W-119069",52.256101,5.043167,2017-10-12 17:48:53,2017-10-13 10:06:16,420,NA,NA,NA,1324.113468,1324.113468,FALSE,15386.466378,6,2017-11-18 23:25:13,14062.35291,3216980,0.00437129012614315,TRUE
"6649","A69-1602-3206",6649,"Noordzeekanaal","Loosdrecht 3","VR2W-119069",52.256101,5.043167,2017-10-13 17:50:11,2017-10-14 11:11:22,1299,NA,NA,NA,1324.113468,1324.113468,FALSE,15386.466378,6,2017-11-18 23:25:13,14062.35291,3130502,0.00449204405874841,TRUE
"6650","A69-1602-3206",6650,"Noordzeekanaal","Loosdrecht 3","VR2W-119069",52.256101,5.043167,2017-10-20 15:09:52,2017-10-20 15:48:14,42,NA,NA,NA,1324.113468,1324.113468,FALSE,15386.466378,6,2017-11-18 23:25:13,14062.35291,2535321,0.00554657690682955,TRUE
"6651","A69-1602-3206",6651,"Noordzeekanaal","ARK Noord","VR2W-119054",52.355706,4.97029,2017-11-18 23:25:13,2017-11-18 23:59:26,49,2533019,14179.496674,0.005598,15503.610142,15386.466378,FALSE,18583.157376,8,2017-11-19 03:18:18,3196.690998,13985,0.228579978405434,TRUE
"6652","A69-1602-3206",6652,"Noordzeekanaal","ARK Noord","VR2W-119054",52.355706,4.97029,2017-11-19 01:41:46,2017-11-19 01:46:49,7,NA,NA,NA,15503.610142,15386.466378,TRUE,18583.157376,8,2017-11-19 03:18:18,3196.690998,5792,0.551914882251381,TRUE
"6653","A69-1602-3206",6653,"Noordzeekanaal","Oranjesluis","VR2W-102056",52.380016,4.955998,2017-11-19 03:18:18,2017-11-19 03:51:17,31,5489,3196.690998,0.582381,18700.30114,18583.157376,FALSE,21338.467148,9,2017-12-07 08:23:42,2755.309772,1573524,0.00175104400822612,TRUE
"6654","A69-1602-3206",6654,"Noordzeekanaal","Willem 2 sluis 2","VR2W-130587",52.383677,4.907053,2017-12-07 08:23:42,2017-12-07 08:37:15,10,1571545,3423.861235,0.002179,22124.162375,21338.467148,FALSE,43808.133762,12,2018-01-06 05:36:42,22469.666614,2581980,0.00870249444767194,TRUE
"6655","A69-1602-3206",6655,"Noordzeekanaal","Willem 2 sluis 2","VR2W-130587",52.383677,4.907053,2017-12-07 22:04:50,2017-12-07 22:47:53,15,NA,NA,NA,22124.162375,21338.467148,FALSE,43808.133762,12,2018-01-06 05:36:42,22469.666614,2532712,0.00887178116343271,TRUE
"6656","A69-1602-3206",6656,"Noordzeekanaal","Willem 2 sluis 2","VR2W-130587",52.383677,4.907053,2017-12-09 04:05:39,2017-12-09 04:06:21,2,NA,NA,NA,22124.162375,21338.467148,FALSE,43808.133762,12,2018-01-06 05:36:42,22469.666614,2424663,0.009267129747103,TRUE
"6657","A69-1602-3206",6657,"Noordzeekanaal","Noordzeekanaal","VR2W-114165",52.462798,4.633995,2018-01-06 05:36:42,2018-01-06 06:26:47,10,2424621,22552.500267,0.009301,44676.662642,43808.133762,TRUE,46132.124745,13,2018-01-06 06:28:49,2323.990983,3127,0.743201465622003,TRUE
"6658","A69-1602-3206",6658,"Noordzeekanaal","Middensluis NZK","VR2W-132417",52.465373,4.601803,2018-01-06 06:28:49,2018-01-06 06:28:49,1,122,2323.990983,19.049106,47000.653625,46132.124745,FALSE,NA,NA,NA,NA,NA,NA,TRUE
"6659","A69-1602-3206",6659,"Noordzeekanaal","Noordzeekanaal","VR2W-114165",52.462798,4.633995,2018-01-06 07:02:36,2018-01-06 08:17:59,42,2027,2323.990983,1.146518,49324.644608,43808.133762,TRUE,45415.05276,15,2018-01-06 08:18:07,1606.918998,4531,0.354649966453322,TRUE
"6660","A69-1602-3206",6660,"Noordzeekanaal","Grote sluis NZK","VR2W-114178",52.467488,4.613347,2018-01-06 08:18:07,2018-01-06 08:18:07,1,8,1606.918999,200.864875,50931.563607,45415.05276,FALSE,NA,NA,NA,NA,NA,NA,TRUE
"6661","A69-1602-3206",6661,"Noordzeekanaal","Noordzeekanaal","VR2W-114164",52.465232,4.633992,2018-01-06 08:18:24,2018-01-06 08:21:21,7,17,1606.918999,94.524647,52538.482606,43808.133762,TRUE,46132.124745,17,2018-01-06 08:21:49,2323.990983,205,11.3365413804878,TRUE
"6662","A69-1602-3206",6662,"Noordzeekanaal","Middensluis NZK","VR2W-132417",52.465373,4.601803,2018-01-06 08:21:49,2018-01-06 08:21:49,1,28,2323.990983,82.999678,54862.473589,46132.124745,FALSE,NA,NA,NA,NA,NA,NA,TRUE
"6663","A69-1602-3206",6663,"Noordzeekanaal","Noordzeekanaal","VR2W-114165",52.462798,4.633995,2018-01-06 08:22:57,2018-01-06 08:24:22,2,68,2323.990983,34.176338,57186.464572,43808.133762,TRUE,45415.05276,19,2018-01-06 08:24:38,1606.918998,101,15.9100890891089,TRUE
"6664","A69-1602-3206",6664,"Noordzeekanaal","Grote sluis NZK","VR2W-114178",52.467488,4.613347,2018-01-06 08:24:38,2018-01-06 08:24:38,1,16,1606.918999,100.432437,58793.383571,45415.05276,FALSE,NA,NA,NA,NA,NA,NA,TRUE
"6665","A69-1602-3206",6665,"Noordzeekanaal","Noordzeekanaal","VR2W-114165",52.462798,4.633995,2018-01-06 08:24:58,2018-01-06 08:51:17,32,20,1606.918999,80.34595,60400.30257,43808.133762,TRUE,46132.124745,21,2018-01-06 08:51:20,2323.990983,1582,1.46902084892541,TRUE
"6666","A69-1602-3206",6666,"Noordzeekanaal","Middensluis NZK","VR2W-132417",52.465373,4.601803,2018-01-06 08:51:20,2018-01-06 08:51:20,1,3,2323.990983,774.663661,62724.293553,46132.124745,FALSE,NA,NA,NA,NA,NA,NA,TRUE
"6667","A69-1602-3206",6667,"Noordzeekanaal","Noordzeekanaal","VR2W-114164",52.465232,4.633992,2018-01-06 08:51:53,2018-01-06 08:52:32,2,33,2323.990983,70.423969,65048.284536,43808.133762,TRUE,45415.05276,23,2018-01-06 08:52:35,1606.918998,42,38.2599761428572,TRUE
"6668","A69-1602-3206",6668,"Noordzeekanaal","Grote sluis NZK","VR2W-114178",52.467488,4.613347,2018-01-06 08:52:35,2018-01-06 08:52:35,1,3,1606.918999,535.639666,66655.203535,45415.05276,FALSE,NA,NA,NA,NA,NA,NA,TRUE
"6669","A69-1602-3206",6669,"Noordzeekanaal","Noordzeekanaal","VR2W-114164",52.465232,4.633992,2018-01-06 08:53:16,2018-01-06 08:53:16,1,41,1606.918999,39.193146,68262.122534,43808.133762,TRUE,45415.05276,25,2018-01-06 08:53:18,1606.918998,2,803.459499000001,TRUE
"6670","A69-1602-3206",6670,"Noordzeekanaal","Grote sluis NZK","VR2W-114178",52.467488,4.613347,2018-01-06 08:53:18,2018-01-06 08:53:18,1,2,1606.918999,803.459499,69869.041533,45415.05276,FALSE,NA,NA,NA,NA,NA,NA,TRUE
"6671","A69-1602-3206",6671,"Noordzeekanaal","Noordzeekanaal","VR2W-114165",52.462798,4.633995,2018-01-06 08:53:26,2018-01-06 08:59:20,18,8,1606.918999,200.864875,71475.960532,43808.133762,TRUE,45415.05276,27,2018-01-06 08:59:32,1606.918998,366,4.39048906557377,TRUE
"6672","A69-1602-3206",6672,"Noordzeekanaal","Grote sluis NZK","VR2W-114178",52.467488,4.613347,2018-01-06 08:59:32,2018-01-06 09:00:51,3,12,1606.918999,133.909917,73082.879531,45415.05276,FALSE,NA,NA,NA,NA,NA,NA,TRUE
"6673","A69-1602-3206",6673,"Noordzeekanaal","Noordzeekanaal","VR2W-114165",52.462798,4.633995,2018-01-06 09:01:04,2018-01-06 09:02:54,4,13,1606.918999,123.609154,74689.79853,43808.133762,TRUE,45415.05276,29,2018-01-06 09:03:00,1606.918998,116,13.8527499827586,TRUE
"6674","A69-1602-3206",6674,"Noordzeekanaal","Grote sluis NZK","VR2W-114178",52.467488,4.613347,2018-01-06 09:03:00,2018-01-06 09:03:00,1,6,1606.918999,267.819833,76296.717529,45415.05276,FALSE,NA,NA,NA,NA,NA,NA,TRUE
"6675","A69-1602-3206",6675,"Noordzeekanaal","Noordzeekanaal","VR2W-114165",52.462798,4.633995,2018-01-06 09:03:12,2018-01-06 09:05:45,3,12,1606.918999,133.909917,77903.636528,43808.133762,TRUE,45415.05276,31,2018-01-06 09:05:54,1606.918998,162,9.91925307407408,TRUE
"6676","A69-1602-3206",6676,"Noordzeekanaal","Grote sluis NZK","VR2W-114178",52.467488,4.613347,2018-01-06 09:05:54,2018-01-06 09:05:54,1,9,1606.918999,178.546555,79510.555527,45415.05276,FALSE,NA,NA,NA,NA,NA,NA,TRUE
"6677","A69-1602-3206",6677,"Noordzeekanaal","Noordzeekanaal","VR2W-114165",52.462798,4.633995,2018-01-06 09:07:31,2018-01-06 09:08:23,2,97,1606.918999,16.566175,81117.474526,43808.133762,TRUE,45415.05276,33,2018-01-06 09:08:38,1606.918998,67,23.9838656417911,TRUE
"6678","A69-1602-3206",6678,"Noordzeekanaal","Grote sluis NZK","VR2W-114178",52.467488,4.613347,2018-01-06 09:08:38,2018-01-06 09:08:38,1,15,1606.918999,107.127933,82724.393525,45415.05276,FALSE,NA,NA,NA,NA,NA,NA,TRUE
"6679","A69-1602-3206",6679,"Noordzeekanaal","Noordzeekanaal","VR2W-114164",52.465232,4.633992,2018-01-06 09:08:48,2018-01-06 09:09:39,2,10,1606.918999,160.6919,84331.312524,43808.133762,TRUE,45415.05276,35,2018-01-06 09:09:52,1606.918998,64,25.10810934375,TRUE
"6680","A69-1602-3206",6680,"Noordzeekanaal","Grote sluis NZK","VR2W-114178",52.467488,4.613347,2018-01-06 09:09:52,2018-01-06 09:13:13,3,13,1606.918999,123.609154,85938.231523,45415.05276,FALSE,NA,NA,NA,NA,NA,NA,TRUE
"6681","A69-1602-3206",6681,"Noordzeekanaal","Noordzeekanaal","VR2W-114165",52.462798,4.633995,2018-01-06 09:13:16,2018-01-06 09:13:16,1,3,1606.918999,535.639666,87545.150522,43808.133762,TRUE,45415.05276,37,2018-01-06 09:14:04,1606.918998,48,33.477479125,TRUE
"6682","A69-1602-3206",6682,"Noordzeekanaal","Grote sluis NZK","VR2W-114178",52.467488,4.613347,2018-01-06 09:14:04,2018-01-06 09:14:04,1,48,1606.918999,33.477479,89152.069521,45415.05276,FALSE,NA,NA,NA,NA,NA,NA,TRUE
"6683","A69-1602-3206",6683,"Noordzeekanaal","Noordzeekanaal","VR2W-114165",52.462798,4.633995,2018-01-06 09:14:06,2018-01-06 09:14:53,2,2,1606.918999,803.459499,90758.98852,43808.133762,TRUE,45415.05276,39,2018-01-06 09:16:47,1606.918998,161,9.98086334161491,TRUE
"6684","A69-1602-3206",6684,"Noordzeekanaal","Grote sluis NZK","VR2W-114178",52.467488,4.613347,2018-01-06 09:16:47,2018-01-06 09:49:10,18,114,1606.918999,14.095781,92365.907519,45415.05276,FALSE,NA,NA,NA,NA,NA,NA,TRUE
"6685","A69-1602-3206",6685,"Noordzeekanaal","Noordzeekanaal","VR2W-114165",52.462798,4.633995,2018-01-06 09:49:20,2018-01-06 09:49:20,1,10,1606.918999,160.6919,93972.826518,43808.133762,TRUE,45415.05276,41,2018-01-06 09:50:00,1606.918998,40,40.17297495,TRUE
"6686","A69-1602-3206",6686,"Noordzeekanaal","Grote sluis NZK","VR2W-114178",52.467488,4.613347,2018-01-06 09:50:00,2018-01-06 10:40:05,45,40,1606.918999,40.172975,95579.745517,45415.05276,FALSE,NA,NA,NA,NA,NA,NA,TRUE
"6687","A69-1602-3206",6687,"Noordzeekanaal","Noordzeekanaal","VR2W-114165",52.462798,4.633995,2018-01-06 10:43:13,2018-01-06 10:45:22,3,188,1606.918999,8.547441,97186.664516,43808.133762,TRUE,45415.05276,43,2018-01-06 10:48:43,1606.918998,330,4.86945150909091,TRUE
"6688","A69-1602-3206",6688,"Noordzeekanaal","Grote sluis NZK","VR2W-114178",52.467488,4.613347,2018-01-06 10:48:43,2018-01-06 11:27:11,47,201,1606.918999,7.994622,98793.583515,45415.05276,FALSE,NA,NA,NA,NA,NA,NA,TRUE
"6689","A69-1602-3206",6689,"Noordzeekanaal","Noordzeekanaal","VR2W-114164",52.465232,4.633992,2018-01-06 11:27:22,2018-01-06 11:27:22,1,11,1606.918999,146.083545,100400.502514,43808.133762,TRUE,46132.124745,45,2018-01-06 11:28:05,2323.990983,43,54.0463019302326,TRUE
"6690","A69-1602-3206",6690,"Noordzeekanaal","Middensluis NZK","VR2W-132417",52.465373,4.601803,2018-01-06 11:28:05,2018-01-06 12:19:37,35,43,2323.990983,54.046302,102724.493497,46132.124745,FALSE,NA,NA,NA,NA,NA,NA,TRUE
"6691","A69-1602-3206",6691,"Noordzeekanaal","Noordzeekanaal","VR2W-114164",52.465232,4.633992,2018-01-06 12:19:45,2018-01-06 12:19:45,1,8,2323.990983,290.498873,105048.48448,43808.133762,TRUE,45415.05276,47,2018-01-06 12:20:14,1606.918998,29,55.4109999310345,TRUE
"6692","A69-1602-3206",6692,"Noordzeekanaal","Grote sluis NZK","VR2W-114178",52.467488,4.613347,2018-01-06 12:20:14,2018-01-06 12:22:18,3,29,1606.918999,55.411,106655.403479,45415.05276,FALSE,NA,NA,NA,NA,NA,NA,TRUE
"6693","A69-1602-3206",6693,"Noordzeekanaal","Noordzeekanaal","VR2W-114164",52.465232,4.633992,2018-01-06 12:22:25,2018-01-06 12:22:25,1,7,1606.918999,229.559857,108262.322478,43808.133762,TRUE,45415.05276,49,2018-01-06 12:23:02,1606.918998,37,43.4302431891892,TRUE
"6694","A69-1602-3206",6694,"Noordzeekanaal","Grote sluis NZK","VR2W-114178",52.467488,4.613347,2018-01-06 12:23:02,2018-01-06 12:34:55,19,37,1606.918999,43.430243,109869.241477,45415.05276,FALSE,NA,NA,NA,NA,NA,NA,TRUE
"6695","A69-1602-3206",6695,"Noordzeekanaal","Noordzeekanaal","VR2W-114165",52.462798,4.633995,2018-01-06 12:35:06,2018-01-06 12:35:06,1,11,1606.918999,146.083545,111476.160476,43808.133762,TRUE,45415.05276,51,2018-01-06 12:35:41,1606.918998,35,45.9119713714286,TRUE
"6696","A69-1602-3206",6696,"Noordzeekanaal","Grote sluis NZK","VR2W-114178",52.467488,4.613347,2018-01-06 12:35:41,2018-01-06 12:54:58,10,35,1606.918999,45.911971,113083.079475,45415.05276,FALSE,NA,NA,NA,NA,NA,NA,TRUE
"6697","A69-1602-3206",6697,"Noordzeekanaal","Noordzeekanaal","VR2W-114164",52.465232,4.633992,2018-01-06 12:56:10,2018-01-06 12:58:57,3,72,1606.918999,22.318319,114689.998474,43808.133762,TRUE,45415.05276,53,2018-01-06 12:59:22,1606.918998,192,8.36936978125001,TRUE
"6698","A69-1602-3206",6698,"Noordzeekanaal","Grote sluis NZK","VR2W-114178",52.467488,4.613347,2018-01-06 12:59:22,2018-01-06 12:59:22,1,25,1606.918999,64.27676,116296.917473,45415.05276,FALSE,NA,NA,NA,NA,NA,NA,TRUE
"6699","A69-1602-3206",6699,"Noordzeekanaal","Noordzeekanaal","VR2W-114164",52.465232,4.633992,2018-01-06 12:59:31,2018-01-06 12:59:31,1,9,1606.918999,178.546555,117903.836472,43808.133762,TRUE,45415.05276,55,2018-01-06 13:00:35,1606.918998,64,25.10810934375,TRUE
"6700","A69-1602-3206",6700,"Noordzeekanaal","Grote sluis NZK","VR2W-114178",52.467488,4.613347,2018-01-06 13:00:35,2018-01-06 13:06:28,4,64,1606.918999,25.108109,119510.755471,45415.05276,FALSE,NA,NA,NA,NA,NA,NA,TRUE
"6701","A69-1602-3206",6701,"Noordzeekanaal","Noordzeekanaal","VR2W-114164",52.465232,4.633992,2018-01-06 13:07:25,2018-01-06 13:09:15,5,57,1606.918999,28.191561,121117.67447,43808.133762,TRUE,45415.05276,57,2018-01-06 13:10:38,1606.918998,193,8.32600517098446,TRUE
"6702","A69-1602-3206",6702,"Noordzeekanaal","Grote sluis NZK","VR2W-114178",52.467488,4.613347,2018-01-06 13:10:38,2018-01-06 13:10:38,1,83,1606.918999,19.36047,122724.593469,45415.05276,FALSE,NA,NA,NA,NA,NA,NA,TRUE
"6703","A69-1602-3206",6703,"Noordzeekanaal","Noordzeekanaal","VR2W-114164",52.465232,4.633992,2018-01-06 13:10:57,2018-01-06 13:10:57,1,19,1606.918999,84.574684,124331.512468,43808.133762,TRUE,45415.05276,59,2018-01-06 13:11:13,1606.918998,16,100.432437375,TRUE
"6704","A69-1602-3206",6704,"Noordzeekanaal","Grote sluis NZK","VR2W-114178",52.467488,4.613347,2018-01-06 13:11:13,2018-01-06 13:14:06,4,16,1606.918999,100.432437,125938.431467,45415.05276,FALSE,NA,NA,NA,NA,NA,NA,TRUE
"6705","A69-1602-3206",6705,"Noordzeekanaal","Noordzeekanaal","VR2W-114165",52.462798,4.633995,2018-01-06 13:17:04,2018-01-06 13:22:25,8,178,1606.918999,9.027635,127545.350466,43808.133762,TRUE,45415.05276,61,2018-01-06 13:24:03,1606.918998,419,3.83512887350836,TRUE
"6706","A69-1602-3206",6706,"Noordzeekanaal","Grote sluis NZK","VR2W-114178",52.467488,4.613347,2018-01-06 13:24:03,2018-01-06 13:26:04,2,98,1606.918999,16.397133,129152.269465,45415.05276,FALSE,NA,NA,NA,NA,NA,NA,TRUE
"6707","A69-1602-3206",6707,"Noordzeekanaal","Noordzeekanaal","VR2W-114165",52.462798,4.633995,2018-01-06 13:27:06,2018-01-06 13:27:06,1,62,1606.918999,25.918048,130759.188464,43808.133762,TRUE,45415.05276,63,2018-01-06 13:27:30,1606.918998,24,66.95495825,TRUE
"6708","A69-1602-3206",6708,"Noordzeekanaal","Grote sluis NZK","VR2W-114178",52.467488,4.613347,2018-01-06 13:27:30,2018-01-06 13:27:30,1,24,1606.918999,66.954958,132366.107463,45415.05276,FALSE,NA,NA,NA,NA,NA,NA,TRUE
"6709","A69-1602-3206",6709,"Noordzeekanaal","Noordzeekanaal","VR2W-114165",52.462798,4.633995,2018-01-06 13:28:49,2018-01-06 13:28:49,1,79,1606.918999,20.340747,133973.026462,43808.133762,TRUE,45415.05276,65,2018-01-06 13:28:52,1606.918998,3,535.639666,TRUE
"6710","A69-1602-3206",6710,"Noordzeekanaal","Grote sluis NZK","VR2W-114178",52.467488,4.613347,2018-01-06 13:28:52,2018-01-06 13:31:57,5,3,1606.918999,535.639666,135579.945461,45415.05276,FALSE,NA,NA,NA,NA,NA,NA,TRUE
"6711","A69-1602-3206",6711,"Noordzeekanaal","Noordzeekanaal","VR2W-114165",52.462798,4.633995,2018-01-06 13:31:59,2018-01-06 13:32:43,2,2,1606.918999,803.459499,137186.86446,43808.133762,TRUE,45415.05276,67,2018-01-06 13:32:49,1606.918998,50,32.13837996,TRUE
"6712","A69-1602-3206",6712,"Noordzeekanaal","Grote sluis NZK","VR2W-114178",52.467488,4.613347,2018-01-06 13:32:49,2018-01-06 13:33:40,2,6,1606.918999,267.819833,138793.783459,45415.05276,FALSE,NA,NA,NA,NA,NA,NA,TRUE
"6713","A69-1602-3206",6713,"Noordzeekanaal","Noordzeekanaal","VR2W-114165",52.462798,4.633995,2018-01-06 13:34:33,2018-01-06 13:34:33,1,53,1606.918999,30.319226,140400.702458,43808.133762,TRUE,45415.05276,69,2018-01-06 13:35:10,1606.918998,37,43.4302431891892,TRUE
"6714","A69-1602-3206",6714,"Noordzeekanaal","Grote sluis NZK","VR2W-114178",52.467488,4.613347,2018-01-06 13:35:10,2018-01-06 13:35:10,1,37,1606.918999,43.430243,142007.621457,45415.05276,FALSE,NA,NA,NA,NA,NA,NA,TRUE
"6715","A69-1602-3206",6715,"Noordzeekanaal","Noordzeekanaal","VR2W-114165",52.462798,4.633995,2018-01-06 13:35:18,2018-01-06 13:35:18,1,8,1606.918999,200.864875,143614.540456,43808.133762,TRUE,45415.05276,71,2018-01-06 13:36:01,1606.918998,43,37.370209255814,TRUE
"6716","A69-1602-3206",6716,"Noordzeekanaal","Grote sluis NZK","VR2W-114178",52.467488,4.613347,2018-01-06 13:36:01,2018-01-06 13:37:34,3,43,1606.918999,37.370209,145221.459455,45415.05276,FALSE,NA,NA,NA,NA,NA,NA,TRUE
"6717","A69-1602-3206",6717,"Noordzeekanaal","Noordzeekanaal","VR2W-114165",52.462798,4.633995,2018-01-06 13:38:04,2018-01-06 13:38:04,1,30,1606.918999,53.563967,146828.378454,43808.133762,TRUE,45415.05276,73,2018-01-06 13:38:09,1606.918998,5,321.3837996,TRUE
"6718","A69-1602-3206",6718,"Noordzeekanaal","Grote sluis NZK","VR2W-114178",52.467488,4.613347,2018-01-06 13:38:09,2018-01-06 14:14:15,22,5,1606.918999,321.3838,148435.297453,45415.05276,TRUE,46839.149901,74,2018-01-06 14:54:33,1424.097141,4584,0.310666915575916,TRUE
"6719","A69-1602-3206",6719,"Noordzeekanaal","Spuisluis Noordzee","VR2W-132408",52.470319,4.594701,2018-01-06 14:54:33,2018-01-06 16:09:40,133,2418,1424.097141,0.588957,149859.394594,46839.149901,NA,NA,NA,NA,NA,NA,NA,TRUE
"6720","A69-1602-3207",6720,"Noordzeekanaal","rel_noordzeekanaal13","none",52.244517,5.047218,2017-10-11 11:30:00,2017-10-11 11:30:00,1,NA,NA,NA,0,0,TRUE,1324.113468,2,2017-10-11 19:06:32,1324.113468,27392,0.0483394227511682,TRUE
"6721","A69-1602-3207",6721,"Noordzeekanaal","Loosdrecht 3","VR2W-119069",52.256101,5.043167,2017-10-11 19:06:32,2017-10-12 17:22:12,1718,27392,1324.113468,0.048339,1324.113468,1324.113468,FALSE,19865.842436,3,2017-11-06 17:47:58,18541.728968,2241686,0.00827133192070611,TRUE
"6722","A69-1602-3207",6722,"Noordzeekanaal","Berlagerbrug","VR2W-119067",52.346957,4.912993,2017-11-06 17:47:58,2017-11-06 19:04:33,11,2161546,18658.872732,0.008632,19982.9862,19865.842436,FALSE,21338.467148,5,2017-12-09 18:39:06,1472.624712,2854268,0.000515937785800072,TRUE
"6723","A69-1602-3207",6723,"Noordzeekanaal","Berlagerbrug","VR2W-119067",52.346957,4.912993,2017-11-06 20:14:33,2017-11-06 22:11:10,67,NA,NA,NA,19982.9862,19865.842436,FALSE,21338.467148,5,2017-12-09 18:39:06,1472.624712,2845473,0.000517532484757368,TRUE
"6724","A69-1602-3207",6724,"Noordzeekanaal","Willem 2 sluis 2","VR2W-130587",52.383677,4.907053,2017-12-09 18:39:06,2017-12-09 18:43:02,5,2838476,4803.614528,0.001692,24786.600728,21338.467148,TRUE,43808.133762,6,2017-12-10 09:54:15,22469.666614,54909,0.409216460215994,TRUE
"6725","A69-1602-3207",6725,"Noordzeekanaal","Noordzeekanaal","VR2W-114165",52.462798,4.633995,2017-12-10 09:54:15,2017-12-10 11:16:53,42,54673,22552.500267,0.412498,47339.100995,43808.133762,FALSE,45415.05276,8,2017-12-10 21:07:25,1606.918998,40390,0.0397850705125031,TRUE
"6726","A69-1602-3207",6726,"Noordzeekanaal","Noordzeekanaal","VR2W-114164",52.465232,4.633992,2017-12-10 18:44:00,2017-12-10 20:57:40,91,NA,NA,NA,47339.100995,43808.133762,TRUE,45415.05276,8,2017-12-10 21:07:25,1606.918998,8605,0.186742475072632,TRUE
"6727","A69-1602-3207",6727,"Noordzeekanaal","Grote sluis NZK","VR2W-114178",52.467488,4.613347,2017-12-10 21:07:25,2017-12-10 22:39:04,82,585,1606.918999,2.74687,48946.019994,45415.05276,TRUE,46839.149901,9,2017-12-10 23:53:47,1424.097141,9982,0.142666513824885,TRUE
"6728","A69-1602-3207",6728,"Noordzeekanaal","Spuisluis Noordzee","VR2W-132408",52.470319,4.594701,2017-12-10 23:53:47,2017-12-11 03:10:27,197,4483,1424.097141,0.317666,50370.117135,46839.149901,NA,NA,NA,NA,NA,NA,NA,TRUE
"6729","A69-1602-3208",6729,"Noordzeekanaal","rel_noordzeekanaal13","none",52.244517,5.047218,2017-10-11 11:30:00,2017-10-11 11:30:00,1,NA,NA,NA,0,0,FALSE,NA,NA,NA,NA,NA,NA,FALSE
"6730","A69-1602-3208",6730,"Noordzeekanaal","Loosdrecht 1","VR2W-119047",52.231981,5.032877,2017-10-16 21:54:41,2017-10-16 22:28:04,45,469481,1872.57753,0.003989,1872.57753,-1872.57753,FALSE,NA,NA,NA,NA,NA,NA,FALSE
"6731","A69-1602-3208",6731,"Noordzeekanaal","ARK Zuid","VR2W-119060",52.185058,4.996343,2017-10-25 02:40:51,2017-10-25 04:15:48,9,706367,16089.337015,0.022778,17961.914545,-14299.59213,FALSE,15386.466378,5,2017-10-26 04:38:22,29686.058508,93451,0.317664428502638,FALSE
"6732","A69-1602-3208",6732,"Noordzeekanaal","ARK Zuid","VR2W-119060",52.185058,4.996343,2017-10-25 05:43:53,2017-10-25 06:15:45,17,NA,NA,NA,17961.914545,-14299.59213,TRUE,15386.466378,5,2017-10-26 04:38:22,29686.058508,82469,0.359966272272005,TRUE
"6733","A69-1602-3208",6733,"Noordzeekanaal","ARK Noord","VR2W-119054",52.355706,4.97029,2017-10-26 04:38:22,2017-10-26 05:22:26,29,80557,21361.529618,0.265173,39323.444163,15386.466378,FALSE,18583.157376,6,2017-11-29 17:24:06,3196.690998,2983544,0.00107144087635376,TRUE
"6734","A69-1602-3208",6734,"Noordzeekanaal","Oranjesluis","VR2W-102056",52.380016,4.955998,2017-11-29 17:24:06,2017-11-29 19:07:42,86,2980900,3196.690998,0.001072,42520.135161,18583.157376,TRUE,21338.467148,7,2017-11-29 21:23:00,2755.309772,14334,0.192221973768662,TRUE
"6735","A69-1602-3208",6735,"Noordzeekanaal","Willem 2 sluis 2","VR2W-130587",52.383677,4.907053,2017-11-29 21:23:00,2017-11-29 21:23:00,1,8118,3423.861235,0.421762,45943.996396,21338.467148,TRUE,32218.320338,8,2017-12-09 21:30:45,10879.85319,864465,0.0125856491471604,TRUE
"6736","A69-1602-3208",6736,"Noordzeekanaal","Overtoom 1","VR2W-119065",52.430117,4.784283,2017-12-09 21:30:45,2017-12-09 21:30:45,1,864465,10962.686843,0.012681,56906.683239,32218.320338,TRUE,43808.133762,9,2017-12-10 03:33:50,11589.813424,21785,0.532008878769796,TRUE
"6737","A69-1602-3208",6737,"Noordzeekanaal","Noordzeekanaal","VR2W-114165",52.462798,4.633995,2017-12-10 03:33:50,2017-12-10 04:26:07,59,21785,11955.458146,0.548793,68862.141385,43808.133762,TRUE,45415.05276,10,2017-12-10 04:41:03,1606.918998,4033,0.398442598065956,TRUE
"6738","A69-1602-3208",6738,"Noordzeekanaal","Grote sluis NZK","VR2W-114178",52.467488,4.613347,2017-12-10 04:41:03,2017-12-10 05:45:45,54,896,1606.918999,1.793436,70469.060384,45415.05276,NA,NA,NA,NA,NA,NA,NA,TRUE
"6739","A69-1602-3208",6739,"Noordzeekanaal","Grote sluis Noordzee","VR2W-132414",52.466907,4.600546,2017-12-10 06:46:20,2017-12-10 07:23:47,60,3635,941.310669,0.258958,71410.371053,46273.529776,NA,NA,NA,NA,NA,NA,NA,TRUE
"6740","A69-1602-3209",6740,"Noordzeekanaal","rel_noordzeekanaal13","none",52.244517,5.047218,2017-10-11 11:30:00,2017-10-11 11:30:00,1,NA,NA,NA,0,0,FALSE,NA,NA,NA,NA,NA,NA,FALSE
"6741","A69-1602-3209",6741,"Noordzeekanaal","Loosdrecht 1","VR2W-119047",52.231981,5.032877,2017-10-11 15:02:57,2017-10-11 16:40:03,54,12777,1872.57753,0.146558,1872.57753,-1872.57753,FALSE,-241.393739,6,2017-12-24 02:25:01,1631.183791,6348124,0.000256955250244009,FALSE
"6742","A69-1602-3209",6742,"Noordzeekanaal","Loosdrecht 1","VR2W-119047",52.231981,5.032877,2017-10-20 23:35:15,2017-10-20 23:59:57,34,NA,NA,NA,1872.57753,-1872.57753,FALSE,-241.393739,6,2017-12-24 02:25:01,1631.183791,5539786,0.000294448881418885,FALSE
"6743","A69-1602-3209",6743,"Noordzeekanaal","Loosdrecht 1","VR2W-119047",52.231981,5.032877,2017-12-23 18:30:51,2017-12-23 19:06:45,43,NA,NA,NA,1872.57753,-1872.57753,FALSE,-241.393739,6,2017-12-24 02:25:01,1631.183791,28450,0.0573351068892794,FALSE
"6744","A69-1602-3209",6744,"Noordzeekanaal","Loosdrecht 1","VR2W-119047",52.231981,5.032877,2017-12-23 23:05:22,2017-12-23 23:55:57,56,NA,NA,NA,1872.57753,-1872.57753,TRUE,-241.393739,6,2017-12-24 02:25:01,1631.183791,11979,0.136170280574338,TRUE
"6745","A69-1602-3209",6745,"Noordzeekanaal","Loosdrecht2a sluis","VR2W-120092",52.243116,5.048159,2017-12-24 02:25:01,2017-12-24 02:25:01,1,8944,1889.732082,0.211285,3762.309612,-241.393739,FALSE,NA,NA,NA,NA,NA,NA,TRUE
"6746","A69-1602-3209",6746,"Noordzeekanaal","Loosdrecht 1","VR2W-119047",52.231981,5.032877,2017-12-24 06:33:17,2017-12-24 06:58:37,32,14896,1889.732082,0.126862,5652.041694,-1872.57753,FALSE,1324.113468,11,2017-12-25 03:23:12,3196.690998,74995,0.0426253883325555,TRUE
"6747","A69-1602-3209",6747,"Noordzeekanaal","Loosdrecht 1","VR2W-119047",52.231981,5.032877,2017-12-24 16:24:58,2017-12-24 16:56:40,29,NA,NA,NA,5652.041694,-1872.57753,FALSE,1324.113468,11,2017-12-25 03:23:12,3196.690998,39494,0.0809411808882362,TRUE
"6748","A69-1602-3209",6748,"Noordzeekanaal","Loosdrecht 1","VR2W-119047",52.231981,5.032877,2017-12-24 21:01:30,2017-12-24 21:31:02,29,NA,NA,NA,5652.041694,-1872.57753,FALSE,1324.113468,11,2017-12-25 03:23:12,3196.690998,22902,0.139581302855646,TRUE
"6749","A69-1602-3209",6749,"Noordzeekanaal","Loosdrecht 1","VR2W-119047",52.231981,5.032877,2017-12-25 00:58:31,2017-12-25 01:34:03,32,NA,NA,NA,5652.041694,-1872.57753,TRUE,1324.113468,11,2017-12-25 03:23:12,3196.690998,8681,0.368239949084207,TRUE
"6750","A69-1602-3209",6750,"Noordzeekanaal","Loosdrecht 3","VR2W-119069",52.256101,5.043167,2017-12-25 03:23:12,2017-12-25 04:05:42,47,6549,3113.858352,0.475471,8765.900046,1324.113468,TRUE,15386.466378,12,2017-12-25 16:27:19,14062.35291,47047,0.298900097987119,TRUE
"6751","A69-1602-3209",6751,"Noordzeekanaal","ARK Noord","VR2W-119054",52.355706,4.97029,2017-12-25 16:27:19,2017-12-25 17:58:44,85,44497,14179.496674,0.318662,22945.39672,15386.466378,FALSE,18583.157376,14,2017-12-25 22:28:25,3196.690998,21666,0.147544124342287,TRUE
"6752","A69-1602-3209",6752,"Noordzeekanaal","ARK Noord","VR2W-119054",52.355706,4.97029,2017-12-25 19:40:12,2017-12-25 20:25:59,44,NA,NA,NA,22945.39672,15386.466378,TRUE,18583.157376,14,2017-12-25 22:28:25,3196.690998,10093,0.316723570593481,TRUE
"6753","A69-1602-3209",6753,"Noordzeekanaal","Oranjesluis","VR2W-102056",52.380016,4.955998,2017-12-25 22:28:25,2017-12-25 22:59:38,34,7346,3196.690998,0.435161,26142.087718,18583.157376,TRUE,43808.133762,15,2018-01-02 19:33:54,25224.976386,680729,0.0370558274820083,TRUE
"6754","A69-1602-3209",6754,"Noordzeekanaal","Noordzeekanaal","VR2W-114164",52.465232,4.633992,2018-01-02 19:33:54,2018-01-02 20:19:20,23,678856,25893.527849,0.038143,52035.615567,43808.133762,TRUE,46132.124745,16,2018-01-02 20:19:26,2323.990983,2732,0.850655557467058,TRUE
"6755","A69-1602-3209",6755,"Noordzeekanaal","Middensluis NZK","VR2W-132417",52.465373,4.601803,2018-01-02 20:19:26,2018-01-02 20:19:26,1,6,2323.990983,387.331831,54359.60655,46132.124745,FALSE,NA,NA,NA,NA,NA,NA,TRUE
"6756","A69-1602-3209",6756,"Noordzeekanaal","Noordzeekanaal","VR2W-114164",52.465232,4.633992,2018-01-02 20:20:01,2018-01-02 20:20:48,2,35,2323.990983,66.399742,56683.597533,43808.133762,TRUE,45415.05276,18,2018-01-02 21:11:47,1606.918998,3106,0.517359625885383,TRUE
"6757","A69-1602-3209",6757,"Noordzeekanaal","Grote sluis NZK","VR2W-114178",52.467488,4.613347,2018-01-02 21:11:47,2018-01-02 21:11:47,1,3059,1606.918999,0.525309,58290.516532,45415.05276,FALSE,NA,NA,NA,NA,NA,NA,TRUE
"6758","A69-1602-3209",6758,"Noordzeekanaal","Noordzeekanaal","VR2W-114165",52.462798,4.633995,2018-01-02 21:25:09,2018-01-02 22:06:41,36,802,1606.918999,2.00364,59897.435531,43808.133762,TRUE,45415.05276,20,2018-01-02 23:32:34,1606.918998,7645,0.21019215147155,TRUE
"6759","A69-1602-3209",6759,"Noordzeekanaal","Grote sluis NZK","VR2W-114178",52.467488,4.613347,2018-01-02 23:32:34,2018-01-03 02:08:54,63,5153,1606.918999,0.311841,61504.35453,45415.05276,FALSE,NA,NA,NA,NA,NA,NA,TRUE
"6760","A69-1602-3209",6760,"Noordzeekanaal","Grote sluis NZK","VR2W-114178",52.467488,4.613347,2018-01-03 03:10:48,2018-01-03 03:43:18,33,NA,NA,NA,61504.35453,45415.05276,NA,NA,NA,NA,NA,NA,NA,TRUE
"6761","A69-1602-3209",6761,"Noordzeekanaal","Grote sluis Noordzee","VR2W-132414",52.466907,4.600546,2018-01-03 04:44:53,2018-01-03 05:05:13,25,3695,941.310669,0.254753,62445.665199,46273.529776,NA,NA,NA,NA,NA,NA,NA,TRUE
"6762","A69-1602-3210",6762,"Noordzeekanaal","rel_noordzeekanaal13","none",52.244517,5.047218,2017-10-11 11:30:00,2017-10-11 11:30:00,1,NA,NA,NA,0,0,FALSE,NA,NA,NA,NA,NA,NA,FALSE
"6763","A69-1602-3210",6763,"Noordzeekanaal","Loosdrecht 1","VR2W-119047",52.231981,5.032877,2017-10-11 17:20:59,2017-10-11 18:04:30,45,21059,1872.57753,0.088921,1872.57753,-1872.57753,FALSE,1324.113468,6,2017-12-22 23:58:06,3196.690998,6244627,0.000511910639018151,FALSE
"6764","A69-1602-3210",6764,"Noordzeekanaal","Loosdrecht 1","VR2W-119047",52.231981,5.032877,2017-12-18 21:46:20,2017-12-18 22:14:04,27,NA,NA,NA,1872.57753,-1872.57753,FALSE,1324.113468,6,2017-12-22 23:58:06,3196.690998,353506,0.00904281963531029,FALSE
"6765","A69-1602-3210",6765,"Noordzeekanaal","Loosdrecht 1","VR2W-119047",52.231981,5.032877,2017-12-19 03:50:12,2017-12-19 04:34:50,43,NA,NA,NA,1872.57753,-1872.57753,FALSE,1324.113468,6,2017-12-22 23:58:06,3196.690998,331674,0.00963805121293801,FALSE
"6766","A69-1602-3210",6766,"Noordzeekanaal","Loosdrecht 1","VR2W-119047",52.231981,5.032877,2017-12-22 20:27:31,2017-12-22 21:27:43,39,NA,NA,NA,1872.57753,-1872.57753,TRUE,1324.113468,6,2017-12-22 23:58:06,3196.690998,12635,0.253002849070044,TRUE
"6767","A69-1602-3210",6767,"Noordzeekanaal","Loosdrecht 3","VR2W-119069",52.256101,5.043167,2017-12-22 23:58:06,2017-12-23 00:52:33,48,9023,3113.858352,0.345102,4986.435882,1324.113468,NA,NA,NA,NA,NA,NA,NA,TRUE
"6768","A69-1602-3211",6768,"Noordzeekanaal","rel_noordzeekanaal13","none",52.244517,5.047218,2017-10-11 11:30:00,2017-10-11 11:30:00,1,NA,NA,NA,0,0,TRUE,1324.113468,2,2017-10-11 21:43:45,1324.113468,36825,0.0359569169857434,TRUE
"6769","A69-1602-3211",6769,"Noordzeekanaal","Loosdrecht 3","VR2W-119069",52.256101,5.043167,2017-10-11 21:43:45,2017-10-11 22:28:50,47,36825,1324.113468,0.035957,1324.113468,1324.113468,TRUE,15386.466378,3,2017-10-14 00:04:38,14062.35291,181253,0.0775841112147109,TRUE
"6770","A69-1602-3211",6770,"Noordzeekanaal","ARK Noord","VR2W-119054",52.355706,4.97029,2017-10-14 00:04:38,2017-10-14 00:21:55,11,178548,14179.496674,0.079416,15503.610142,15386.466378,FALSE,18583.157376,5,2017-11-02 03:31:02,3196.690998,1653984,0.00193272183890533,TRUE
"6771","A69-1602-3211",6771,"Noordzeekanaal","ARK Noord","VR2W-119054",52.355706,4.97029,2017-10-14 04:28:27,2017-10-14 05:03:00,34,NA,NA,NA,15503.610142,15386.466378,FALSE,18583.157376,5,2017-11-02 03:31:02,3196.690998,1638155,0.00195139714984235,TRUE
"6772","A69-1602-3211",6772,"Noordzeekanaal","Oranjesluis","VR2W-102056",52.380016,4.955998,2017-11-02 03:31:02,2017-11-02 04:07:24,51,1636082,3196.690998,0.001954,18700.30114,18583.157376,FALSE,21338.467148,8,2017-11-09 22:11:06,2755.309772,672004,0.00410013894560152,TRUE
"6773","A69-1602-3211",6773,"Noordzeekanaal","Oranjesluis","VR2W-102056",52.380016,4.955998,2017-11-06 05:02:25,2017-11-06 07:05:16,96,NA,NA,NA,18700.30114,18583.157376,FALSE,21338.467148,8,2017-11-09 22:11:06,2755.309772,320921,0.00858563251392087,TRUE
"6774","A69-1602-3211",6774,"Noordzeekanaal","Oranjesluis","VR2W-102056",52.380016,4.955998,2017-11-08 15:53:15,2017-11-08 16:43:12,12,NA,NA,NA,18700.30114,18583.157376,TRUE,21338.467148,8,2017-11-09 22:11:06,2755.309772,109071,0.0252616164883425,TRUE
"6775","A69-1602-3211",6775,"Noordzeekanaal","Willem 2 sluis 2","VR2W-130587",52.383677,4.907053,2017-11-09 22:11:06,2017-11-09 22:11:46,2,106074,3423.861235,0.032278,22124.162375,21338.467148,TRUE,43808.133762,9,2017-11-15 06:17:42,22469.666614,461196,0.0487204282214069,TRUE
"6776","A69-1602-3211",6776,"Noordzeekanaal","Noordzeekanaal","VR2W-114165",52.462798,4.633995,2017-11-15 06:17:42,2017-11-15 07:07:50,37,461156,22552.500267,0.048904,44676.662642,43808.133762,TRUE,45415.05276,10,2017-11-15 07:10:23,1606.918998,3161,0.508357797532427,TRUE
"6777","A69-1602-3211",6777,"Noordzeekanaal","Grote sluis NZK","VR2W-114178",52.467488,4.613347,2017-11-15 07:10:23,2017-11-15 07:10:23,1,153,1606.918999,10.502739,46283.581641,45415.05276,TRUE,47049.173139,12,2017-11-15 19:45:30,1634.120379,45307,0.036067724170658,TRUE
"6778","A69-1602-3211",6778,"Noordzeekanaal","Middensluis NZK","VR2W-132417",52.465373,4.601803,2017-11-15 14:53:41,2017-11-15 19:45:16,147,27798,882.739291,0.031755,47166.320932,46132.124745,NA,NA,NA,NA,NA,NA,NA,TRUE
"6779","A69-1602-3211",6779,"Noordzeekanaal","Kleine sluis Noordzee","VR2W-132413",52.463762,4.587267,2017-11-15 19:45:30,2017-11-15 19:53:17,8,14,1082.7157,77.336836,48249.036632,47049.173139,NA,NA,NA,NA,NA,NA,NA,TRUE
"6780","A69-1602-3212",6780,"Noordzeekanaal","rel_noordzeekanaal13","none",52.244517,5.047218,2017-10-11 11:30:00,2017-10-11 11:30:00,1,NA,NA,NA,0,0,FALSE,NA,NA,NA,NA,NA,NA,FALSE
"6781","A69-1602-3212",6781,"Noordzeekanaal","Loosdrecht2a sluis","VR2W-120092",52.243116,5.048159,2017-10-11 15:22:25,2017-10-11 15:22:25,1,13945,241.393739,0.01731,241.393739,-241.393739,FALSE,1324.113468,3,2017-10-14 17:31:57,1565.507207,266972,0.00586393781744902,FALSE
"6782","A69-1602-3212",6782,"Noordzeekanaal","Loosdrecht 3","VR2W-119069",52.256101,5.043167,2017-10-14 17:31:57,2017-10-14 18:28:53,57,266972,1565.507207,0.005864,1806.900946,1324.113468,TRUE,29518.641832,4,2017-11-06 21:38:21,28194.528364,2001984,0.0140832935547936,TRUE
"6783","A69-1602-3212",6783,"Noordzeekanaal","Muiden","VR2W-119048",52.32631,5.064354,2017-11-06 21:38:21,2017-11-07 04:00:05,277,1998568,28311.672127,0.014166,30118.573073,29518.641832,FALSE,43808.133762,13,2017-11-25 22:18:01,14289.49193,1643980,0.00869201080913393,TRUE
"6784","A69-1602-3212",6784,"Noordzeekanaal","Muiden","VR2W-119048",52.32631,5.064354,2017-11-07 17:14:46,2017-11-07 17:36:42,21,NA,NA,NA,30118.573073,29518.641832,FALSE,NA,NA,NA,NA,NA,NA,TRUE
"6785","A69-1602-3212",6785,"Noordzeekanaal","ARK Noord","VR2W-119054",52.355706,4.97029,2017-11-16 23:56:20,2017-11-17 00:23:45,22,800378,14132.175454,0.017657,44250.748527,15386.466378,TRUE,18583.157376,7,2017-11-17 01:35:51,3196.690998,5971,0.535369452018087,TRUE
"6786","A69-1602-3212",6786,"Noordzeekanaal","Oranjesluis","VR2W-102056",52.380016,4.955998,2017-11-17 01:35:51,2017-11-17 02:36:19,30,4326,3196.690998,0.738948,47447.439525,18583.157376,FALSE,21338.467148,12,2017-11-24 14:14:57,2755.309772,650346,0.00423668289187602,TRUE
"6787","A69-1602-3212",6787,"Noordzeekanaal","Oranjesluis","VR2W-102056",52.380016,4.955998,2017-11-23 17:39:00,2017-11-23 18:09:34,5,NA,NA,NA,47447.439525,18583.157376,FALSE,21338.467148,12,2017-11-24 14:14:57,2755.309772,74157,0.0371550868023248,TRUE
"6788","A69-1602-3212",6788,"Noordzeekanaal","Oranjesluis","VR2W-114163",52.382553,4.959779,2017-11-23 23:50:12,2017-11-24 00:32:46,7,NA,NA,NA,47447.439525,18583.157376,FALSE,21338.467148,12,2017-11-24 14:14:57,2755.309772,51885,0.0531041682952684,TRUE
"6789","A69-1602-3212",6789,"Noordzeekanaal","Oranjesluis","VR2W-114163",52.382553,4.959779,2017-11-24 03:26:28,2017-11-24 05:17:53,104,NA,NA,NA,47447.439525,18583.157376,FALSE,21338.467148,12,2017-11-24 14:14:57,2755.309772,38909,0.0708142016500039,TRUE
"6790","A69-1602-3212",6790,"Noordzeekanaal","Oranjesluis","VR2W-102056",52.380016,4.955998,2017-11-24 08:28:37,2017-11-24 09:13:52,32,NA,NA,NA,47447.439525,18583.157376,TRUE,21338.467148,12,2017-11-24 14:14:57,2755.309772,20780,0.132594310490857,TRUE
"6791","A69-1602-3212",6791,"Noordzeekanaal","Willem 2 sluis 2","VR2W-130587",52.383677,4.907053,2017-11-24 14:14:57,2017-11-24 14:14:57,1,18065,3423.861235,0.18953,50871.30076,21338.467148,TRUE,43808.133762,13,2017-11-25 22:18:01,22469.666614,115384,0.194738149258129,TRUE
"6792","A69-1602-3212",6792,"Noordzeekanaal","Noordzeekanaal","VR2W-114165",52.462798,4.633995,2017-11-25 22:18:01,2017-11-25 22:38:21,30,115384,22552.500267,0.195456,73423.801027,43808.133762,TRUE,45415.05276,14,2017-11-25 23:12:16,1606.918998,3255,0.493677111520738,TRUE
"6793","A69-1602-3212",6793,"Noordzeekanaal","Grote sluis NZK","VR2W-114178",52.467488,4.613347,2017-11-25 23:12:16,2017-11-25 23:16:08,3,2035,1606.918999,0.789641,75030.720026,45415.05276,FALSE,NA,NA,NA,NA,NA,NA,TRUE
"6794","A69-1602-3212",6794,"Noordzeekanaal","Noordzeekanaal","VR2W-114165",52.462798,4.633995,2017-11-25 23:41:59,2017-11-26 00:12:06,31,1551,1606.918999,1.036054,76637.639025,43808.133762,TRUE,46839.149901,16,2017-11-26 01:04:30,3031.016139,4951,0.61220281539083,TRUE
"6795","A69-1602-3212",6795,"Noordzeekanaal","Spuisluis Noordzee","VR2W-132408",52.470319,4.594701,2017-11-26 01:04:30,2017-11-26 01:15:22,26,3144,3031.016139,0.964064,79668.655164,46839.149901,NA,NA,NA,NA,NA,NA,NA,TRUE
"6796","A69-1602-3213",6796,"Noordzeekanaal","rel_noordzeekanaal13","none",52.244517,5.047218,2017-10-26 14:00:00,2017-10-26 14:00:00,1,NA,NA,NA,0,0,FALSE,NA,NA,NA,NA,NA,NA,FALSE
"6797","A69-1602-3213",6797,"Noordzeekanaal","Loosdrecht2a sluis","VR2W-120092",52.243116,5.048159,2017-10-26 20:42:05,2017-10-26 20:58:01,6,24125,241.393739,0.010006,241.393739,-241.393739,FALSE,NA,NA,NA,NA,NA,NA,FALSE
"6798","A69-1602-3213",6798,"Noordzeekanaal","Loosdrecht 1","VR2W-119047",52.231981,5.032877,2017-10-29 20:45:34,2017-10-30 12:59:31,1307,258453,1889.732082,0.007312,2131.125821,-1872.57753,FALSE,1324.113468,7,2018-01-02 01:37:48,3196.690998,5547134,0.000576277947855595,FALSE
"6799","A69-1602-3213",6799,"Noordzeekanaal","Loosdrecht 1","VR2W-119047",52.231981,5.032877,2017-10-30 17:11:53,2017-10-31 03:31:51,427,NA,NA,NA,2131.125821,-1872.57753,FALSE,1324.113468,7,2018-01-02 01:37:48,3196.690998,5473555,0.000584024641754765,FALSE
"6800","A69-1602-3213",6800,"Noordzeekanaal","Loosdrecht 1","VR2W-119047",52.231981,5.032877,2017-11-12 22:42:03,2017-11-12 22:42:03,1,NA,NA,NA,2131.125821,-1872.57753,FALSE,1324.113468,7,2018-01-02 01:37:48,3196.690998,4330545,0.000738172908490733,FALSE
"6801","A69-1602-3213",6801,"Noordzeekanaal","Loosdrecht 1","VR2W-119047",52.231981,5.032877,2018-01-01 17:55:44,2018-01-01 20:36:34,106,NA,NA,NA,2131.125821,-1872.57753,TRUE,1324.113468,7,2018-01-02 01:37:48,3196.690998,27724,0.11530410467465,TRUE
"6802","A69-1602-3213",6802,"Noordzeekanaal","Loosdrecht 3","VR2W-119069",52.256101,5.043167,2018-01-02 01:37:48,2018-01-02 02:25:40,52,18074,3113.858352,0.172284,5244.984173,1324.113468,TRUE,15386.466378,8,2018-01-02 20:11:10,14062.35291,66802,0.210507962486153,TRUE
"6803","A69-1602-3213",6803,"Noordzeekanaal","ARK Noord","VR2W-119054",52.355706,4.97029,2018-01-02 20:11:10,2018-01-02 20:47:21,20,63930,14179.496674,0.221797,19424.480847,15386.466378,TRUE,21338.467148,9,2018-01-08 01:49:00,5952.00077,452270,0.0131602820660225,TRUE
"6804","A69-1602-3213",6804,"Noordzeekanaal","Willem 2 sluis 2","VR2W-130587",52.383677,4.907053,2018-01-08 01:49:00,2018-01-08 01:49:53,2,450099,5952.00077,0.013224,25376.481617,21338.467148,TRUE,43808.133762,10,2018-01-26 10:09:22,22469.666614,1585222,0.0141744604944923,TRUE
"6805","A69-1602-3213",6805,"Noordzeekanaal","Noordzeekanaal","VR2W-114165",52.462798,4.633995,2018-01-26 10:09:22,2018-01-26 13:19:28,62,1585169,22552.500267,0.014227,47928.981884,43808.133762,TRUE,45415.05276,11,2018-01-26 13:20:21,1606.918998,11459,0.140232044506502,TRUE
"6806","A69-1602-3213",6806,"Noordzeekanaal","Grote sluis NZK","VR2W-114178",52.467488,4.613347,2018-01-26 13:20:21,2018-01-26 13:20:21,1,53,1606.918999,30.319226,49535.900883,45415.05276,FALSE,NA,NA,NA,NA,NA,NA,TRUE
"6807","A69-1602-3213",6807,"Noordzeekanaal","Noordzeekanaal","VR2W-114165",52.462798,4.633995,2018-01-26 13:24:02,2018-01-26 13:28:40,5,221,1606.918999,7.271127,51142.819882,43808.133762,TRUE,45415.05276,13,2018-01-26 13:32:10,1606.918998,488,3.29286679918033,TRUE
"6808","A69-1602-3213",6808,"Noordzeekanaal","Grote sluis NZK","VR2W-114178",52.467488,4.613347,2018-01-26 13:32:10,2018-01-26 13:32:10,1,210,1606.918999,7.651995,52749.738881,45415.05276,FALSE,NA,NA,NA,NA,NA,NA,TRUE
"6809","A69-1602-3213",6809,"Noordzeekanaal","Noordzeekanaal","VR2W-114165",52.462798,4.633995,2018-01-26 13:32:57,2018-01-26 13:33:37,2,47,1606.918999,34.189766,54356.65788,43808.133762,TRUE,45415.05276,15,2018-01-26 13:51:13,1606.918998,1096,1.4661669689781,TRUE
"6810","A69-1602-3213",6810,"Noordzeekanaal","Grote sluis NZK","VR2W-114178",52.467488,4.613347,2018-01-26 13:51:13,2018-01-26 16:53:15,70,1056,1606.918999,1.521704,55963.576879,45415.05276,FALSE,NA,NA,NA,NA,NA,NA,TRUE
"6811","A69-1602-3213",6811,"Noordzeekanaal","Noordzeekanaal","VR2W-114165",52.462798,4.633995,2018-01-26 16:53:24,2018-01-26 16:53:24,1,9,1606.918999,178.546555,57570.495878,43808.133762,TRUE,45415.05276,17,2018-01-26 16:54:08,1606.918998,44,36.5208863181818,TRUE
"6812","A69-1602-3213",6812,"Noordzeekanaal","Grote sluis NZK","VR2W-114178",52.467488,4.613347,2018-01-26 16:54:08,2018-01-26 16:54:08,1,44,1606.918999,36.520886,59177.414877,45415.05276,FALSE,NA,NA,NA,NA,NA,NA,TRUE
"6813","A69-1602-3213",6813,"Noordzeekanaal","Noordzeekanaal","VR2W-114165",52.462798,4.633995,2018-01-26 16:54:14,2018-01-26 16:54:14,1,6,1606.918999,267.819833,60784.333876,43808.133762,TRUE,45415.05276,19,2018-01-26 16:57:22,1606.918998,188,8.54744147872341,TRUE
"6814","A69-1602-3213",6814,"Noordzeekanaal","Grote sluis NZK","VR2W-114178",52.467488,4.613347,2018-01-26 16:57:22,2018-01-26 17:17:32,17,188,1606.918999,8.547441,62391.252875,45415.05276,FALSE,NA,NA,NA,NA,NA,NA,TRUE
"6815","A69-1602-3213",6815,"Noordzeekanaal","Noordzeekanaal","VR2W-114165",52.462798,4.633995,2018-01-26 17:17:35,2018-01-26 17:17:35,1,3,1606.918999,535.639666,63998.171874,43808.133762,TRUE,45415.05276,21,2018-01-26 17:18:23,1606.918998,48,33.477479125,TRUE
"6816","A69-1602-3213",6816,"Noordzeekanaal","Grote sluis NZK","VR2W-114178",52.467488,4.613347,2018-01-26 17:18:23,2018-01-26 17:20:47,4,48,1606.918999,33.477479,65605.090873,45415.05276,FALSE,NA,NA,NA,NA,NA,NA,TRUE
"6817","A69-1602-3213",6817,"Noordzeekanaal","Noordzeekanaal","VR2W-114165",52.462798,4.633995,2018-01-26 17:21:25,2018-01-26 17:22:42,2,38,1606.918999,42.287342,67212.009872,43808.133762,TRUE,45415.05276,23,2018-01-26 17:23:18,1606.918998,113,14.2205221061947,TRUE
"6818","A69-1602-3213",6818,"Noordzeekanaal","Grote sluis NZK","VR2W-114178",52.467488,4.613347,2018-01-26 17:23:18,2018-01-26 17:41:07,15,36,1606.918999,44.636639,68818.928871,45415.05276,FALSE,NA,NA,NA,NA,NA,NA,TRUE
"6819","A69-1602-3213",6819,"Noordzeekanaal","Noordzeekanaal","VR2W-114165",52.462798,4.633995,2018-01-26 17:41:39,2018-01-26 17:41:39,1,32,1606.918999,50.216219,70425.84787,43808.133762,TRUE,45415.05276,25,2018-01-26 17:42:00,1606.918998,21,76.5199522857143,TRUE
"6820","A69-1602-3213",6820,"Noordzeekanaal","Grote sluis NZK","VR2W-114178",52.467488,4.613347,2018-01-26 17:42:00,2018-01-26 17:45:09,4,21,1606.918999,76.519952,72032.766869,45415.05276,FALSE,NA,NA,NA,NA,NA,NA,TRUE
"6821","A69-1602-3213",6821,"Noordzeekanaal","Noordzeekanaal","VR2W-114165",52.462798,4.633995,2018-01-26 17:48:06,2018-01-26 17:48:06,1,177,1606.918999,9.078638,73639.685868,43808.133762,TRUE,45415.05276,27,2018-01-26 17:48:46,1606.918998,40,40.17297495,TRUE
"6822","A69-1602-3213",6822,"Noordzeekanaal","Grote sluis NZK","VR2W-114178",52.467488,4.613347,2018-01-26 17:48:46,2018-01-26 17:48:46,1,40,1606.918999,40.172975,75246.604867,45415.05276,FALSE,NA,NA,NA,NA,NA,NA,TRUE
"6823","A69-1602-3213",6823,"Noordzeekanaal","Noordzeekanaal","VR2W-114165",52.462798,4.633995,2018-01-26 17:48:57,2018-01-26 17:48:57,1,11,1606.918999,146.083545,76853.523866,43808.133762,TRUE,45415.05276,29,2018-01-26 17:49:22,1606.918998,25,64.27675992,TRUE
"6824","A69-1602-3213",6824,"Noordzeekanaal","Grote sluis NZK","VR2W-114178",52.467488,4.613347,2018-01-26 17:49:22,2018-01-26 17:53:49,6,25,1606.918999,64.27676,78460.442865,45415.05276,FALSE,NA,NA,NA,NA,NA,NA,TRUE
"6825","A69-1602-3213",6825,"Noordzeekanaal","Noordzeekanaal","VR2W-114165",52.462798,4.633995,2018-01-26 17:54:34,2018-01-26 17:56:12,3,45,1606.918999,35.709311,80067.361864,43808.133762,TRUE,45415.05276,31,2018-01-26 17:57:01,1606.918998,147,10.931421755102,TRUE
"6826","A69-1602-3213",6826,"Noordzeekanaal","Grote sluis NZK","VR2W-114178",52.467488,4.613347,2018-01-26 17:57:01,2018-01-26 18:01:08,6,49,1606.918999,32.794265,81674.280863,45415.05276,FALSE,NA,NA,NA,NA,NA,NA,TRUE
"6827","A69-1602-3213",6827,"Noordzeekanaal","Noordzeekanaal","VR2W-114165",52.462798,4.633995,2018-01-26 18:11:38,2018-01-26 18:11:38,1,630,1606.918999,2.550665,83281.199862,43808.133762,TRUE,45980.672885,33,2018-01-26 19:05:15,2172.539123,3217,0.675330781162575,TRUE
"6828","A69-1602-3213",6828,"Noordzeekanaal","Spuisluis NZK","VR2W-114167",52.470646,4.607811,2018-01-26 19:05:15,2018-01-26 21:55:03,189,3217,2172.539123,0.675331,85453.738985,45980.672885,FALSE,NA,NA,NA,NA,NA,NA,TRUE
"6829","A69-1602-3213",6829,"Noordzeekanaal","Noordzeekanaal","VR2W-114165",52.462798,4.633995,2018-01-26 22:53:24,2018-01-26 22:54:51,2,3501,2172.539123,0.620548,87626.278108,43808.133762,TRUE,45415.05276,35,2018-01-26 22:54:52,1606.918998,88,18.2604431590909,TRUE
"6830","A69-1602-3213",6830,"Noordzeekanaal","Grote sluis NZK","VR2W-114178",52.467488,4.613347,2018-01-26 22:54:52,2018-01-26 22:54:52,1,1,1606.918999,1606.918999,89233.197107,45415.05276,FALSE,NA,NA,NA,NA,NA,NA,TRUE
"6831","A69-1602-3213",6831,"Noordzeekanaal","Noordzeekanaal","VR2W-114165",52.462798,4.633995,2018-01-26 22:55:32,2018-01-26 22:55:32,1,40,1606.918999,40.172975,90840.116106,43808.133762,TRUE,45415.05276,37,2018-01-26 22:55:38,1606.918998,6,267.819833,TRUE
"6832","A69-1602-3213",6832,"Noordzeekanaal","Grote sluis NZK","VR2W-114178",52.467488,4.613347,2018-01-26 22:55:38,2018-01-26 23:02:43,6,6,1606.918999,267.819833,92447.035105,45415.05276,FALSE,NA,NA,NA,NA,NA,NA,TRUE
"6833","A69-1602-3213",6833,"Noordzeekanaal","Noordzeekanaal","VR2W-114165",52.462798,4.633995,2018-01-26 23:03:24,2018-01-26 23:06:41,4,41,1606.918999,39.193146,94053.954104,43808.133762,TRUE,45415.05276,39,2018-01-26 23:09:08,1606.918998,344,4.67127615697675,TRUE
"6834","A69-1602-3213",6834,"Noordzeekanaal","Grote sluis NZK","VR2W-114178",52.467488,4.613347,2018-01-26 23:09:08,2018-01-26 23:12:42,5,147,1606.918999,10.931422,95660.873103,45415.05276,FALSE,NA,NA,NA,NA,NA,NA,TRUE
"6835","A69-1602-3213",6835,"Noordzeekanaal","Noordzeekanaal","VR2W-114164",52.465232,4.633992,2018-01-26 23:13:33,2018-01-26 23:18:59,3,51,1606.918999,31.508216,97267.792102,43808.133762,TRUE,46132.124745,41,2018-01-26 23:26:33,2323.990983,780,2.97947561923077,TRUE
"6836","A69-1602-3213",6836,"Noordzeekanaal","Middensluis NZK","VR2W-132417",52.465373,4.601803,2018-01-26 23:26:33,2018-01-27 01:46:19,101,454,2323.990983,5.118923,99591.783085,46132.124745,FALSE,NA,NA,NA,NA,NA,NA,TRUE
"6837","A69-1602-3213",6837,"Noordzeekanaal","Noordzeekanaal","VR2W-114164",52.465232,4.633992,2018-01-27 01:47:27,2018-01-27 01:47:27,1,68,2323.990983,34.176338,101915.774068,43808.133762,TRUE,46132.124745,43,2018-01-27 01:47:59,2323.990983,32,72.6247182187501,TRUE
"6838","A69-1602-3213",6838,"Noordzeekanaal","Middensluis NZK","VR2W-132417",52.465373,4.601803,2018-01-27 01:47:59,2018-01-27 02:03:05,10,32,2323.990983,72.624718,104239.765051,46132.124745,FALSE,NA,NA,NA,NA,NA,NA,TRUE
"6839","A69-1602-3213",6839,"Noordzeekanaal","Noordzeekanaal","VR2W-114165",52.462798,4.633995,2018-01-27 02:06:45,2018-01-27 02:08:17,3,220,2323.990983,10.563595,106563.756034,43808.133762,TRUE,45415.05276,45,2018-01-27 02:08:30,1606.918998,105,15.3039904571429,TRUE
"6840","A69-1602-3213",6840,"Noordzeekanaal","Grote sluis NZK","VR2W-114178",52.467488,4.613347,2018-01-27 02:08:30,2018-01-27 02:08:30,1,13,1606.918999,123.609154,108170.675033,45415.05276,FALSE,NA,NA,NA,NA,NA,NA,TRUE
"6841","A69-1602-3213",6841,"Noordzeekanaal","Noordzeekanaal","VR2W-114165",52.462798,4.633995,2018-01-27 02:09:02,2018-01-27 02:09:02,1,32,1606.918999,50.216219,109777.594032,43808.133762,TRUE,45415.05276,47,2018-01-27 02:09:21,1606.918998,19,84.5746841052632,TRUE
"6842","A69-1602-3213",6842,"Noordzeekanaal","Grote sluis NZK","VR2W-114178",52.467488,4.613347,2018-01-27 02:09:21,2018-01-27 02:09:21,1,19,1606.918999,84.574684,111384.513031,45415.05276,FALSE,NA,NA,NA,NA,NA,NA,TRUE
"6843","A69-1602-3213",6843,"Noordzeekanaal","Noordzeekanaal","VR2W-114165",52.462798,4.633995,2018-01-27 02:09:40,2018-01-27 02:09:40,1,19,1606.918999,84.574684,112991.43203,43808.133762,TRUE,45415.05276,49,2018-01-27 02:10:09,1606.918998,29,55.4109999310345,TRUE
"6844","A69-1602-3213",6844,"Noordzeekanaal","Grote sluis NZK","VR2W-114178",52.467488,4.613347,2018-01-27 02:10:09,2018-01-27 02:12:29,4,29,1606.918999,55.411,114598.351029,45415.05276,FALSE,NA,NA,NA,NA,NA,NA,TRUE
"6845","A69-1602-3213",6845,"Noordzeekanaal","Noordzeekanaal","VR2W-114165",52.462798,4.633995,2018-01-27 02:12:46,2018-01-27 02:12:46,1,17,1606.918999,94.524647,116205.270028,43808.133762,TRUE,45415.05276,51,2018-01-27 02:13:11,1606.918998,25,64.27675992,TRUE
"6846","A69-1602-3213",6846,"Noordzeekanaal","Grote sluis NZK","VR2W-114178",52.467488,4.613347,2018-01-27 02:13:11,2018-01-27 02:13:11,1,25,1606.918999,64.27676,117812.189027,45415.05276,FALSE,NA,NA,NA,NA,NA,NA,TRUE
"6847","A69-1602-3213",6847,"Noordzeekanaal","Noordzeekanaal","VR2W-114165",52.462798,4.633995,2018-01-27 02:13:55,2018-01-27 02:13:55,1,44,1606.918999,36.520886,119419.108026,43808.133762,TRUE,45415.05276,53,2018-01-27 02:14:00,1606.918998,5,321.3837996,TRUE
"6848","A69-1602-3213",6848,"Noordzeekanaal","Grote sluis NZK","VR2W-114178",52.467488,4.613347,2018-01-27 02:14:00,2018-01-27 02:16:06,3,5,1606.918999,321.3838,121026.027025,45415.05276,FALSE,NA,NA,NA,NA,NA,NA,TRUE
"6849","A69-1602-3213",6849,"Noordzeekanaal","Noordzeekanaal","VR2W-114165",52.462798,4.633995,2018-01-27 02:16:42,2018-01-27 02:16:42,1,36,1606.918999,44.636639,122632.946024,43808.133762,TRUE,45415.05276,55,2018-01-27 02:16:57,1606.918998,15,107.1279332,TRUE
"6850","A69-1602-3213",6850,"Noordzeekanaal","Grote sluis NZK","VR2W-114178",52.467488,4.613347,2018-01-27 02:16:57,2018-01-27 02:23:14,6,15,1606.918999,107.127933,124239.865023,45415.05276,FALSE,NA,NA,NA,NA,NA,NA,TRUE
"6851","A69-1602-3213",6851,"Noordzeekanaal","Noordzeekanaal","VR2W-114165",52.462798,4.633995,2018-01-27 02:23:29,2018-01-27 02:25:48,2,15,1606.918999,107.127933,125846.784022,43808.133762,TRUE,45415.05276,57,2018-01-27 02:28:22,1606.918998,293,5.48436518088738,TRUE
"6852","A69-1602-3213",6852,"Noordzeekanaal","Grote sluis NZK","VR2W-114178",52.467488,4.613347,2018-01-27 02:28:22,2018-01-27 02:31:32,5,154,1606.918999,10.434539,127453.703021,45415.05276,FALSE,NA,NA,NA,NA,NA,NA,TRUE
"6853","A69-1602-3213",6853,"Noordzeekanaal","Noordzeekanaal","VR2W-114165",52.462798,4.633995,2018-01-27 02:34:46,2018-01-27 02:48:02,7,194,1606.918999,8.283088,129060.62202,43808.133762,TRUE,45980.672885,59,2018-01-27 03:30:49,2172.539123,3363,0.646012228070176,TRUE
"6854","A69-1602-3213",6854,"Noordzeekanaal","Spuisluis NZK","VR2W-114167",52.470646,4.607811,2018-01-27 03:30:49,2018-01-27 06:07:11,123,2567,2172.539123,0.846334,131233.161143,45980.672885,NA,NA,NA,NA,NA,NA,NA,TRUE
"6855","A69-1602-3214",6855,"Noordzeekanaal","rel_noordzeekanaal13","none",52.244517,5.047218,2017-10-26 14:00:00,2017-10-26 14:00:00,1,NA,NA,NA,0,0,FALSE,NA,NA,NA,NA,NA,NA,FALSE
"6856","A69-1602-3214",6856,"Noordzeekanaal","Loosdrecht2a sluis","VR2W-120092",52.243116,5.048159,2017-10-26 17:38:56,2017-10-26 17:38:56,1,13136,241.393739,0.018377,241.393739,-241.393739,FALSE,1324.113468,3,2017-10-28 23:06:01,1565.507207,192425,0.00813567471482396,FALSE
"6857","A69-1602-3214",6857,"Noordzeekanaal","Loosdrecht 3","VR2W-119069",52.256101,5.043167,2017-10-28 23:06:01,2017-10-28 23:38:58,36,192425,1565.507207,0.008136,1806.900946,1324.113468,FALSE,15386.466378,10,2017-12-04 12:26:41,14062.35291,3158440,0.00445230965603273,FALSE
"6858","A69-1602-3214",6858,"Noordzeekanaal","Loosdrecht 3","VR2W-119069",52.256101,5.043167,2017-10-29 04:20:48,2017-10-29 04:59:12,40,NA,NA,NA,1806.900946,1324.113468,FALSE,NA,NA,NA,NA,NA,NA,FALSE
"6859","A69-1602-3214",6859,"Noordzeekanaal","Loosdrecht 1","VR2W-119047",52.231981,5.032877,2017-10-30 21:13:09,2017-10-30 22:59:59,88,144837,3113.858352,0.021499,4920.759298,-1872.57753,FALSE,1324.113468,9,2017-11-20 23:27:16,3196.690998,1822447,0.00175406527487493,FALSE
"6860","A69-1602-3214",6860,"Noordzeekanaal","Loosdrecht 1","VR2W-119047",52.231981,5.032877,2017-10-31 02:56:01,2017-10-31 03:10:36,17,NA,NA,NA,4920.759298,-1872.57753,FALSE,1324.113468,9,2017-11-20 23:27:16,3196.690998,1801875,0.0017740914314256,FALSE
"6861","A69-1602-3214",6861,"Noordzeekanaal","Loosdrecht 1","VR2W-119047",52.231981,5.032877,2017-10-31 05:04:28,2017-10-31 05:27:12,26,NA,NA,NA,4920.759298,-1872.57753,FALSE,1324.113468,9,2017-11-20 23:27:16,3196.690998,1794168,0.00178171219083163,FALSE
"6862","A69-1602-3214",6862,"Noordzeekanaal","Loosdrecht 1","VR2W-119047",52.231981,5.032877,2017-11-20 19:09:47,2017-11-20 19:30:26,13,NA,NA,NA,4920.759298,-1872.57753,TRUE,1324.113468,9,2017-11-20 23:27:16,3196.690998,15449,0.206918959026474,TRUE
"6863","A69-1602-3214",6863,"Noordzeekanaal","Loosdrecht 3","VR2W-119069",52.256101,5.043167,2017-11-20 23:27:16,2017-11-21 01:21:16,61,14210,3113.858352,0.219131,8034.61765,1324.113468,TRUE,15386.466378,10,2017-12-04 12:26:41,14062.35291,1169965,0.0120194646079156,TRUE
"6864","A69-1602-3214",6864,"Noordzeekanaal","ARK Noord","VR2W-119054",52.355706,4.97029,2017-12-04 12:26:41,2017-12-08 06:39:01,3893,1163125,14179.496674,0.012191,22214.114324,15386.466378,FALSE,18583.157376,17,2017-12-22 10:59:29,3196.690998,1549968,0.00206242386810566,TRUE
"6865","A69-1602-3214",6865,"Noordzeekanaal","ARK Noord","VR2W-119054",52.355706,4.97029,2017-12-08 07:50:43,2017-12-08 09:55:33,10,NA,NA,NA,22214.114324,15386.466378,FALSE,18583.157376,17,2017-12-22 10:59:29,3196.690998,1220926,0.00261825122734711,TRUE
"6866","A69-1602-3214",6866,"Noordzeekanaal","ARK Noord","VR2W-119054",52.355706,4.97029,2017-12-08 11:14:30,2017-12-08 15:47:23,51,NA,NA,NA,22214.114324,15386.466378,FALSE,18583.157376,17,2017-12-22 10:59:29,3196.690998,1208699,0.00264473702551256,TRUE
"6867","A69-1602-3214",6867,"Noordzeekanaal","ARK Noord","VR2W-119054",52.355706,4.97029,2017-12-08 17:33:10,2017-12-08 19:03:27,20,NA,NA,NA,22214.114324,15386.466378,FALSE,18583.157376,17,2017-12-22 10:59:29,3196.690998,1185979,0.00269540269937326,TRUE
"6868","A69-1602-3214",6868,"Noordzeekanaal","ARK Noord","VR2W-119054",52.355706,4.97029,2017-12-08 20:15:24,2017-12-09 02:15:53,162,NA,NA,NA,22214.114324,15386.466378,FALSE,18583.157376,17,2017-12-22 10:59:29,3196.690998,1176245,0.00271770846889891,TRUE
"6869","A69-1602-3214",6869,"Noordzeekanaal","ARK Noord","VR2W-119054",52.355706,4.97029,2017-12-09 04:48:33,2017-12-09 05:34:13,19,NA,NA,NA,22214.114324,15386.466378,FALSE,18583.157376,17,2017-12-22 10:59:29,3196.690998,1145456,0.00279075843856071,TRUE
"6870","A69-1602-3214",6870,"Noordzeekanaal","ARK Noord","VR2W-119054",52.355706,4.97029,2017-12-09 06:42:02,2017-12-09 19:26:32,214,NA,NA,NA,22214.114324,15386.466378,FALSE,18583.157376,17,2017-12-22 10:59:29,3196.690998,1138647,0.00280744690672351,TRUE
"6871","A69-1602-3214",6871,"Noordzeekanaal","Oranjesluis","VR2W-102056",52.380016,4.955998,2017-12-22 10:59:29,2017-12-22 14:36:11,67,1092777,3196.690998,0.002925,25410.805322,18583.157376,NA,NA,NA,NA,NA,NA,NA,TRUE
"6872","A69-1602-3215",6872,"Noordzeekanaal","rel_noordzeekanaal13","none",52.244517,5.047218,2017-10-26 14:00:00,2017-10-26 14:00:00,1,NA,NA,NA,0,0,FALSE,NA,NA,NA,NA,NA,NA,FALSE
"6873","A69-1602-3215",6873,"Noordzeekanaal","Loosdrecht 1","VR2W-119047",52.231981,5.032877,2017-10-26 16:13:38,2017-10-27 01:10:56,716,8018,1872.57753,0.233547,1872.57753,-1872.57753,FALSE,1324.113468,65,2018-01-04 02:56:26,3196.690998,6000168,0.000532766915526365,FALSE
"6874","A69-1602-3215",6874,"Noordzeekanaal","Loosdrecht 1","VR2W-119047",52.231981,5.032877,2017-11-03 16:56:26,2017-11-03 17:37:40,54,NA,NA,NA,1872.57753,-1872.57753,FALSE,1324.113468,65,2018-01-04 02:56:26,3196.690998,5306400,0.000602421792175486,FALSE
"6875","A69-1602-3215",6875,"Noordzeekanaal","Loosdrecht 1","VR2W-119047",52.231981,5.032877,2017-11-03 19:50:05,2017-11-04 21:38:58,2099,NA,NA,NA,1872.57753,-1872.57753,FALSE,1324.113468,65,2018-01-04 02:56:26,3196.690998,5295981,0.000603606961203222,FALSE
"6876","A69-1602-3215",6876,"Noordzeekanaal","Loosdrecht 1","VR2W-119047",52.231981,5.032877,2017-11-06 19:39:03,2017-11-20 05:17:16,17873,NA,NA,NA,1872.57753,-1872.57753,FALSE,1324.113468,65,2018-01-04 02:56:26,3196.690998,5037443,0.000634586038591404,FALSE
"6877","A69-1602-3215",6877,"Noordzeekanaal","Loosdrecht 1","VR2W-119047",52.231981,5.032877,2017-11-20 07:37:41,2017-11-20 08:53:15,3,NA,NA,NA,1872.57753,-1872.57753,FALSE,1324.113468,65,2018-01-04 02:56:26,3196.690998,3871125,0.00082577829390681,FALSE
"6878","A69-1602-3215",6878,"Noordzeekanaal","Loosdrecht 1","VR2W-119047",52.231981,5.032877,2017-11-20 10:45:26,2017-11-27 05:29:53,9850,NA,NA,NA,1872.57753,-1872.57753,FALSE,1324.113468,65,2018-01-04 02:56:26,3196.690998,3859860,0.000828188327555922,FALSE
"6879","A69-1602-3215",6879,"Noordzeekanaal","Loosdrecht 1","VR2W-119047",52.231981,5.032877,2017-11-27 12:11:33,2017-11-30 04:25:48,3304,NA,NA,NA,1872.57753,-1872.57753,FALSE,1324.113468,65,2018-01-04 02:56:26,3196.690998,3249893,0.0009836296142673,FALSE
"6880","A69-1602-3215",6880,"Noordzeekanaal","Loosdrecht 1","VR2W-119047",52.231981,5.032877,2017-11-30 05:31:37,2017-12-07 14:17:16,8202,NA,NA,NA,1872.57753,-1872.57753,FALSE,1324.113468,65,2018-01-04 02:56:26,3196.690998,3014689,0.00106037173254024,FALSE
"6881","A69-1602-3215",6881,"Noordzeekanaal","Loosdrecht 1","VR2W-119047",52.231981,5.032877,2017-12-07 16:35:25,2017-12-08 18:03:09,950,NA,NA,NA,1872.57753,-1872.57753,FALSE,1324.113468,65,2018-01-04 02:56:26,3196.690998,2370061,0.00134878005165268,FALSE
"6882","A69-1602-3215",6882,"Noordzeekanaal","Loosdrecht 1","VR2W-119047",52.231981,5.032877,2017-12-08 19:35:36,2017-12-08 22:44:57,72,NA,NA,NA,1872.57753,-1872.57753,FALSE,1324.113468,65,2018-01-04 02:56:26,3196.690998,2272850,0.00140646808984315,FALSE
"6883","A69-1602-3215",6883,"Noordzeekanaal","Loosdrecht 1","VR2W-119047",52.231981,5.032877,2017-12-09 01:53:39,2017-12-09 02:10:50,2,NA,NA,NA,1872.57753,-1872.57753,FALSE,1324.113468,65,2018-01-04 02:56:26,3196.690998,2250167,0.00142064611115531,FALSE
"6884","A69-1602-3215",6884,"Noordzeekanaal","Loosdrecht 1","VR2W-119047",52.231981,5.032877,2017-12-09 05:05:41,2017-12-10 11:16:04,1637,NA,NA,NA,1872.57753,-1872.57753,FALSE,1324.113468,65,2018-01-04 02:56:26,3196.690998,2238645,0.00142795798261895,FALSE
"6885","A69-1602-3215",6885,"Noordzeekanaal","Loosdrecht 1","VR2W-119047",52.231981,5.032877,2017-12-10 12:18:21,2017-12-10 12:18:21,1,NA,NA,NA,1872.57753,-1872.57753,FALSE,1324.113468,65,2018-01-04 02:56:26,3196.690998,2126285,0.00150341605099975,FALSE
"6886","A69-1602-3215",6886,"Noordzeekanaal","Loosdrecht 1","VR2W-119047",52.231981,5.032877,2017-12-10 14:31:36,2017-12-10 19:07:22,56,NA,NA,NA,1872.57753,-1872.57753,FALSE,1324.113468,65,2018-01-04 02:56:26,3196.690998,2118290,0.00150909035023533,FALSE
"6887","A69-1602-3215",6887,"Noordzeekanaal","Loosdrecht 1","VR2W-119047",52.231981,5.032877,2017-12-10 20:53:24,2017-12-11 09:35:50,242,NA,NA,NA,1872.57753,-1872.57753,FALSE,1324.113468,65,2018-01-04 02:56:26,3196.690998,2095382,0.00152558865066131,FALSE
"6888","A69-1602-3215",6888,"Noordzeekanaal","Loosdrecht 1","VR2W-119047",52.231981,5.032877,2017-12-11 20:32:24,2017-12-13 06:24:13,1875,NA,NA,NA,1872.57753,-1872.57753,FALSE,1324.113468,65,2018-01-04 02:56:26,3196.690998,2010242,0.00159020207417813,FALSE
"6889","A69-1602-3215",6889,"Noordzeekanaal","Loosdrecht 1","VR2W-119047",52.231981,5.032877,2017-12-13 07:29:57,2017-12-13 07:30:31,2,NA,NA,NA,1872.57753,-1872.57753,FALSE,1324.113468,65,2018-01-04 02:56:26,3196.690998,1884389,0.0016964071632768,FALSE
"6890","A69-1602-3215",6890,"Noordzeekanaal","Loosdrecht 1","VR2W-119047",52.231981,5.032877,2017-12-13 08:30:45,2017-12-14 02:13:52,481,NA,NA,NA,1872.57753,-1872.57753,FALSE,1324.113468,65,2018-01-04 02:56:26,3196.690998,1880741,0.00169969761811967,FALSE
"6891","A69-1602-3215",6891,"Noordzeekanaal","Loosdrecht 1","VR2W-119047",52.231981,5.032877,2017-12-14 03:36:42,2017-12-14 10:18:18,262,NA,NA,NA,1872.57753,-1872.57753,FALSE,1324.113468,65,2018-01-04 02:56:26,3196.690998,1811984,0.00176419383283738,FALSE
"6892","A69-1602-3215",6892,"Noordzeekanaal","Loosdrecht 1","VR2W-119047",52.231981,5.032877,2017-12-14 11:26:26,2017-12-17 20:23:26,3239,NA,NA,NA,1872.57753,-1872.57753,FALSE,1324.113468,65,2018-01-04 02:56:26,3196.690998,1783800,0.00179206805583586,FALSE
"6893","A69-1602-3215",6893,"Noordzeekanaal","Loosdrecht 1","VR2W-119047",52.231981,5.032877,2017-12-17 23:19:43,2017-12-18 02:36:02,21,NA,NA,NA,1872.57753,-1872.57753,FALSE,1324.113468,65,2018-01-04 02:56:26,3196.690998,1481803,0.00215729823600033,FALSE
"6894","A69-1602-3215",6894,"Noordzeekanaal","Loosdrecht 1","VR2W-119047",52.231981,5.032877,2017-12-18 04:31:15,2017-12-18 07:16:10,6,NA,NA,NA,1872.57753,-1872.57753,FALSE,1324.113468,65,2018-01-04 02:56:26,3196.690998,1463111,0.00218485883709438,FALSE
"6895","A69-1602-3215",6895,"Noordzeekanaal","Loosdrecht 1","VR2W-119047",52.231981,5.032877,2017-12-18 12:23:49,2017-12-18 12:26:26,2,NA,NA,NA,1872.57753,-1872.57753,FALSE,1324.113468,65,2018-01-04 02:56:26,3196.690998,1434757,0.00222803652325795,FALSE
"6896","A69-1602-3215",6896,"Noordzeekanaal","Loosdrecht 1","VR2W-119047",52.231981,5.032877,2017-12-18 15:54:32,2017-12-18 15:54:32,1,NA,NA,NA,1872.57753,-1872.57753,FALSE,1324.113468,65,2018-01-04 02:56:26,3196.690998,1422114,0.00224784440487893,FALSE
"6897","A69-1602-3215",6897,"Noordzeekanaal","Loosdrecht 1","VR2W-119047",52.231981,5.032877,2017-12-18 16:55:56,2017-12-18 19:32:11,75,NA,NA,NA,1872.57753,-1872.57753,FALSE,1324.113468,65,2018-01-04 02:56:26,3196.690998,1418430,0.00225368259131575,FALSE
"6898","A69-1602-3215",6898,"Noordzeekanaal","Loosdrecht 1","VR2W-119047",52.231981,5.032877,2017-12-18 20:43:01,2017-12-19 04:16:17,260,NA,NA,NA,1872.57753,-1872.57753,FALSE,1324.113468,65,2018-01-04 02:56:26,3196.690998,1404805,0.00227554073198771,FALSE
"6899","A69-1602-3215",6899,"Noordzeekanaal","Loosdrecht 1","VR2W-119047",52.231981,5.032877,2017-12-19 05:31:39,2017-12-19 17:48:55,300,NA,NA,NA,1872.57753,-1872.57753,FALSE,1324.113468,65,2018-01-04 02:56:26,3196.690998,1373087,0.00232810520964804,FALSE
"6900","A69-1602-3215",6900,"Noordzeekanaal","Loosdrecht 1","VR2W-119047",52.231981,5.032877,2017-12-19 22:16:35,2017-12-20 01:14:21,14,NA,NA,NA,1872.57753,-1872.57753,FALSE,1324.113468,65,2018-01-04 02:56:26,3196.690998,1312791,0.00243503421184332,FALSE
"6901","A69-1602-3215",6901,"Noordzeekanaal","Loosdrecht 1","VR2W-119047",52.231981,5.032877,2017-12-20 02:23:36,2017-12-20 04:26:27,27,NA,NA,NA,1872.57753,-1872.57753,FALSE,1324.113468,65,2018-01-04 02:56:26,3196.690998,1297970,0.00246283889304067,FALSE
"6902","A69-1602-3215",6902,"Noordzeekanaal","Loosdrecht 1","VR2W-119047",52.231981,5.032877,2017-12-20 06:12:47,2017-12-20 07:56:38,7,NA,NA,NA,1872.57753,-1872.57753,FALSE,1324.113468,65,2018-01-04 02:56:26,3196.690998,1284219,0.00248921017209682,FALSE
"6903","A69-1602-3215",6903,"Noordzeekanaal","Loosdrecht 1","VR2W-119047",52.231981,5.032877,2017-12-20 09:05:54,2017-12-20 14:05:09,49,NA,NA,NA,1872.57753,-1872.57753,FALSE,1324.113468,65,2018-01-04 02:56:26,3196.690998,1273832,0.00250950753160542,FALSE
"6904","A69-1602-3215",6904,"Noordzeekanaal","Loosdrecht 1","VR2W-119047",52.231981,5.032877,2017-12-20 15:59:23,2017-12-21 06:55:16,206,NA,NA,NA,1872.57753,-1872.57753,FALSE,1324.113468,65,2018-01-04 02:56:26,3196.690998,1249023,0.00255935318885241,FALSE
"6905","A69-1602-3215",6905,"Noordzeekanaal","Loosdrecht 1","VR2W-119047",52.231981,5.032877,2017-12-21 08:45:34,2017-12-21 09:42:12,3,NA,NA,NA,1872.57753,-1872.57753,FALSE,1324.113468,65,2018-01-04 02:56:26,3196.690998,1188652,0.00268934136988791,FALSE
"6906","A69-1602-3215",6906,"Noordzeekanaal","Loosdrecht 1","VR2W-119047",52.231981,5.032877,2017-12-21 11:05:25,2017-12-21 11:05:25,1,NA,NA,NA,1872.57753,-1872.57753,FALSE,1324.113468,65,2018-01-04 02:56:26,3196.690998,1180261,0.00270846109292775,FALSE
"6907","A69-1602-3215",6907,"Noordzeekanaal","Loosdrecht 1","VR2W-119047",52.231981,5.032877,2017-12-21 12:14:13,2017-12-21 21:07:14,124,NA,NA,NA,1872.57753,-1872.57753,FALSE,1324.113468,65,2018-01-04 02:56:26,3196.690998,1176133,0.00271796726900784,FALSE
"6908","A69-1602-3215",6908,"Noordzeekanaal","Loosdrecht 1","VR2W-119047",52.231981,5.032877,2017-12-21 22:08:40,2017-12-22 02:46:37,185,NA,NA,NA,1872.57753,-1872.57753,FALSE,1324.113468,65,2018-01-04 02:56:26,3196.690998,1140466,0.00280296913542359,FALSE
"6909","A69-1602-3215",6909,"Noordzeekanaal","Loosdrecht 1","VR2W-119047",52.231981,5.032877,2017-12-22 04:17:23,2017-12-23 14:26:15,763,NA,NA,NA,1872.57753,-1872.57753,FALSE,1324.113468,65,2018-01-04 02:56:26,3196.690998,1118343,0.0028584173174062,FALSE
"6910","A69-1602-3215",6910,"Noordzeekanaal","Loosdrecht 1","VR2W-119047",52.231981,5.032877,2017-12-23 15:35:00,2017-12-24 17:26:10,796,NA,NA,NA,1872.57753,-1872.57753,FALSE,1324.113468,65,2018-01-04 02:56:26,3196.690998,991286,0.00322479183404184,FALSE
"6911","A69-1602-3215",6911,"Noordzeekanaal","Loosdrecht 1","VR2W-119047",52.231981,5.032877,2017-12-24 19:55:02,2017-12-26 06:22:44,1131,NA,NA,NA,1872.57753,-1872.57753,FALSE,1324.113468,65,2018-01-04 02:56:26,3196.690998,889284,0.00359467953769549,FALSE
"6912","A69-1602-3215",6912,"Noordzeekanaal","Loosdrecht 1","VR2W-119047",52.231981,5.032877,2017-12-26 07:50:59,2017-12-26 09:56:46,48,NA,NA,NA,1872.57753,-1872.57753,FALSE,1324.113468,65,2018-01-04 02:56:26,3196.690998,759927,0.00420657641852441,FALSE
"6913","A69-1602-3215",6913,"Noordzeekanaal","Loosdrecht 1","VR2W-119047",52.231981,5.032877,2017-12-26 11:47:18,2017-12-26 20:23:26,124,NA,NA,NA,1872.57753,-1872.57753,FALSE,1324.113468,65,2018-01-04 02:56:26,3196.690998,745748,0.00428655658211621,FALSE
"6914","A69-1602-3215",6914,"Noordzeekanaal","Loosdrecht 1","VR2W-119047",52.231981,5.032877,2017-12-27 09:44:24,2017-12-27 10:16:49,3,NA,NA,NA,1872.57753,-1872.57753,FALSE,1324.113468,65,2018-01-04 02:56:26,3196.690998,666722,0.00479463854200101,FALSE
"6915","A69-1602-3215",6915,"Noordzeekanaal","Loosdrecht 1","VR2W-119047",52.231981,5.032877,2017-12-27 11:54:23,2017-12-27 14:54:19,20,NA,NA,NA,1872.57753,-1872.57753,FALSE,1324.113468,65,2018-01-04 02:56:26,3196.690998,658923,0.00485138779189678,FALSE
"6916","A69-1602-3215",6916,"Noordzeekanaal","Loosdrecht 1","VR2W-119047",52.231981,5.032877,2017-12-27 16:28:50,2017-12-27 16:55:21,24,NA,NA,NA,1872.57753,-1872.57753,FALSE,1324.113468,65,2018-01-04 02:56:26,3196.690998,642456,0.00497573530016063,FALSE
"6917","A69-1602-3215",6917,"Noordzeekanaal","Loosdrecht 1","VR2W-119047",52.231981,5.032877,2017-12-27 19:21:49,2017-12-27 19:22:28,2,NA,NA,NA,1872.57753,-1872.57753,FALSE,1324.113468,65,2018-01-04 02:56:26,3196.690998,632077,0.00505743920123656,FALSE
"6918","A69-1602-3215",6918,"Noordzeekanaal","Loosdrecht 1","VR2W-119047",52.231981,5.032877,2017-12-27 20:42:21,2017-12-29 11:24:21,1555,NA,NA,NA,1872.57753,-1872.57753,FALSE,1324.113468,65,2018-01-04 02:56:26,3196.690998,627245,0.00509639933040518,FALSE
"6919","A69-1602-3215",6919,"Noordzeekanaal","Loosdrecht 1","VR2W-119047",52.231981,5.032877,2017-12-29 14:32:55,2017-12-29 22:20:45,448,NA,NA,NA,1872.57753,-1872.57753,FALSE,1324.113468,65,2018-01-04 02:56:26,3196.690998,476611,0.00670712803103579,FALSE
"6920","A69-1602-3215",6920,"Noordzeekanaal","Loosdrecht 1","VR2W-119047",52.231981,5.032877,2017-12-30 01:36:26,2017-12-30 01:36:26,1,NA,NA,NA,1872.57753,-1872.57753,FALSE,1324.113468,65,2018-01-04 02:56:26,3196.690998,436800,0.00731843177197802,FALSE
"6921","A69-1602-3215",6921,"Noordzeekanaal","Loosdrecht 1","VR2W-119047",52.231981,5.032877,2017-12-30 02:45:50,2017-12-30 03:25:01,5,NA,NA,NA,1872.57753,-1872.57753,FALSE,1324.113468,65,2018-01-04 02:56:26,3196.690998,432636,0.00738886962250021,FALSE
"6922","A69-1602-3215",6922,"Noordzeekanaal","Loosdrecht 1","VR2W-119047",52.231981,5.032877,2017-12-30 11:48:01,2017-12-30 11:49:08,2,NA,NA,NA,1872.57753,-1872.57753,FALSE,1324.113468,65,2018-01-04 02:56:26,3196.690998,400105,0.00798963021706802,FALSE
"6923","A69-1602-3215",6923,"Noordzeekanaal","Loosdrecht 1","VR2W-119047",52.231981,5.032877,2017-12-30 16:53:33,2017-12-30 16:53:33,1,NA,NA,NA,1872.57753,-1872.57753,FALSE,1324.113468,65,2018-01-04 02:56:26,3196.690998,381773,0.00837327678489574,FALSE
"6924","A69-1602-3215",6924,"Noordzeekanaal","Loosdrecht 1","VR2W-119047",52.231981,5.032877,2017-12-30 19:32:32,2017-12-31 01:10:57,94,NA,NA,NA,1872.57753,-1872.57753,FALSE,1324.113468,65,2018-01-04 02:56:26,3196.690998,372234,0.00858785333419301,FALSE
"6925","A69-1602-3215",6925,"Noordzeekanaal","Loosdrecht 1","VR2W-119047",52.231981,5.032877,2017-12-31 03:07:01,2017-12-31 03:07:01,1,NA,NA,NA,1872.57753,-1872.57753,FALSE,1324.113468,65,2018-01-04 02:56:26,3196.690998,344965,0.00926671110982274,FALSE
"6926","A69-1602-3215",6926,"Noordzeekanaal","Loosdrecht 1","VR2W-119047",52.231981,5.032877,2017-12-31 06:44:28,2017-12-31 06:55:06,2,NA,NA,NA,1872.57753,-1872.57753,FALSE,1324.113468,65,2018-01-04 02:56:26,3196.690998,331918,0.00963096607595852,FALSE
"6927","A69-1602-3215",6927,"Noordzeekanaal","Loosdrecht 1","VR2W-119047",52.231981,5.032877,2017-12-31 09:09:27,2017-12-31 09:09:27,1,NA,NA,NA,1872.57753,-1872.57753,FALSE,1324.113468,65,2018-01-04 02:56:26,3196.690998,323219,0.00989017043552514,FALSE
"6928","A69-1602-3215",6928,"Noordzeekanaal","Loosdrecht 1","VR2W-119047",52.231981,5.032877,2017-12-31 14:47:45,2017-12-31 14:50:56,3,NA,NA,NA,1872.57753,-1872.57753,FALSE,1324.113468,65,2018-01-04 02:56:26,3196.690998,302921,0.0105528867196398,FALSE
"6929","A69-1602-3215",6929,"Noordzeekanaal","Loosdrecht 1","VR2W-119047",52.231981,5.032877,2017-12-31 21:01:03,2017-12-31 22:04:12,37,NA,NA,NA,1872.57753,-1872.57753,FALSE,1324.113468,65,2018-01-04 02:56:26,3196.690998,280523,0.0113954684571319,FALSE
"6930","A69-1602-3215",6930,"Noordzeekanaal","Loosdrecht 1","VR2W-119047",52.231981,5.032877,2017-12-31 23:41:49,2018-01-02 19:09:48,1583,NA,NA,NA,1872.57753,-1872.57753,FALSE,1324.113468,65,2018-01-04 02:56:26,3196.690998,270877,0.0118012640349679,FALSE
"6931","A69-1602-3215",6931,"Noordzeekanaal","Loosdrecht 1","VR2W-119047",52.231981,5.032877,2018-01-02 20:14:57,2018-01-02 22:04:59,26,NA,NA,NA,1872.57753,-1872.57753,FALSE,1324.113468,65,2018-01-04 02:56:26,3196.690998,110489,0.0289322104281874,FALSE
"6932","A69-1602-3215",6932,"Noordzeekanaal","Loosdrecht 1","VR2W-119047",52.231981,5.032877,2018-01-02 23:43:55,2018-01-03 00:51:03,44,NA,NA,NA,1872.57753,-1872.57753,FALSE,1324.113468,65,2018-01-04 02:56:26,3196.690998,97951,0.0326356137048116,FALSE
"6933","A69-1602-3215",6933,"Noordzeekanaal","Loosdrecht 1","VR2W-119047",52.231981,5.032877,2018-01-03 03:06:20,2018-01-03 06:52:53,56,NA,NA,NA,1872.57753,-1872.57753,FALSE,1324.113468,65,2018-01-04 02:56:26,3196.690998,85806,0.0372548656038039,FALSE
"6934","A69-1602-3215",6934,"Noordzeekanaal","Loosdrecht 1","VR2W-119047",52.231981,5.032877,2018-01-03 08:05:42,2018-01-03 08:48:05,25,NA,NA,NA,1872.57753,-1872.57753,FALSE,1324.113468,65,2018-01-04 02:56:26,3196.690998,67844,0.0471182565591651,FALSE
"6935","A69-1602-3215",6935,"Noordzeekanaal","Loosdrecht 1","VR2W-119047",52.231981,5.032877,2018-01-03 16:08:24,2018-01-03 17:32:57,97,NA,NA,NA,1872.57753,-1872.57753,TRUE,1324.113468,65,2018-01-04 02:56:26,3196.690998,38882,0.0822151894964251,TRUE
"6936","A69-1602-3215",6936,"Noordzeekanaal","Loosdrecht 3","VR2W-119069",52.256101,5.043167,2018-01-04 02:56:26,2018-01-04 03:58:26,54,33809,3113.858352,0.092101,4986.435882,1324.113468,TRUE,15386.466378,66,2018-01-04 17:14:10,14062.35291,51464,0.273246403505363,TRUE
"6937","A69-1602-3215",6937,"Noordzeekanaal","ARK Noord","VR2W-119054",52.355706,4.97029,2018-01-04 17:14:10,2018-01-04 18:38:04,44,47744,14179.496674,0.29699,19165.932556,15386.466378,FALSE,18583.157376,67,2018-01-16 05:59:45,3196.690998,996335,0.00320844996712953,TRUE
"6938","A69-1602-3215",6938,"Noordzeekanaal","Oranjesluis","VR2W-102056",52.380016,4.955998,2018-01-16 05:59:45,2018-01-16 06:09:11,7,991301,3196.690998,0.003225,22362.623554,18583.157376,FALSE,21338.467148,69,2018-01-16 16:08:49,2755.309772,36544,0.0753970493651489,TRUE
"6939","A69-1602-3215",6939,"Noordzeekanaal","Oranjesluis","VR2W-102056",52.380016,4.955998,2018-01-16 09:03:43,2018-01-16 09:03:43,1,NA,NA,NA,22362.623554,18583.157376,TRUE,21338.467148,69,2018-01-16 16:08:49,2755.309772,25506,0.108025945738258,TRUE
"6940","A69-1602-3215",6940,"Noordzeekanaal","Willem 2 sluis 2","VR2W-130587",52.383677,4.907053,2018-01-16 16:08:49,2018-01-16 16:45:26,12,25506,3423.861235,0.134237,25786.484789,21338.467148,FALSE,NA,NA,NA,NA,NA,NA,TRUE
"6941","A69-1602-3215",6941,"Noordzeekanaal","Willem 2 sluis 2","VR2W-130587",52.383677,4.907053,2018-03-11 17:59:28,2018-03-11 21:00:38,53,NA,NA,NA,25786.484789,21338.467148,NA,NA,NA,NA,NA,NA,NA,TRUE
"6942","A69-1602-3216",6942,"Noordzeekanaal","rel_noordzeekanaal13","none",52.244517,5.047218,2017-10-26 14:00:00,2017-10-26 14:00:00,1,NA,NA,NA,0,0,FALSE,1324.113468,2,2017-10-30 01:42:43,1324.113468,301363,0.00439374929238161,FALSE
"6943","A69-1602-3216",6943,"Noordzeekanaal","Loosdrecht 3","VR2W-119069",52.256101,5.043167,2017-10-30 01:42:43,2017-10-30 03:12:19,106,301363,1324.113468,0.004394,1324.113468,1324.113468,TRUE,15386.466378,3,2017-11-07 12:42:10,14062.35291,730767,0.0192432785142186,TRUE
"6944","A69-1602-3216",6944,"Noordzeekanaal","ARK Noord","VR2W-119054",52.355706,4.97029,2017-11-07 12:42:10,2017-11-07 16:16:43,60,725391,14179.496674,0.019547,15503.610142,15386.466378,FALSE,NA,NA,NA,NA,NA,NA,TRUE
"6945","A69-1602-3216",6945,"Noordzeekanaal","ARK Noord","VR2W-119054",52.355706,4.97029,2017-11-07 17:20:15,2017-11-07 23:00:30,80,NA,NA,NA,15503.610142,15386.466378,FALSE,NA,NA,NA,NA,NA,NA,TRUE
"6946","A69-1602-3216",6946,"Noordzeekanaal","ARK Noord","VR2W-119054",52.355706,4.97029,2017-11-08 02:53:18,2017-11-08 05:05:36,12,NA,NA,NA,15503.610142,15386.466378,FALSE,NA,NA,NA,NA,NA,NA,TRUE
"6947","A69-1602-3216",6947,"Noordzeekanaal","ARK Noord","VR2W-119054",52.355706,4.97029,2017-11-08 07:42:51,2017-11-08 09:29:44,9,NA,NA,NA,15503.610142,15386.466378,FALSE,NA,NA,NA,NA,NA,NA,TRUE
"6948","A69-1602-3216",6948,"Noordzeekanaal","ARK Noord","VR2W-119054",52.355706,4.97029,2017-11-08 13:03:25,2017-11-08 13:32:30,11,NA,NA,NA,15503.610142,15386.466378,FALSE,NA,NA,NA,NA,NA,NA,TRUE
"6949","A69-1602-3216",6949,"Noordzeekanaal","ARK Noord","VR2W-119054",52.355706,4.97029,2017-11-08 16:18:55,2017-11-08 16:42:27,3,NA,NA,NA,15503.610142,15386.466378,FALSE,NA,NA,NA,NA,NA,NA,TRUE
"6950","A69-1602-3216",6950,"Noordzeekanaal","ARK Noord","VR2W-119054",52.355706,4.97029,2017-11-08 17:42:32,2017-11-08 17:45:33,4,NA,NA,NA,15503.610142,15386.466378,FALSE,NA,NA,NA,NA,NA,NA,TRUE
"6951","A69-1602-3216",6951,"Noordzeekanaal","ARK Noord","VR2W-119054",52.355706,4.97029,2017-11-08 18:51:49,2017-11-08 19:31:38,10,NA,NA,NA,15503.610142,15386.466378,FALSE,NA,NA,NA,NA,NA,NA,TRUE
"6952","A69-1602-3216",6952,"Noordzeekanaal","ARK Noord","VR2W-119054",52.355706,4.97029,2017-11-08 20:47:52,2017-11-08 22:22:26,24,NA,NA,NA,15503.610142,15386.466378,FALSE,NA,NA,NA,NA,NA,NA,TRUE
"6953","A69-1602-3216",6953,"Noordzeekanaal","ARK Noord","VR2W-119054",52.355706,4.97029,2017-11-08 23:25:16,2017-11-08 23:25:16,1,NA,NA,NA,15503.610142,15386.466378,FALSE,NA,NA,NA,NA,NA,NA,TRUE
"6954","A69-1602-3216",6954,"Noordzeekanaal","ARK Noord","VR2W-119054",52.355706,4.97029,2017-11-09 00:57:56,2017-11-09 02:07:25,14,NA,NA,NA,15503.610142,15386.466378,FALSE,NA,NA,NA,NA,NA,NA,TRUE
"6955","A69-1602-3216",6955,"Noordzeekanaal","ARK Noord","VR2W-119054",52.355706,4.97029,2017-11-09 06:21:32,2017-11-09 07:08:04,7,NA,NA,NA,15503.610142,15386.466378,FALSE,NA,NA,NA,NA,NA,NA,TRUE
"6956","A69-1602-3216",6956,"Noordzeekanaal","ARK Noord","VR2W-119054",52.355706,4.97029,2017-11-09 10:54:38,2017-11-09 11:35:04,9,NA,NA,NA,15503.610142,15386.466378,NA,NA,NA,NA,NA,NA,NA,TRUE
"6957","A69-1602-3217",6957,"Noordzeekanaal","rel_noordzeekanaal13","none",52.244517,5.047218,2017-10-26 14:00:00,2017-10-26 14:00:00,1,NA,NA,NA,0,0,FALSE,NA,NA,NA,NA,NA,NA,FALSE
"6958","A69-1602-3217",6958,"Noordzeekanaal","Loosdrecht 1","VR2W-119047",52.231981,5.032877,2017-10-28 22:45:33,2017-10-29 17:31:00,1373,204333,1872.57753,0.009164,1872.57753,-1872.57753,FALSE,-241.393739,3,2017-10-31 13:05:44,1631.183791,224411,0.00726873366724448,FALSE
"6959","A69-1602-3217",6959,"Noordzeekanaal","Loosdrecht2a sluis","VR2W-120092",52.243116,5.048159,2017-10-31 13:05:44,2017-10-31 17:16:41,260,156884,1889.732082,0.012045,3762.309612,-241.393739,FALSE,NA,NA,NA,NA,NA,NA,FALSE
"6960","A69-1602-3217",6960,"Noordzeekanaal","Loosdrecht 1","VR2W-119047",52.231981,5.032877,2017-10-31 19:30:04,2017-10-31 20:38:41,67,8003,1889.732082,0.236128,5652.041694,-1872.57753,FALSE,-241.393739,13,2017-11-17 07:33:25,1631.183791,1425801,0.00114404730463788,FALSE
"6961","A69-1602-3217",6961,"Noordzeekanaal","Loosdrecht 1","VR2W-119047",52.231981,5.032877,2017-11-02 04:02:55,2017-11-02 06:08:25,173,NA,NA,NA,5652.041694,-1872.57753,FALSE,-241.393739,13,2017-11-17 07:33:25,1631.183791,1308630,0.00124648203923187,FALSE
"6962","A69-1602-3217",6962,"Noordzeekanaal","Loosdrecht 1","VR2W-119047",52.231981,5.032877,2017-11-03 19:51:11,2017-11-03 20:54:56,60,NA,NA,NA,5652.041694,-1872.57753,FALSE,-241.393739,13,2017-11-17 07:33:25,1631.183791,1165334,0.00139975645694711,FALSE
"6963","A69-1602-3217",6963,"Noordzeekanaal","Loosdrecht 1","VR2W-119047",52.231981,5.032877,2017-11-09 11:08:37,2017-11-09 11:38:55,30,NA,NA,NA,5652.041694,-1872.57753,FALSE,-241.393739,13,2017-11-17 07:33:25,1631.183791,678288,0.00240485426691907,FALSE
"6964","A69-1602-3217",6964,"Noordzeekanaal","Loosdrecht 1","VR2W-119047",52.231981,5.032877,2017-11-09 13:04:29,2017-11-09 13:37:39,9,NA,NA,NA,5652.041694,-1872.57753,FALSE,-241.393739,13,2017-11-17 07:33:25,1631.183791,671336,0.00242975766382259,FALSE
"6965","A69-1602-3217",6965,"Noordzeekanaal","Loosdrecht 1","VR2W-119047",52.231981,5.032877,2017-11-13 01:13:06,2017-11-13 04:28:35,163,NA,NA,NA,5652.041694,-1872.57753,FALSE,-241.393739,13,2017-11-17 07:33:25,1631.183791,368419,0.0044275235289168,FALSE
"6966","A69-1602-3217",6966,"Noordzeekanaal","Loosdrecht 1","VR2W-119047",52.231981,5.032877,2017-11-13 05:39:14,2017-11-13 05:39:14,1,NA,NA,NA,5652.041694,-1872.57753,FALSE,-241.393739,13,2017-11-17 07:33:25,1631.183791,352451,0.00462811508833852,FALSE
"6967","A69-1602-3217",6967,"Noordzeekanaal","Loosdrecht 1","VR2W-119047",52.231981,5.032877,2017-11-13 07:00:51,2017-11-13 08:11:36,64,NA,NA,NA,5652.041694,-1872.57753,FALSE,-241.393739,13,2017-11-17 07:33:25,1631.183791,347554,0.00469332475241257,FALSE
"6968","A69-1602-3217",6968,"Noordzeekanaal","Loosdrecht 1","VR2W-119047",52.231981,5.032877,2017-11-16 17:26:42,2017-11-16 18:22:26,45,NA,NA,NA,5652.041694,-1872.57753,TRUE,-241.393739,13,2017-11-17 07:33:25,1631.183791,50803,0.0321080210026967,TRUE
"6969","A69-1602-3217",6969,"Noordzeekanaal","Loosdrecht2a sluis","VR2W-120092",52.243116,5.048159,2017-11-17 07:33:25,2017-11-17 16:08:58,410,47459,1889.732082,0.039818,7541.773776,-241.393739,FALSE,NA,NA,NA,NA,NA,NA,TRUE
"6970","A69-1602-3217",6970,"Noordzeekanaal","Loosdrecht 1","VR2W-119047",52.231981,5.032877,2017-11-19 21:53:59,2018-03-20 10:23:12,231798,193501,1889.732082,0.009766,9431.505858,-1872.57753,NA,NA,NA,NA,NA,NA,NA,TRUE
"6971","A69-1602-3218",6971,"Noordzeekanaal","rel_noordzeekanaal13","none",52.244517,5.047218,2017-10-26 14:00:00,2017-10-26 14:00:00,1,NA,NA,NA,0,0,FALSE,NA,NA,NA,NA,NA,NA,FALSE
"6972","A69-1602-3218",6972,"Noordzeekanaal","Loosdrecht2a sluis","VR2W-120092",52.243116,5.048159,2017-10-26 15:28:35,2017-10-26 15:39:33,17,5315,241.393739,0.045417,241.393739,-241.393739,TRUE,1324.113468,3,2017-10-26 18:53:47,1565.507207,12312,0.127152957033788,TRUE
"6973","A69-1602-3218",6973,"Noordzeekanaal","Loosdrecht 3","VR2W-119069",52.256101,5.043167,2017-10-26 18:53:47,2017-10-26 19:35:11,47,11654,1565.507207,0.134332,1806.900946,1324.113468,FALSE,15386.466378,5,2017-10-30 06:26:58,14062.35291,300791,0.0467512422579133,TRUE
"6974","A69-1602-3218",6974,"Noordzeekanaal","Loosdrecht 3","VR2W-119069",52.256101,5.043167,2017-10-26 23:46:26,2017-10-27 00:09:03,13,NA,NA,NA,1806.900946,1324.113468,TRUE,15386.466378,5,2017-10-30 06:26:58,14062.35291,283232,0.0496495908301322,TRUE
"6975","A69-1602-3218",6975,"Noordzeekanaal","ARK Noord","VR2W-119054",52.355706,4.97029,2017-10-30 06:26:58,2017-10-30 07:04:37,24,281875,14179.496674,0.050304,15986.39762,15386.466378,TRUE,32218.320338,6,2017-11-17 03:31:37,16831.85396,1544679,0.0108966678254835,TRUE
"6976","A69-1602-3218",6976,"Noordzeekanaal","Overtoom 1","VR2W-119065",52.430117,4.784283,2017-11-17 03:31:37,2017-11-17 03:31:37,1,1542420,16831.85396,0.010913,32818.25158,32218.320338,FALSE,43808.133762,7,2018-01-12 20:14:28,11589.813424,4898571,0.00236595803633345,TRUE
"6977","A69-1602-3218",6977,"Noordzeekanaal","Noordzeekanaal","VR2W-114165",52.462798,4.633995,2018-01-12 20:14:28,2018-01-12 21:11:01,35,4898571,11955.458146,0.002441,44773.709726,43808.133762,TRUE,45415.05276,8,2018-01-12 21:11:05,1606.918998,3397,0.473040623491316,TRUE
"6978","A69-1602-3218",6978,"Noordzeekanaal","Grote sluis NZK","VR2W-114178",52.467488,4.613347,2018-01-12 21:11:05,2018-01-12 21:11:05,1,4,1606.918999,401.72975,46380.628725,45415.05276,FALSE,NA,NA,NA,NA,NA,NA,TRUE
"6979","A69-1602-3218",6979,"Noordzeekanaal","Noordzeekanaal","VR2W-114164",52.465232,4.633992,2018-01-12 21:11:29,2018-01-12 21:27:18,22,24,1606.918999,66.954958,47987.547724,43808.133762,TRUE,45415.05276,10,2018-01-12 21:27:28,1606.918998,959,1.67561939311783,TRUE
"6980","A69-1602-3218",6980,"Noordzeekanaal","Grote sluis NZK","VR2W-114178",52.467488,4.613347,2018-01-12 21:27:28,2018-01-12 21:27:28,1,10,1606.918999,160.6919,49594.466723,45415.05276,FALSE,NA,NA,NA,NA,NA,NA,TRUE
"6981","A69-1602-3218",6981,"Noordzeekanaal","Noordzeekanaal","VR2W-114165",52.462798,4.633995,2018-01-12 21:28:05,2018-01-12 22:15:23,84,37,1606.918999,43.430243,51201.385722,43808.133762,TRUE,45415.05276,12,2018-01-12 22:16:29,1606.918998,2904,0.553346762396695,TRUE
"6982","A69-1602-3218",6982,"Noordzeekanaal","Grote sluis NZK","VR2W-114178",52.467488,4.613347,2018-01-12 22:16:29,2018-01-12 22:16:29,1,66,1606.918999,24.347258,52808.304721,45415.05276,FALSE,NA,NA,NA,NA,NA,NA,TRUE
"6983","A69-1602-3218",6983,"Noordzeekanaal","Noordzeekanaal","VR2W-114164",52.465232,4.633992,2018-01-12 22:17:04,2018-01-12 22:24:57,7,35,1606.918999,45.911971,54415.22372,43808.133762,TRUE,45415.05276,14,2018-01-12 22:25:50,1606.918998,526,3.05497908365019,TRUE
"6984","A69-1602-3218",6984,"Noordzeekanaal","Grote sluis NZK","VR2W-114178",52.467488,4.613347,2018-01-12 22:25:50,2018-01-12 22:25:50,1,53,1606.918999,30.319226,56022.142719,45415.05276,FALSE,NA,NA,NA,NA,NA,NA,TRUE
"6985","A69-1602-3218",6985,"Noordzeekanaal","Noordzeekanaal","VR2W-114165",52.462798,4.633995,2018-01-12 22:27:35,2018-01-12 22:27:35,1,105,1606.918999,15.30399,57629.061718,43808.133762,TRUE,45415.05276,16,2018-01-12 22:28:53,1606.918998,78,20.6015256153846,TRUE
"6986","A69-1602-3218",6986,"Noordzeekanaal","Grote sluis NZK","VR2W-114178",52.467488,4.613347,2018-01-12 22:28:53,2018-01-12 22:28:53,1,78,1606.918999,20.601526,59235.980717,45415.05276,FALSE,NA,NA,NA,NA,NA,NA,TRUE
"6987","A69-1602-3218",6987,"Noordzeekanaal","Noordzeekanaal","VR2W-114164",52.465232,4.633992,2018-01-12 22:31:41,2018-01-12 22:31:41,1,168,1606.918999,9.564994,60842.899716,43808.133762,TRUE,45415.05276,18,2018-01-12 22:32:43,1606.918998,62,25.9180483548387,TRUE
"6988","A69-1602-3218",6988,"Noordzeekanaal","Grote sluis NZK","VR2W-114178",52.467488,4.613347,2018-01-12 22:32:43,2018-01-12 22:53:24,8,62,1606.918999,25.918048,62449.818715,45415.05276,FALSE,NA,NA,NA,NA,NA,NA,TRUE
"6989","A69-1602-3218",6989,"Noordzeekanaal","Noordzeekanaal","VR2W-114165",52.462798,4.633995,2018-01-12 23:07:56,2018-01-12 23:31:48,14,872,1606.918999,1.842797,64056.737714,43808.133762,TRUE,45415.05276,20,2018-01-12 23:32:39,1606.918998,1483,1.08355967498314,TRUE
"6990","A69-1602-3218",6990,"Noordzeekanaal","Grote sluis NZK","VR2W-114178",52.467488,4.613347,2018-01-12 23:32:39,2018-01-12 23:32:39,1,51,1606.918999,31.508216,65663.656713,45415.05276,FALSE,NA,NA,NA,NA,NA,NA,TRUE
"6991","A69-1602-3218",6991,"Noordzeekanaal","Noordzeekanaal","VR2W-114164",52.465232,4.633992,2018-01-12 23:36:11,2018-01-12 23:36:57,2,212,1606.918999,7.579807,67270.575712,43808.133762,TRUE,45415.05276,22,2018-01-12 23:37:15,1606.918998,64,25.10810934375,TRUE
"6992","A69-1602-3218",6992,"Noordzeekanaal","Grote sluis NZK","VR2W-114178",52.467488,4.613347,2018-01-12 23:37:15,2018-01-12 23:37:15,1,18,1606.918999,89.273278,68877.494711,45415.05276,FALSE,NA,NA,NA,NA,NA,NA,TRUE
"6993","A69-1602-3218",6993,"Noordzeekanaal","Noordzeekanaal","VR2W-114165",52.462798,4.633995,2018-01-12 23:43:58,2018-01-12 23:43:58,1,403,1606.918999,3.987392,70484.41371,43808.133762,TRUE,45415.05276,24,2018-01-12 23:53:22,1606.918998,564,2.84914715957447,TRUE
"6994","A69-1602-3218",6994,"Noordzeekanaal","Grote sluis NZK","VR2W-114178",52.467488,4.613347,2018-01-12 23:53:22,2018-01-13 01:15:24,54,564,1606.918999,2.849147,72091.332709,45415.05276,FALSE,NA,NA,NA,NA,NA,NA,TRUE
"6995","A69-1602-3218",6995,"Noordzeekanaal","Noordzeekanaal","VR2W-114165",52.462798,4.633995,2018-01-13 01:16:10,2018-01-13 01:16:10,1,46,1606.918999,34.933022,73698.251708,43808.133762,TRUE,45415.05276,26,2018-01-13 01:22:39,1606.918998,389,4.13089716709512,TRUE
"6996","A69-1602-3218",6996,"Noordzeekanaal","Grote sluis NZK","VR2W-114178",52.467488,4.613347,2018-01-13 01:22:39,2018-01-13 02:27:25,66,389,1606.918999,4.130897,75305.170707,45415.05276,FALSE,NA,NA,NA,NA,NA,NA,TRUE
"6997","A69-1602-3218",6997,"Noordzeekanaal","Noordzeekanaal","VR2W-114165",52.462798,4.633995,2018-01-13 02:36:18,2018-01-13 02:36:18,1,533,1606.918999,3.014857,76912.089706,43808.133762,TRUE,45415.05276,28,2018-01-13 02:38:41,1606.918998,143,11.2371957902098,TRUE
"6998","A69-1602-3218",6998,"Noordzeekanaal","Grote sluis NZK","VR2W-114178",52.467488,4.613347,2018-01-13 02:38:41,2018-01-13 03:11:07,39,143,1606.918999,11.237196,78519.008705,45415.05276,FALSE,NA,NA,NA,NA,NA,NA,TRUE
"6999","A69-1602-3218",6999,"Noordzeekanaal","Noordzeekanaal","VR2W-114165",52.462798,4.633995,2018-01-13 03:11:33,2018-01-13 03:11:33,1,26,1606.918999,61.804577,80125.927704,43808.133762,TRUE,45415.05276,30,2018-01-13 03:12:00,1606.918998,27,59.5155184444445,TRUE
"7000","A69-1602-3218",7000,"Noordzeekanaal","Grote sluis NZK","VR2W-114178",52.467488,4.613347,2018-01-13 03:12:00,2018-01-13 03:37:58,26,27,1606.918999,59.515518,81732.846703,45415.05276,FALSE,NA,NA,NA,NA,NA,NA,TRUE
"7001","A69-1602-3218",7001,"Noordzeekanaal","Noordzeekanaal","VR2W-114164",52.465232,4.633992,2018-01-13 03:39:13,2018-01-13 03:39:13,1,75,1606.918999,21.425587,83339.765702,43808.133762,TRUE,46132.124745,32,2018-01-13 03:39:17,2323.990983,4,580.997745750001,TRUE
"7002","A69-1602-3218",7002,"Noordzeekanaal","Middensluis NZK","VR2W-132417",52.465373,4.601803,2018-01-13 03:39:17,2018-01-13 03:42:15,2,4,2323.990983,580.997746,85663.756685,46132.124745,FALSE,NA,NA,NA,NA,NA,NA,TRUE
"7003","A69-1602-3218",7003,"Noordzeekanaal","Noordzeekanaal","VR2W-114164",52.465232,4.633992,2018-01-13 03:42:16,2018-01-13 03:48:35,2,1,2323.990983,2323.990983,87987.747668,43808.133762,TRUE,45415.05276,34,2018-01-13 03:51:09,1606.918998,533,3.01485740712946,TRUE
"7004","A69-1602-3218",7004,"Noordzeekanaal","Grote sluis NZK","VR2W-114178",52.467488,4.613347,2018-01-13 03:51:09,2018-01-13 05:09:01,21,154,1606.918999,10.434539,89594.666667,45415.05276,FALSE,NA,NA,NA,NA,NA,NA,TRUE
"7005","A69-1602-3218",7005,"Noordzeekanaal","Noordzeekanaal","VR2W-114164",52.465232,4.633992,2018-01-13 05:23:41,2018-01-13 05:23:41,1,880,1606.918999,1.826044,91201.585666,43808.133762,TRUE,46132.124745,36,2018-01-13 05:27:33,2323.990983,232,10.017202512931,TRUE
"7006","A69-1602-3218",7006,"Noordzeekanaal","Middensluis NZK","VR2W-132417",52.465373,4.601803,2018-01-13 05:27:33,2018-01-13 16:33:53,520,232,2323.990983,10.017203,93525.576649,46132.124745,NA,NA,NA,NA,NA,NA,NA,TRUE
"7007","A69-1602-3219",7007,"Noordzeekanaal","rel_noordzeekanaal13","none",52.244517,5.047218,2017-10-26 14:00:00,2017-10-26 14:00:00,1,NA,NA,NA,0,0,FALSE,NA,NA,NA,NA,NA,NA,FALSE
"7008","A69-1602-3219",7008,"Noordzeekanaal","Loosdrecht 1","VR2W-119047",52.231981,5.032877,2017-10-26 18:27:31,2017-10-26 19:44:02,90,16051,1872.57753,0.116664,1872.57753,-1872.57753,FALSE,-241.393739,5,2017-11-14 22:26:05,1631.183791,1655914,0.000985065523330318,FALSE
"7009","A69-1602-3219",7009,"Noordzeekanaal","Loosdrecht 1","VR2W-119047",52.231981,5.032877,2017-11-09 03:06:05,2017-11-09 03:48:07,21,NA,NA,NA,1872.57753,-1872.57753,FALSE,-241.393739,5,2017-11-14 22:26:05,1631.183791,501600,0.00325196130582137,FALSE
"7010","A69-1602-3219",7010,"Noordzeekanaal","Loosdrecht 1","VR2W-119047",52.231981,5.032877,2017-11-14 03:03:21,2017-11-14 09:58:48,378,NA,NA,NA,1872.57753,-1872.57753,TRUE,-241.393739,5,2017-11-14 22:26:05,1631.183791,69764,0.0233814544894215,TRUE
"7011","A69-1602-3219",7011,"Noordzeekanaal","Loosdrecht2a sluis","VR2W-120092",52.243116,5.048159,2017-11-14 22:26:05,2017-11-14 22:29:19,3,44837,1889.732082,0.042147,3762.309612,-241.393739,TRUE,1324.113468,6,2017-11-14 23:13:03,1565.507207,2818,0.555538398509581,TRUE
"7012","A69-1602-3219",7012,"Noordzeekanaal","Loosdrecht 3","VR2W-119069",52.256101,5.043167,2017-11-14 23:13:03,2017-11-15 07:56:55,531,2624,1565.507207,0.596611,5327.816819,1324.113468,FALSE,15386.466378,7,2017-12-20 05:48:47,14062.35291,3047744,0.00461402037375843,TRUE
"7013","A69-1602-3219",7013,"Noordzeekanaal","ARK Noord","VR2W-119054",52.355706,4.97029,2017-12-20 05:48:47,2017-12-27 17:48:23,10313,3016312,14179.496674,0.004701,19507.313493,15386.466378,FALSE,NA,NA,NA,NA,NA,NA,TRUE
"7014","A69-1602-3219",7014,"Noordzeekanaal","ARK Noord","VR2W-119054",52.355706,4.97029,2017-12-27 19:07:19,2017-12-28 09:40:32,724,NA,NA,NA,19507.313493,15386.466378,FALSE,NA,NA,NA,NA,NA,NA,TRUE
"7015","A69-1602-3219",7015,"Noordzeekanaal","ARK Noord","VR2W-119054",52.355706,4.97029,2017-12-28 12:17:30,2018-01-13 15:42:19,17090,NA,NA,NA,19507.313493,15386.466378,FALSE,NA,NA,NA,NA,NA,NA,TRUE
"7016","A69-1602-3219",7016,"Noordzeekanaal","ARK Noord","VR2W-119054",52.355706,4.97029,2018-01-13 17:06:36,2018-01-13 19:22:49,30,NA,NA,NA,19507.313493,15386.466378,FALSE,NA,NA,NA,NA,NA,NA,TRUE
"7017","A69-1602-3219",7017,"Noordzeekanaal","ARK Noord","VR2W-119054",52.355706,4.97029,2018-01-13 20:27:25,2018-01-14 03:58:21,55,NA,NA,NA,19507.313493,15386.466378,FALSE,NA,NA,NA,NA,NA,NA,TRUE
"7018","A69-1602-3219",7018,"Noordzeekanaal","ARK Noord","VR2W-119054",52.355706,4.97029,2018-01-14 05:20:53,2018-01-15 10:54:42,717,NA,NA,NA,19507.313493,15386.466378,FALSE,NA,NA,NA,NA,NA,NA,TRUE
"7019","A69-1602-3219",7019,"Noordzeekanaal","ARK Noord","VR2W-119054",52.355706,4.97029,2018-01-15 12:49:58,2018-01-15 16:15:46,79,NA,NA,NA,19507.313493,15386.466378,FALSE,NA,NA,NA,NA,NA,NA,TRUE
"7020","A69-1602-3219",7020,"Noordzeekanaal","ARK Noord","VR2W-119054",52.355706,4.97029,2018-01-15 17:47:36,2018-01-15 19:45:16,20,NA,NA,NA,19507.313493,15386.466378,FALSE,NA,NA,NA,NA,NA,NA,TRUE
"7021","A69-1602-3219",7021,"Noordzeekanaal","ARK Noord","VR2W-119054",52.355706,4.97029,2018-01-15 21:52:46,2018-01-15 23:12:32,20,NA,NA,NA,19507.313493,15386.466378,FALSE,NA,NA,NA,NA,NA,NA,TRUE
"7022","A69-1602-3219",7022,"Noordzeekanaal","ARK Noord","VR2W-119054",52.355706,4.97029,2018-01-16 00:21:16,2018-01-16 03:37:24,22,NA,NA,NA,19507.313493,15386.466378,FALSE,NA,NA,NA,NA,NA,NA,TRUE
"7023","A69-1602-3219",7023,"Noordzeekanaal","ARK Noord","VR2W-119054",52.355706,4.97029,2018-01-16 04:43:25,2018-01-16 06:15:13,11,NA,NA,NA,19507.313493,15386.466378,FALSE,NA,NA,NA,NA,NA,NA,TRUE
"7024","A69-1602-3219",7024,"Noordzeekanaal","ARK Noord","VR2W-119054",52.355706,4.97029,2018-01-16 07:46:40,2018-01-16 08:24:28,7,NA,NA,NA,19507.313493,15386.466378,FALSE,NA,NA,NA,NA,NA,NA,TRUE
"7025","A69-1602-3219",7025,"Noordzeekanaal","ARK Noord","VR2W-119054",52.355706,4.97029,2018-01-16 09:37:20,2018-01-16 18:13:27,89,NA,NA,NA,19507.313493,15386.466378,FALSE,NA,NA,NA,NA,NA,NA,TRUE
"7026","A69-1602-3219",7026,"Noordzeekanaal","ARK Noord","VR2W-119054",52.355706,4.97029,2018-01-16 19:46:57,2018-01-16 20:52:44,34,NA,NA,NA,19507.313493,15386.466378,FALSE,NA,NA,NA,NA,NA,NA,TRUE
"7027","A69-1602-3219",7027,"Noordzeekanaal","ARK Noord","VR2W-119054",52.355706,4.97029,2018-01-16 21:56:09,2018-01-17 03:34:37,168,NA,NA,NA,19507.313493,15386.466378,FALSE,NA,NA,NA,NA,NA,NA,TRUE
"7028","A69-1602-3219",7028,"Noordzeekanaal","ARK Noord","VR2W-119054",52.355706,4.97029,2018-01-17 04:49:45,2018-01-17 10:32:32,109,NA,NA,NA,19507.313493,15386.466378,FALSE,NA,NA,NA,NA,NA,NA,TRUE
"7029","A69-1602-3219",7029,"Noordzeekanaal","ARK Noord","VR2W-119054",52.355706,4.97029,2018-01-17 13:28:30,2018-01-17 14:09:26,13,NA,NA,NA,19507.313493,15386.466378,FALSE,NA,NA,NA,NA,NA,NA,TRUE
"7030","A69-1602-3219",7030,"Noordzeekanaal","ARK Noord","VR2W-119054",52.355706,4.97029,2018-01-17 16:41:02,2018-01-17 17:08:19,8,NA,NA,NA,19507.313493,15386.466378,FALSE,NA,NA,NA,NA,NA,NA,TRUE
"7031","A69-1602-3219",7031,"Noordzeekanaal","ARK Noord","VR2W-119054",52.355706,4.97029,2018-01-17 18:16:13,2018-01-17 19:46:18,20,NA,NA,NA,19507.313493,15386.466378,FALSE,NA,NA,NA,NA,NA,NA,TRUE
"7032","A69-1602-3219",7032,"Noordzeekanaal","ARK Noord","VR2W-119054",52.355706,4.97029,2018-01-17 21:07:25,2018-01-18 07:32:40,211,NA,NA,NA,19507.313493,15386.466378,FALSE,NA,NA,NA,NA,NA,NA,TRUE
"7033","A69-1602-3219",7033,"Noordzeekanaal","ARK Noord","VR2W-119054",52.355706,4.97029,2018-01-18 13:49:18,2018-01-19 02:34:05,235,NA,NA,NA,19507.313493,15386.466378,FALSE,NA,NA,NA,NA,NA,NA,TRUE
"7034","A69-1602-3219",7034,"Noordzeekanaal","ARK Noord","VR2W-119054",52.355706,4.97029,2018-01-19 03:42:14,2018-01-20 18:29:23,939,NA,NA,NA,19507.313493,15386.466378,FALSE,NA,NA,NA,NA,NA,NA,TRUE
"7035","A69-1602-3219",7035,"Noordzeekanaal","ARK Noord","VR2W-119054",52.355706,4.97029,2018-01-20 19:37:50,2018-01-21 21:09:57,681,NA,NA,NA,19507.313493,15386.466378,FALSE,NA,NA,NA,NA,NA,NA,TRUE
"7036","A69-1602-3219",7036,"Noordzeekanaal","ARK Noord","VR2W-119054",52.355706,4.97029,2018-01-21 22:34:46,2018-01-22 06:52:40,159,NA,NA,NA,19507.313493,15386.466378,FALSE,NA,NA,NA,NA,NA,NA,TRUE
"7037","A69-1602-3219",7037,"Noordzeekanaal","ARK Noord","VR2W-119054",52.355706,4.97029,2018-01-22 08:33:51,2018-01-22 12:20:07,68,NA,NA,NA,19507.313493,15386.466378,FALSE,NA,NA,NA,NA,NA,NA,TRUE
"7038","A69-1602-3219",7038,"Noordzeekanaal","ARK Noord","VR2W-119054",52.355706,4.97029,2018-01-22 13:33:34,2018-01-22 13:38:11,5,NA,NA,NA,19507.313493,15386.466378,FALSE,NA,NA,NA,NA,NA,NA,TRUE
"7039","A69-1602-3219",7039,"Noordzeekanaal","ARK Noord","VR2W-119054",52.355706,4.97029,2018-01-22 15:08:14,2018-01-23 01:45:28,119,NA,NA,NA,19507.313493,15386.466378,FALSE,NA,NA,NA,NA,NA,NA,TRUE
"7040","A69-1602-3219",7040,"Noordzeekanaal","ARK Noord","VR2W-119054",52.355706,4.97029,2018-01-23 03:00:42,2018-01-23 03:31:37,2,NA,NA,NA,19507.313493,15386.466378,FALSE,NA,NA,NA,NA,NA,NA,TRUE
"7041","A69-1602-3219",7041,"Noordzeekanaal","ARK Noord","VR2W-119054",52.355706,4.97029,2018-01-23 04:48:14,2018-01-23 07:01:40,15,NA,NA,NA,19507.313493,15386.466378,FALSE,NA,NA,NA,NA,NA,NA,TRUE
"7042","A69-1602-3219",7042,"Noordzeekanaal","ARK Noord","VR2W-119054",52.355706,4.97029,2018-01-23 08:07:55,2018-01-23 10:49:55,9,NA,NA,NA,19507.313493,15386.466378,FALSE,NA,NA,NA,NA,NA,NA,TRUE
"7043","A69-1602-3219",7043,"Noordzeekanaal","ARK Noord","VR2W-119054",52.355706,4.97029,2018-01-23 14:34:43,2018-01-23 14:34:43,1,NA,NA,NA,19507.313493,15386.466378,FALSE,NA,NA,NA,NA,NA,NA,TRUE
"7044","A69-1602-3219",7044,"Noordzeekanaal","ARK Noord","VR2W-119054",52.355706,4.97029,2018-01-23 16:26:59,2018-01-23 16:26:59,1,NA,NA,NA,19507.313493,15386.466378,FALSE,NA,NA,NA,NA,NA,NA,TRUE
"7045","A69-1602-3219",7045,"Noordzeekanaal","ARK Noord","VR2W-119054",52.355706,4.97029,2018-01-23 18:19:50,2018-01-24 03:27:12,124,NA,NA,NA,19507.313493,15386.466378,FALSE,NA,NA,NA,NA,NA,NA,TRUE
"7046","A69-1602-3219",7046,"Noordzeekanaal","ARK Noord","VR2W-119054",52.355706,4.97029,2018-01-24 04:28:03,2018-01-24 07:00:07,30,NA,NA,NA,19507.313493,15386.466378,FALSE,NA,NA,NA,NA,NA,NA,TRUE
"7047","A69-1602-3219",7047,"Noordzeekanaal","ARK Noord","VR2W-119054",52.355706,4.97029,2018-01-24 09:25:29,2018-01-24 11:36:00,11,NA,NA,NA,19507.313493,15386.466378,FALSE,NA,NA,NA,NA,NA,NA,TRUE
"7048","A69-1602-3219",7048,"Noordzeekanaal","ARK Noord","VR2W-119054",52.355706,4.97029,2018-01-24 12:56:01,2018-01-24 14:05:12,11,NA,NA,NA,19507.313493,15386.466378,FALSE,NA,NA,NA,NA,NA,NA,TRUE
"7049","A69-1602-3219",7049,"Noordzeekanaal","ARK Noord","VR2W-119054",52.355706,4.97029,2018-01-24 15:12:33,2018-01-24 18:14:17,11,NA,NA,NA,19507.313493,15386.466378,FALSE,NA,NA,NA,NA,NA,NA,TRUE
"7050","A69-1602-3219",7050,"Noordzeekanaal","ARK Noord","VR2W-119054",52.355706,4.97029,2018-01-24 20:15:48,2018-01-24 20:15:48,1,NA,NA,NA,19507.313493,15386.466378,FALSE,NA,NA,NA,NA,NA,NA,TRUE
"7051","A69-1602-3219",7051,"Noordzeekanaal","ARK Noord","VR2W-119054",52.355706,4.97029,2018-01-24 21:45:28,2018-01-24 21:45:28,1,NA,NA,NA,19507.313493,15386.466378,FALSE,NA,NA,NA,NA,NA,NA,TRUE
"7052","A69-1602-3219",7052,"Noordzeekanaal","ARK Noord","VR2W-119054",52.355706,4.97029,2018-01-25 00:02:14,2018-01-25 01:01:30,20,NA,NA,NA,19507.313493,15386.466378,FALSE,NA,NA,NA,NA,NA,NA,TRUE
"7053","A69-1602-3219",7053,"Noordzeekanaal","ARK Noord","VR2W-119054",52.355706,4.97029,2018-01-25 02:38:47,2018-01-25 06:03:18,11,NA,NA,NA,19507.313493,15386.466378,FALSE,NA,NA,NA,NA,NA,NA,TRUE
"7054","A69-1602-3219",7054,"Noordzeekanaal","ARK Noord","VR2W-119054",52.355706,4.97029,2018-01-25 07:50:03,2018-01-25 07:50:49,2,NA,NA,NA,19507.313493,15386.466378,FALSE,NA,NA,NA,NA,NA,NA,TRUE
"7055","A69-1602-3219",7055,"Noordzeekanaal","ARK Noord","VR2W-119054",52.355706,4.97029,2018-01-25 08:51:48,2018-01-25 16:48:35,53,NA,NA,NA,19507.313493,15386.466378,FALSE,NA,NA,NA,NA,NA,NA,TRUE
"7056","A69-1602-3219",7056,"Noordzeekanaal","ARK Noord","VR2W-119054",52.355706,4.97029,2018-01-25 18:22:52,2018-01-25 22:20:45,78,NA,NA,NA,19507.313493,15386.466378,FALSE,NA,NA,NA,NA,NA,NA,TRUE
"7057","A69-1602-3219",7057,"Noordzeekanaal","ARK Noord","VR2W-119054",52.355706,4.97029,2018-01-26 00:24:34,2018-01-26 12:32:02,308,NA,NA,NA,19507.313493,15386.466378,FALSE,NA,NA,NA,NA,NA,NA,TRUE
"7058","A69-1602-3219",7058,"Noordzeekanaal","ARK Noord","VR2W-119054",52.355706,4.97029,2018-01-26 14:14:52,2018-01-26 14:48:46,2,NA,NA,NA,19507.313493,15386.466378,FALSE,NA,NA,NA,NA,NA,NA,TRUE
"7059","A69-1602-3219",7059,"Noordzeekanaal","ARK Noord","VR2W-119054",52.355706,4.97029,2018-01-26 16:55:53,2018-01-26 17:09:52,3,NA,NA,NA,19507.313493,15386.466378,FALSE,NA,NA,NA,NA,NA,NA,TRUE
"7060","A69-1602-3219",7060,"Noordzeekanaal","ARK Noord","VR2W-119054",52.355706,4.97029,2018-01-26 18:39:32,2018-01-27 08:32:15,308,NA,NA,NA,19507.313493,15386.466378,FALSE,NA,NA,NA,NA,NA,NA,TRUE
"7061","A69-1602-3219",7061,"Noordzeekanaal","ARK Noord","VR2W-119054",52.355706,4.97029,2018-01-27 09:33:45,2018-01-29 03:44:26,1074,NA,NA,NA,19507.313493,15386.466378,FALSE,NA,NA,NA,NA,NA,NA,TRUE
"7062","A69-1602-3219",7062,"Noordzeekanaal","ARK Noord","VR2W-119054",52.355706,4.97029,2018-01-29 04:51:07,2018-01-29 04:51:07,1,NA,NA,NA,19507.313493,15386.466378,FALSE,NA,NA,NA,NA,NA,NA,TRUE
"7063","A69-1602-3219",7063,"Noordzeekanaal","ARK Noord","VR2W-119054",52.355706,4.97029,2018-01-29 06:02:00,2018-01-29 06:02:00,1,NA,NA,NA,19507.313493,15386.466378,FALSE,NA,NA,NA,NA,NA,NA,TRUE
"7064","A69-1602-3219",7064,"Noordzeekanaal","ARK Noord","VR2W-119054",52.355706,4.97029,2018-01-29 09:01:06,2018-01-29 13:57:52,60,NA,NA,NA,19507.313493,15386.466378,FALSE,NA,NA,NA,NA,NA,NA,TRUE
"7065","A69-1602-3219",7065,"Noordzeekanaal","ARK Noord","VR2W-119054",52.355706,4.97029,2018-01-29 15:09:13,2018-01-31 10:29:03,1139,NA,NA,NA,19507.313493,15386.466378,FALSE,NA,NA,NA,NA,NA,NA,TRUE
"7066","A69-1602-3219",7066,"Noordzeekanaal","ARK Noord","VR2W-119054",52.355706,4.97029,2018-01-31 11:42:10,2018-02-01 06:19:11,490,NA,NA,NA,19507.313493,15386.466378,FALSE,NA,NA,NA,NA,NA,NA,TRUE
"7067","A69-1602-3219",7067,"Noordzeekanaal","ARK Noord","VR2W-119054",52.355706,4.97029,2018-02-01 07:54:55,2018-02-02 04:53:53,437,NA,NA,NA,19507.313493,15386.466378,FALSE,NA,NA,NA,NA,NA,NA,TRUE
"7068","A69-1602-3219",7068,"Noordzeekanaal","ARK Noord","VR2W-119054",52.355706,4.97029,2018-02-02 05:59:32,2018-02-02 06:44:38,6,NA,NA,NA,19507.313493,15386.466378,FALSE,NA,NA,NA,NA,NA,NA,TRUE
"7069","A69-1602-3219",7069,"Noordzeekanaal","ARK Noord","VR2W-119054",52.355706,4.97029,2018-02-02 08:03:11,2018-02-02 09:00:04,11,NA,NA,NA,19507.313493,15386.466378,FALSE,NA,NA,NA,NA,NA,NA,TRUE
"7070","A69-1602-3219",7070,"Noordzeekanaal","ARK Noord","VR2W-119054",52.355706,4.97029,2018-02-02 10:06:24,2018-02-02 16:19:58,40,NA,NA,NA,19507.313493,15386.466378,FALSE,NA,NA,NA,NA,NA,NA,TRUE
"7071","A69-1602-3219",7071,"Noordzeekanaal","ARK Noord","VR2W-119054",52.355706,4.97029,2018-02-02 17:49:20,2018-02-02 20:11:55,63,NA,NA,NA,19507.313493,15386.466378,FALSE,NA,NA,NA,NA,NA,NA,TRUE
"7072","A69-1602-3219",7072,"Noordzeekanaal","ARK Noord","VR2W-119054",52.355706,4.97029,2018-02-03 00:07:37,2018-02-03 00:24:44,2,NA,NA,NA,19507.313493,15386.466378,FALSE,NA,NA,NA,NA,NA,NA,TRUE
"7073","A69-1602-3219",7073,"Noordzeekanaal","ARK Noord","VR2W-119054",52.355706,4.97029,2018-02-03 01:45:06,2018-02-03 03:46:17,15,NA,NA,NA,19507.313493,15386.466378,FALSE,NA,NA,NA,NA,NA,NA,TRUE
"7074","A69-1602-3219",7074,"Noordzeekanaal","ARK Noord","VR2W-119054",52.355706,4.97029,2018-02-03 04:47:42,2018-02-03 05:01:30,6,NA,NA,NA,19507.313493,15386.466378,FALSE,NA,NA,NA,NA,NA,NA,TRUE
"7075","A69-1602-3219",7075,"Noordzeekanaal","ARK Noord","VR2W-119054",52.355706,4.97029,2018-02-03 11:20:20,2018-02-03 11:53:11,3,NA,NA,NA,19507.313493,15386.466378,FALSE,NA,NA,NA,NA,NA,NA,TRUE
"7076","A69-1602-3219",7076,"Noordzeekanaal","ARK Noord","VR2W-119054",52.355706,4.97029,2018-02-03 13:14:38,2018-02-03 13:14:38,1,NA,NA,NA,19507.313493,15386.466378,FALSE,NA,NA,NA,NA,NA,NA,TRUE
"7077","A69-1602-3219",7077,"Noordzeekanaal","ARK Noord","VR2W-119054",52.355706,4.97029,2018-02-03 15:35:06,2018-02-03 15:35:06,1,NA,NA,NA,19507.313493,15386.466378,FALSE,NA,NA,NA,NA,NA,NA,TRUE
"7078","A69-1602-3219",7078,"Noordzeekanaal","ARK Noord","VR2W-119054",52.355706,4.97029,2018-02-03 18:37:18,2018-02-03 22:18:41,37,NA,NA,NA,19507.313493,15386.466378,FALSE,NA,NA,NA,NA,NA,NA,TRUE
"7079","A69-1602-3219",7079,"Noordzeekanaal","ARK Noord","VR2W-119054",52.355706,4.97029,2018-02-04 00:41:52,2018-02-04 07:20:43,54,NA,NA,NA,19507.313493,15386.466378,FALSE,NA,NA,NA,NA,NA,NA,TRUE
"7080","A69-1602-3219",7080,"Noordzeekanaal","ARK Noord","VR2W-119054",52.355706,4.97029,2018-02-04 08:28:32,2018-02-04 09:32:57,3,NA,NA,NA,19507.313493,15386.466378,FALSE,NA,NA,NA,NA,NA,NA,TRUE
"7081","A69-1602-3219",7081,"Noordzeekanaal","ARK Noord","VR2W-119054",52.355706,4.97029,2018-02-04 21:05:24,2018-02-04 22:36:28,22,NA,NA,NA,19507.313493,15386.466378,FALSE,NA,NA,NA,NA,NA,NA,TRUE
"7082","A69-1602-3219",7082,"Noordzeekanaal","ARK Noord","VR2W-119054",52.355706,4.97029,2018-02-05 00:40:25,2018-02-05 02:40:35,62,NA,NA,NA,19507.313493,15386.466378,FALSE,NA,NA,NA,NA,NA,NA,TRUE
"7083","A69-1602-3219",7083,"Noordzeekanaal","ARK Noord","VR2W-119054",52.355706,4.97029,2018-02-05 04:18:05,2018-02-05 05:23:16,10,NA,NA,NA,19507.313493,15386.466378,FALSE,NA,NA,NA,NA,NA,NA,TRUE
"7084","A69-1602-3219",7084,"Noordzeekanaal","ARK Noord","VR2W-119054",52.355706,4.97029,2018-02-05 06:33:03,2018-02-05 06:44:03,3,NA,NA,NA,19507.313493,15386.466378,FALSE,NA,NA,NA,NA,NA,NA,TRUE
"7085","A69-1602-3219",7085,"Noordzeekanaal","ARK Noord","VR2W-119054",52.355706,4.97029,2018-02-05 17:16:32,2018-02-05 17:19:36,3,NA,NA,NA,19507.313493,15386.466378,FALSE,NA,NA,NA,NA,NA,NA,TRUE
"7086","A69-1602-3219",7086,"Noordzeekanaal","ARK Noord","VR2W-119054",52.355706,4.97029,2018-02-05 19:28:40,2018-02-05 20:07:02,4,NA,NA,NA,19507.313493,15386.466378,FALSE,NA,NA,NA,NA,NA,NA,TRUE
"7087","A69-1602-3219",7087,"Noordzeekanaal","ARK Noord","VR2W-119054",52.355706,4.97029,2018-02-05 22:08:50,2018-02-06 00:35:13,16,NA,NA,NA,19507.313493,15386.466378,FALSE,NA,NA,NA,NA,NA,NA,TRUE
"7088","A69-1602-3219",7088,"Noordzeekanaal","ARK Noord","VR2W-119054",52.355706,4.97029,2018-02-06 01:40:45,2018-02-06 02:40:01,3,NA,NA,NA,19507.313493,15386.466378,FALSE,NA,NA,NA,NA,NA,NA,TRUE
"7089","A69-1602-3219",7089,"Noordzeekanaal","ARK Noord","VR2W-119054",52.355706,4.97029,2018-02-06 08:23:55,2018-02-06 08:24:30,2,NA,NA,NA,19507.313493,15386.466378,FALSE,NA,NA,NA,NA,NA,NA,TRUE
"7090","A69-1602-3219",7090,"Noordzeekanaal","ARK Noord","VR2W-119054",52.355706,4.97029,2018-02-06 13:30:44,2018-02-06 14:46:38,3,NA,NA,NA,19507.313493,15386.466378,FALSE,NA,NA,NA,NA,NA,NA,TRUE
"7091","A69-1602-3219",7091,"Noordzeekanaal","ARK Noord","VR2W-119054",52.355706,4.97029,2018-02-06 20:46:13,2018-02-06 20:46:13,1,NA,NA,NA,19507.313493,15386.466378,FALSE,NA,NA,NA,NA,NA,NA,TRUE
"7092","A69-1602-3219",7092,"Noordzeekanaal","ARK Noord","VR2W-119054",52.355706,4.97029,2018-02-07 00:17:06,2018-02-07 01:35:50,8,NA,NA,NA,19507.313493,15386.466378,FALSE,NA,NA,NA,NA,NA,NA,TRUE
"7093","A69-1602-3219",7093,"Noordzeekanaal","ARK Noord","VR2W-119054",52.355706,4.97029,2018-02-07 03:40:02,2018-02-07 03:40:02,1,NA,NA,NA,19507.313493,15386.466378,FALSE,NA,NA,NA,NA,NA,NA,TRUE
"7094","A69-1602-3219",7094,"Noordzeekanaal","ARK Noord","VR2W-119054",52.355706,4.97029,2018-02-07 04:52:34,2018-02-07 04:52:34,1,NA,NA,NA,19507.313493,15386.466378,FALSE,NA,NA,NA,NA,NA,NA,TRUE
"7095","A69-1602-3219",7095,"Noordzeekanaal","ARK Noord","VR2W-119054",52.355706,4.97029,2018-02-08 13:28:03,2018-02-08 13:32:46,2,NA,NA,NA,19507.313493,15386.466378,FALSE,NA,NA,NA,NA,NA,NA,TRUE
"7096","A69-1602-3219",7096,"Noordzeekanaal","ARK Noord","VR2W-119054",52.355706,4.97029,2018-02-08 15:59:51,2018-02-08 15:59:51,1,NA,NA,NA,19507.313493,15386.466378,FALSE,NA,NA,NA,NA,NA,NA,TRUE
"7097","A69-1602-3219",7097,"Noordzeekanaal","ARK Noord","VR2W-119054",52.355706,4.97029,2018-02-08 18:32:18,2018-02-08 18:32:18,1,NA,NA,NA,19507.313493,15386.466378,FALSE,NA,NA,NA,NA,NA,NA,TRUE
"7098","A69-1602-3219",7098,"Noordzeekanaal","ARK Noord","VR2W-119054",52.355706,4.97029,2018-02-09 02:40:58,2018-02-09 02:40:58,1,NA,NA,NA,19507.313493,15386.466378,FALSE,NA,NA,NA,NA,NA,NA,TRUE
"7099","A69-1602-3219",7099,"Noordzeekanaal","ARK Noord","VR2W-119054",52.355706,4.97029,2018-02-09 06:57:10,2018-02-09 06:57:10,1,NA,NA,NA,19507.313493,15386.466378,FALSE,NA,NA,NA,NA,NA,NA,TRUE
"7100","A69-1602-3219",7100,"Noordzeekanaal","ARK Noord","VR2W-119054",52.355706,4.97029,2018-02-09 08:36:21,2018-02-09 08:36:21,1,NA,NA,NA,19507.313493,15386.466378,FALSE,NA,NA,NA,NA,NA,NA,TRUE
"7101","A69-1602-3219",7101,"Noordzeekanaal","ARK Noord","VR2W-119054",52.355706,4.97029,2018-02-09 13:22:53,2018-02-09 13:23:27,2,NA,NA,NA,19507.313493,15386.466378,FALSE,NA,NA,NA,NA,NA,NA,TRUE
"7102","A69-1602-3219",7102,"Noordzeekanaal","ARK Noord","VR2W-119054",52.355706,4.97029,2018-02-09 23:16:39,2018-02-10 00:15:31,2,NA,NA,NA,19507.313493,15386.466378,FALSE,NA,NA,NA,NA,NA,NA,TRUE
"7103","A69-1602-3219",7103,"Noordzeekanaal","ARK Noord","VR2W-119054",52.355706,4.97029,2018-02-10 01:48:43,2018-02-10 01:48:43,1,NA,NA,NA,19507.313493,15386.466378,FALSE,NA,NA,NA,NA,NA,NA,TRUE
"7104","A69-1602-3219",7104,"Noordzeekanaal","ARK Noord","VR2W-119054",52.355706,4.97029,2018-02-10 15:16:54,2018-02-10 16:32:49,5,NA,NA,NA,19507.313493,15386.466378,FALSE,NA,NA,NA,NA,NA,NA,TRUE
"7105","A69-1602-3219",7105,"Noordzeekanaal","ARK Noord","VR2W-119054",52.355706,4.97029,2018-02-10 17:58:19,2018-02-10 19:53:00,8,NA,NA,NA,19507.313493,15386.466378,FALSE,NA,NA,NA,NA,NA,NA,TRUE
"7106","A69-1602-3219",7106,"Noordzeekanaal","ARK Noord","VR2W-119054",52.355706,4.97029,2018-02-11 04:03:26,2018-02-11 05:22:03,8,NA,NA,NA,19507.313493,15386.466378,FALSE,NA,NA,NA,NA,NA,NA,TRUE
"7107","A69-1602-3219",7107,"Noordzeekanaal","ARK Noord","VR2W-119054",52.355706,4.97029,2018-02-11 06:43:56,2018-02-11 06:44:46,2,NA,NA,NA,19507.313493,15386.466378,FALSE,NA,NA,NA,NA,NA,NA,TRUE
"7108","A69-1602-3219",7108,"Noordzeekanaal","ARK Noord","VR2W-119054",52.355706,4.97029,2018-02-11 18:11:42,2018-02-11 18:14:02,3,NA,NA,NA,19507.313493,15386.466378,FALSE,NA,NA,NA,NA,NA,NA,TRUE
"7109","A69-1602-3219",7109,"Noordzeekanaal","ARK Noord","VR2W-119054",52.355706,4.97029,2018-02-11 21:29:45,2018-02-11 21:29:45,1,NA,NA,NA,19507.313493,15386.466378,FALSE,NA,NA,NA,NA,NA,NA,TRUE
"7110","A69-1602-3219",7110,"Noordzeekanaal","ARK Noord","VR2W-119054",52.355706,4.97029,2018-02-11 23:06:52,2018-02-11 23:21:24,2,NA,NA,NA,19507.313493,15386.466378,FALSE,NA,NA,NA,NA,NA,NA,TRUE
"7111","A69-1602-3219",7111,"Noordzeekanaal","ARK Noord","VR2W-119054",52.355706,4.97029,2018-02-12 19:38:41,2018-02-12 19:38:41,1,NA,NA,NA,19507.313493,15386.466378,FALSE,NA,NA,NA,NA,NA,NA,TRUE
"7112","A69-1602-3219",7112,"Noordzeekanaal","ARK Noord","VR2W-119054",52.355706,4.97029,2018-02-13 00:14:59,2018-02-13 05:10:48,66,NA,NA,NA,19507.313493,15386.466378,FALSE,NA,NA,NA,NA,NA,NA,TRUE
"7113","A69-1602-3219",7113,"Noordzeekanaal","ARK Noord","VR2W-119054",52.355706,4.97029,2018-02-13 06:32:54,2018-02-13 06:32:54,1,NA,NA,NA,19507.313493,15386.466378,FALSE,NA,NA,NA,NA,NA,NA,TRUE
"7114","A69-1602-3219",7114,"Noordzeekanaal","ARK Noord","VR2W-119054",52.355706,4.97029,2018-02-13 08:24:46,2018-02-13 08:26:51,4,NA,NA,NA,19507.313493,15386.466378,FALSE,NA,NA,NA,NA,NA,NA,TRUE
"7115","A69-1602-3219",7115,"Noordzeekanaal","ARK Noord","VR2W-119054",52.355706,4.97029,2018-02-13 15:00:27,2018-02-13 15:00:27,1,NA,NA,NA,19507.313493,15386.466378,FALSE,NA,NA,NA,NA,NA,NA,TRUE
"7116","A69-1602-3219",7116,"Noordzeekanaal","ARK Noord","VR2W-119054",52.355706,4.97029,2018-02-14 09:20:48,2018-02-14 10:46:10,6,NA,NA,NA,19507.313493,15386.466378,FALSE,NA,NA,NA,NA,NA,NA,TRUE
"7117","A69-1602-3219",7117,"Noordzeekanaal","ARK Noord","VR2W-119054",52.355706,4.97029,2018-02-14 12:29:32,2018-02-14 12:29:32,1,NA,NA,NA,19507.313493,15386.466378,FALSE,NA,NA,NA,NA,NA,NA,TRUE
"7118","A69-1602-3219",7118,"Noordzeekanaal","ARK Noord","VR2W-119054",52.355706,4.97029,2018-02-15 23:19:37,2018-02-15 23:47:55,18,NA,NA,NA,19507.313493,15386.466378,FALSE,NA,NA,NA,NA,NA,NA,TRUE
"7119","A69-1602-3219",7119,"Noordzeekanaal","ARK Noord","VR2W-119054",52.355706,4.97029,2018-02-16 07:42:11,2018-02-16 09:10:43,6,NA,NA,NA,19507.313493,15386.466378,FALSE,NA,NA,NA,NA,NA,NA,TRUE
"7120","A69-1602-3219",7120,"Noordzeekanaal","ARK Noord","VR2W-119054",52.355706,4.97029,2018-02-16 18:24:21,2018-02-16 18:24:21,1,NA,NA,NA,19507.313493,15386.466378,FALSE,NA,NA,NA,NA,NA,NA,TRUE
"7121","A69-1602-3219",7121,"Noordzeekanaal","ARK Noord","VR2W-119054",52.355706,4.97029,2018-02-16 23:16:19,2018-02-16 23:55:41,13,NA,NA,NA,19507.313493,15386.466378,FALSE,NA,NA,NA,NA,NA,NA,TRUE
"7122","A69-1602-3219",7122,"Noordzeekanaal","ARK Noord","VR2W-119054",52.355706,4.97029,2018-02-17 21:45:58,2018-02-17 21:47:25,2,NA,NA,NA,19507.313493,15386.466378,FALSE,NA,NA,NA,NA,NA,NA,TRUE
"7123","A69-1602-3219",7123,"Noordzeekanaal","ARK Noord","VR2W-119054",52.355706,4.97029,2018-02-18 00:39:58,2018-02-18 01:26:19,15,NA,NA,NA,19507.313493,15386.466378,FALSE,NA,NA,NA,NA,NA,NA,TRUE
"7124","A69-1602-3219",7124,"Noordzeekanaal","ARK Noord","VR2W-119054",52.355706,4.97029,2018-02-18 13:51:21,2018-02-18 14:12:25,8,NA,NA,NA,19507.313493,15386.466378,FALSE,NA,NA,NA,NA,NA,NA,TRUE
"7125","A69-1602-3219",7125,"Noordzeekanaal","ARK Noord","VR2W-119054",52.355706,4.97029,2018-02-19 02:50:24,2018-02-19 02:50:24,1,NA,NA,NA,19507.313493,15386.466378,FALSE,NA,NA,NA,NA,NA,NA,TRUE
"7126","A69-1602-3219",7126,"Noordzeekanaal","ARK Noord","VR2W-119054",52.355706,4.97029,2018-02-20 00:33:46,2018-02-20 00:39:26,6,NA,NA,NA,19507.313493,15386.466378,FALSE,NA,NA,NA,NA,NA,NA,TRUE
"7127","A69-1602-3219",7127,"Noordzeekanaal","ARK Noord","VR2W-119054",52.355706,4.97029,2018-02-20 10:36:40,2018-02-20 10:36:40,1,NA,NA,NA,19507.313493,15386.466378,FALSE,NA,NA,NA,NA,NA,NA,TRUE
"7128","A69-1602-3219",7128,"Noordzeekanaal","ARK Noord","VR2W-119054",52.355706,4.97029,2018-02-20 14:33:49,2018-02-20 14:33:49,1,NA,NA,NA,19507.313493,15386.466378,FALSE,NA,NA,NA,NA,NA,NA,TRUE
"7129","A69-1602-3219",7129,"Noordzeekanaal","ARK Noord","VR2W-119054",52.355706,4.97029,2018-02-20 20:20:06,2018-02-20 20:22:07,2,NA,NA,NA,19507.313493,15386.466378,FALSE,NA,NA,NA,NA,NA,NA,TRUE
"7130","A69-1602-3219",7130,"Noordzeekanaal","ARK Noord","VR2W-119054",52.355706,4.97029,2018-02-20 21:48:51,2018-02-20 22:12:05,12,NA,NA,NA,19507.313493,15386.466378,FALSE,NA,NA,NA,NA,NA,NA,TRUE
"7131","A69-1602-3219",7131,"Noordzeekanaal","ARK Noord","VR2W-119054",52.355706,4.97029,2018-02-21 07:44:49,2018-02-21 07:44:49,1,NA,NA,NA,19507.313493,15386.466378,FALSE,NA,NA,NA,NA,NA,NA,TRUE
"7132","A69-1602-3219",7132,"Noordzeekanaal","ARK Noord","VR2W-119054",52.355706,4.97029,2018-02-22 14:23:19,2018-02-22 14:23:19,1,NA,NA,NA,19507.313493,15386.466378,FALSE,NA,NA,NA,NA,NA,NA,TRUE
"7133","A69-1602-3219",7133,"Noordzeekanaal","ARK Noord","VR2W-119054",52.355706,4.97029,2018-02-22 18:03:16,2018-02-22 18:17:45,13,NA,NA,NA,19507.313493,15386.466378,FALSE,NA,NA,NA,NA,NA,NA,TRUE
"7134","A69-1602-3219",7134,"Noordzeekanaal","ARK Noord","VR2W-119054",52.355706,4.97029,2018-02-23 04:47:10,2018-02-23 04:47:10,1,NA,NA,NA,19507.313493,15386.466378,FALSE,NA,NA,NA,NA,NA,NA,TRUE
"7135","A69-1602-3219",7135,"Noordzeekanaal","ARK Noord","VR2W-119054",52.355706,4.97029,2018-03-06 02:54:50,2018-03-06 02:54:50,1,NA,NA,NA,19507.313493,15386.466378,FALSE,NA,NA,NA,NA,NA,NA,TRUE
"7136","A69-1602-3219",7136,"Noordzeekanaal","ARK Noord","VR2W-119054",52.355706,4.97029,2018-03-07 15:13:01,2018-03-07 15:13:01,1,NA,NA,NA,19507.313493,15386.466378,FALSE,NA,NA,NA,NA,NA,NA,TRUE
"7137","A69-1602-3219",7137,"Noordzeekanaal","ARK Noord","VR2W-119054",52.355706,4.97029,2018-03-15 20:23:59,2018-03-15 20:23:59,1,NA,NA,NA,19507.313493,15386.466378,NA,NA,NA,NA,NA,NA,NA,TRUE
"7138","A69-1602-3220",7138,"Noordzeekanaal","rel_noordzeekanaal13","none",52.244517,5.047218,2017-10-26 14:00:00,2017-10-26 14:00:00,1,NA,NA,NA,0,0,FALSE,NA,NA,NA,NA,NA,NA,FALSE
"7139","A69-1602-3220",7139,"Noordzeekanaal","Loosdrecht 1","VR2W-119047",52.231981,5.032877,2017-10-29 00:49:25,2017-10-29 00:55:01,7,211765,1872.57753,0.008843,1872.57753,-1872.57753,FALSE,1324.113468,4,2017-10-30 08:11:51,3196.690998,112946,0.0283028261115932,FALSE
"7140","A69-1602-3220",7140,"Noordzeekanaal","Loosdrecht 1","VR2W-119047",52.231981,5.032877,2017-10-29 12:06:16,2017-10-29 15:45:36,272,NA,NA,NA,1872.57753,-1872.57753,TRUE,1324.113468,4,2017-10-30 08:11:51,3196.690998,72335,0.0441928664961637,TRUE
"7141","A69-1602-3220",7141,"Noordzeekanaal","Loosdrecht 3","VR2W-119069",52.256101,5.043167,2017-10-30 08:11:51,2017-10-30 08:55:01,46,59175,3113.858352,0.052621,4986.435882,1324.113468,TRUE,15386.466378,5,2017-11-01 08:47:51,14062.35291,174960,0.080374673696845,TRUE
"7142","A69-1602-3220",7142,"Noordzeekanaal","ARK Noord","VR2W-119054",52.355706,4.97029,2017-11-01 08:47:51,2017-11-01 08:47:51,1,172370,14179.496674,0.082262,19165.932556,15386.466378,FALSE,18583.157376,8,2017-11-02 13:10:53,3196.690998,102182,0.0312842868411266,TRUE
"7143","A69-1602-3220",7143,"Noordzeekanaal","ARK Noord","VR2W-119054",52.355706,4.97029,2017-11-02 08:56:04,2017-11-02 09:44:43,32,NA,NA,NA,19165.932556,15386.466378,FALSE,18583.157376,8,2017-11-02 13:10:53,3196.690998,15289,0.209084374256001,TRUE
"7144","A69-1602-3220",7144,"Noordzeekanaal","ARK Noord","VR2W-119054",52.355706,4.97029,2017-11-02 10:46:56,2017-11-02 10:46:56,1,NA,NA,NA,19165.932556,15386.466378,TRUE,18583.157376,8,2017-11-02 13:10:53,3196.690998,8637,0.370115896491837,TRUE
"7145","A69-1602-3220",7145,"Noordzeekanaal","Oranjesluis","VR2W-102056",52.380016,4.955998,2017-11-02 13:10:53,2017-11-02 21:24:59,156,8637,3196.690998,0.370116,22362.623554,18583.157376,FALSE,NA,NA,NA,NA,NA,NA,TRUE
"7146","A69-1602-3220",7146,"Noordzeekanaal","Oranjesluis","VR2W-102056",52.380016,4.955998,2017-11-03 01:41:29,2017-11-03 02:25:20,8,NA,NA,NA,22362.623554,18583.157376,FALSE,NA,NA,NA,NA,NA,NA,TRUE
"7147","A69-1602-3220",7147,"Noordzeekanaal","Oranjesluis","VR2W-114163",52.382553,4.959779,2017-11-09 00:55:05,2017-11-09 00:55:05,1,NA,NA,NA,22362.623554,18583.157376,NA,NA,NA,NA,NA,NA,NA,TRUE
"7148","A69-1602-3221",7148,"Noordzeekanaal","rel_noordzeekanaal13","none",52.244517,5.047218,2017-10-26 14:00:00,2017-10-26 14:00:00,1,NA,NA,NA,0,0,TRUE,1324.113468,2,2017-10-26 14:08:09,1324.113468,489,2.70779850306748,TRUE
"7149","A69-1602-3221",7149,"Noordzeekanaal","Loosdrecht 3","VR2W-119069",52.256101,5.043167,2017-10-26 14:08:09,2017-10-26 16:58:50,167,489,1324.113468,2.707799,1324.113468,1324.113468,FALSE,15386.466378,11,2017-12-08 02:50:37,14062.35291,3674548,0.00382696127795854,TRUE
"7150","A69-1602-3221",7150,"Noordzeekanaal","Loosdrecht 3","VR2W-119069",52.256101,5.043167,2017-11-27 04:40:16,2017-11-27 06:15:41,111,NA,NA,NA,1324.113468,1324.113468,FALSE,15386.466378,11,2017-12-08 02:50:37,14062.35291,943821,0.0148993854872905,TRUE
"7151","A69-1602-3221",7151,"Noordzeekanaal","Loosdrecht 3","VR2W-119069",52.256101,5.043167,2017-11-29 00:18:35,2017-11-29 01:26:34,71,NA,NA,NA,1324.113468,1324.113468,FALSE,NA,NA,NA,NA,NA,NA,TRUE
"7152","A69-1602-3221",7152,"Noordzeekanaal","Loosdrecht2a sluis","VR2W-120092",52.243116,5.048159,2017-11-29 02:11:26,2017-11-29 02:15:04,2,2692,1565.507207,0.581541,2889.620675,-241.393739,FALSE,NA,NA,NA,NA,NA,NA,TRUE
"7153","A69-1602-3221",7153,"Noordzeekanaal","Loosdrecht 1","VR2W-119047",52.231981,5.032877,2017-11-29 03:51:31,2017-11-29 04:28:10,35,5787,1889.732082,0.326548,4779.352757,-1872.57753,TRUE,-241.393739,7,2017-11-29 06:51:51,1631.183791,10820,0.150756357763401,TRUE
"7154","A69-1602-3221",7154,"Noordzeekanaal","Loosdrecht2a sluis","VR2W-120092",52.243116,5.048159,2017-11-29 06:51:51,2017-11-29 06:55:51,3,8621,1889.732082,0.219201,6669.084839,-241.393739,FALSE,1324.113468,9,2017-11-29 19:57:13,1565.507207,47122,0.0332224270404482,TRUE
"7155","A69-1602-3221",7155,"Noordzeekanaal","Loosdrecht2a sluis","VR2W-120092",52.243116,5.048159,2017-11-29 17:09:13,2017-11-29 17:09:13,1,NA,NA,NA,6669.084839,-241.393739,TRUE,1324.113468,9,2017-11-29 19:57:13,1565.507207,10080,0.155308254662698,TRUE
"7156","A69-1602-3221",7156,"Noordzeekanaal","Loosdrecht 3","VR2W-119069",52.256101,5.043167,2017-11-29 19:57:13,2017-11-29 22:50:30,128,10080,1565.507207,0.155308,8234.592046,1324.113468,FALSE,15386.466378,11,2017-12-08 02:50:37,14062.35291,716004,0.0196400479745923,TRUE
"7157","A69-1602-3221",7157,"Noordzeekanaal","Loosdrecht 3","VR2W-119069",52.256101,5.043167,2017-11-30 00:49:27,2017-11-30 02:41:15,122,NA,NA,NA,8234.592046,1324.113468,TRUE,15386.466378,11,2017-12-08 02:50:37,14062.35291,698470,0.0201330807479205,TRUE
"7158","A69-1602-3221",7158,"Noordzeekanaal","ARK Noord","VR2W-119054",52.355706,4.97029,2017-12-08 02:50:37,2017-12-08 03:38:52,29,691762,14179.496674,0.020498,22414.08872,15386.466378,TRUE,18583.157376,12,2017-12-10 16:45:20,3196.690998,222883,0.0143424621797086,TRUE
"7159","A69-1602-3221",7159,"Noordzeekanaal","Oranjesluis","VR2W-114163",52.382553,4.959779,2017-12-10 16:45:20,2017-12-10 16:45:20,1,219988,3196.690998,0.014531,25610.779718,18583.157376,TRUE,43808.133762,13,2017-12-21 23:47:47,25224.976386,975747,0.0258519640706044,TRUE
"7160","A69-1602-3221",7160,"Noordzeekanaal","Noordzeekanaal","VR2W-114165",52.462798,4.633995,2017-12-21 23:47:47,2017-12-22 00:27:27,26,975747,25893.527849,0.026537,51504.307567,43808.133762,TRUE,45415.05276,14,2017-12-22 00:28:32,1606.918998,2445,0.65722658404908,TRUE
"7161","A69-1602-3221",7161,"Noordzeekanaal","Grote sluis NZK","VR2W-114178",52.467488,4.613347,2017-12-22 00:28:32,2017-12-22 00:28:32,1,65,1606.918999,24.721831,53111.226566,45415.05276,FALSE,NA,NA,NA,NA,NA,NA,TRUE
"7162","A69-1602-3221",7162,"Noordzeekanaal","Noordzeekanaal","VR2W-114165",52.462798,4.633995,2017-12-22 00:31:15,2017-12-22 00:43:07,24,163,1606.918999,9.858399,54718.145565,43808.133762,TRUE,45415.05276,16,2017-12-22 00:44:08,1606.918998,773,2.07880853557568,TRUE
"7163","A69-1602-3221",7163,"Noordzeekanaal","Grote sluis NZK","VR2W-114178",52.467488,4.613347,2017-12-22 00:44:08,2017-12-22 00:44:08,1,61,1606.918999,26.342934,56325.064564,45415.05276,FALSE,NA,NA,NA,NA,NA,NA,TRUE
"7164","A69-1602-3221",7164,"Noordzeekanaal","Noordzeekanaal","VR2W-114164",52.465232,4.633992,2017-12-22 00:46:39,2017-12-22 00:57:05,26,151,1606.918999,10.641848,57931.983563,43808.133762,TRUE,45415.05276,18,2017-12-22 00:57:18,1606.918998,639,2.51474021596244,TRUE
"7165","A69-1602-3221",7165,"Noordzeekanaal","Grote sluis NZK","VR2W-114178",52.467488,4.613347,2017-12-22 00:57:18,2017-12-22 00:57:18,1,13,1606.918999,123.609154,59538.902562,45415.05276,FALSE,NA,NA,NA,NA,NA,NA,TRUE
"7166","A69-1602-3221",7166,"Noordzeekanaal","Noordzeekanaal","VR2W-114165",52.462798,4.633995,2017-12-22 00:57:30,2017-12-22 00:57:51,2,12,1606.918999,133.909917,61145.821561,43808.133762,TRUE,45415.05276,20,2017-12-22 00:57:56,1606.918998,26,61.8045768461539,TRUE
"7167","A69-1602-3221",7167,"Noordzeekanaal","Grote sluis NZK","VR2W-114178",52.467488,4.613347,2017-12-22 00:57:56,2017-12-22 00:57:56,1,5,1606.918999,321.3838,62752.74056,45415.05276,FALSE,NA,NA,NA,NA,NA,NA,TRUE
"7168","A69-1602-3221",7168,"Noordzeekanaal","Noordzeekanaal","VR2W-114165",52.462798,4.633995,2017-12-22 00:58:08,2017-12-22 00:59:58,4,12,1606.918999,133.909917,64359.659559,43808.133762,TRUE,45415.05276,22,2017-12-22 01:00:06,1606.918998,118,13.6179576101695,TRUE
"7169","A69-1602-3221",7169,"Noordzeekanaal","Grote sluis NZK","VR2W-114178",52.467488,4.613347,2017-12-22 01:00:06,2017-12-22 01:00:06,1,8,1606.918999,200.864875,65966.578558,45415.05276,FALSE,NA,NA,NA,NA,NA,NA,TRUE
"7170","A69-1602-3221",7170,"Noordzeekanaal","Noordzeekanaal","VR2W-114164",52.465232,4.633992,2017-12-22 01:00:41,2017-12-22 01:00:41,1,35,1606.918999,45.911971,67573.497557,43808.133762,TRUE,45415.05276,24,2017-12-22 01:00:55,1606.918998,14,114.779928428571,TRUE
"7171","A69-1602-3221",7171,"Noordzeekanaal","Grote sluis NZK","VR2W-114178",52.467488,4.613347,2017-12-22 01:00:55,2017-12-22 01:00:55,1,14,1606.918999,114.779928,69180.416556,45415.05276,FALSE,NA,NA,NA,NA,NA,NA,TRUE
"7172","A69-1602-3221",7172,"Noordzeekanaal","Noordzeekanaal","VR2W-114165",52.462798,4.633995,2017-12-22 01:01:12,2017-12-22 01:03:34,4,17,1606.918999,94.524647,70787.335555,43808.133762,TRUE,45415.05276,26,2017-12-22 01:03:48,1606.918998,156,10.3007628076923,TRUE
"7173","A69-1602-3221",7173,"Noordzeekanaal","Grote sluis NZK","VR2W-114178",52.467488,4.613347,2017-12-22 01:03:48,2017-12-22 01:03:48,1,14,1606.918999,114.779928,72394.254554,45415.05276,FALSE,NA,NA,NA,NA,NA,NA,TRUE
"7174","A69-1602-3221",7174,"Noordzeekanaal","Noordzeekanaal","VR2W-114165",52.462798,4.633995,2017-12-22 01:04:26,2017-12-22 01:04:26,1,38,1606.918999,42.287342,74001.173553,43808.133762,TRUE,45415.05276,28,2017-12-22 01:04:31,1606.918998,5,321.3837996,TRUE
"7175","A69-1602-3221",7175,"Noordzeekanaal","Grote sluis NZK","VR2W-114178",52.467488,4.613347,2017-12-22 01:04:31,2017-12-22 01:04:31,1,5,1606.918999,321.3838,75608.092552,45415.05276,FALSE,NA,NA,NA,NA,NA,NA,TRUE
"7176","A69-1602-3221",7176,"Noordzeekanaal","Noordzeekanaal","VR2W-114165",52.462798,4.633995,2017-12-22 01:05:17,2017-12-22 01:06:44,3,46,1606.918999,34.933022,77215.011551,43808.133762,TRUE,45415.05276,30,2017-12-22 01:07:02,1606.918998,105,15.3039904571429,TRUE
"7177","A69-1602-3221",7177,"Noordzeekanaal","Grote sluis NZK","VR2W-114178",52.467488,4.613347,2017-12-22 01:07:02,2017-12-22 01:07:02,1,18,1606.918999,89.273278,78821.93055,45415.05276,FALSE,NA,NA,NA,NA,NA,NA,TRUE
"7178","A69-1602-3221",7178,"Noordzeekanaal","Noordzeekanaal","VR2W-114165",52.462798,4.633995,2017-12-22 01:07:31,2017-12-22 01:35:18,35,29,1606.918999,55.411,80428.849549,43808.133762,TRUE,45415.05276,32,2017-12-22 01:37:47,1606.918998,1816,0.884867289647578,TRUE
"7179","A69-1602-3221",7179,"Noordzeekanaal","Grote sluis NZK","VR2W-114178",52.467488,4.613347,2017-12-22 01:37:47,2017-12-22 01:38:39,2,149,1606.918999,10.784691,82035.768548,45415.05276,FALSE,NA,NA,NA,NA,NA,NA,TRUE
"7180","A69-1602-3221",7180,"Noordzeekanaal","Noordzeekanaal","VR2W-114165",52.462798,4.633995,2017-12-22 01:48:49,2017-12-22 02:30:41,51,610,1606.918999,2.634293,83642.687547,43808.133762,TRUE,46132.124745,34,2017-12-22 02:30:59,2323.990983,2530,0.918573511067195,TRUE
"7181","A69-1602-3221",7181,"Noordzeekanaal","Middensluis NZK","VR2W-132417",52.465373,4.601803,2017-12-22 02:30:59,2017-12-22 02:30:59,1,18,2323.990983,129.11061,85966.67853,46132.124745,FALSE,NA,NA,NA,NA,NA,NA,TRUE
"7182","A69-1602-3221",7182,"Noordzeekanaal","Noordzeekanaal","VR2W-114164",52.465232,4.633992,2017-12-22 02:31:01,2017-12-22 02:31:01,1,2,2323.990983,1161.995492,88290.669513,43808.133762,TRUE,45415.05276,36,2017-12-22 02:31:08,1606.918998,7,229.559856857143,TRUE
"7183","A69-1602-3221",7183,"Noordzeekanaal","Grote sluis NZK","VR2W-114178",52.467488,4.613347,2017-12-22 02:31:08,2017-12-22 02:31:08,1,7,1606.918999,229.559857,89897.588512,45415.05276,FALSE,NA,NA,NA,NA,NA,NA,TRUE
"7184","A69-1602-3221",7184,"Noordzeekanaal","Noordzeekanaal","VR2W-114165",52.462798,4.633995,2017-12-22 02:31:26,2017-12-22 02:32:23,3,18,1606.918999,89.273278,91504.507511,43808.133762,TRUE,46132.124745,38,2017-12-22 02:32:25,2323.990983,59,39.3896776779662,TRUE
"7185","A69-1602-3221",7185,"Noordzeekanaal","Middensluis NZK","VR2W-132417",52.465373,4.601803,2017-12-22 02:32:25,2017-12-22 02:32:25,1,2,2323.990983,1161.995492,93828.498494,46132.124745,FALSE,NA,NA,NA,NA,NA,NA,TRUE
"7186","A69-1602-3221",7186,"Noordzeekanaal","Noordzeekanaal","VR2W-114165",52.462798,4.633995,2017-12-22 02:32:43,2017-12-22 02:33:03,2,18,2323.990983,129.11061,96152.489477,43808.133762,TRUE,46132.124745,40,2017-12-22 02:33:10,2323.990983,27,86.0737401111112,TRUE
"7187","A69-1602-3221",7187,"Noordzeekanaal","Middensluis NZK","VR2W-132417",52.465373,4.601803,2017-12-22 02:33:10,2017-12-22 02:33:25,2,7,2323.990983,331.998712,98476.48046,46132.124745,FALSE,NA,NA,NA,NA,NA,NA,TRUE
"7188","A69-1602-3221",7188,"Noordzeekanaal","Noordzeekanaal","VR2W-114165",52.462798,4.633995,2017-12-22 02:33:29,2017-12-22 02:33:29,1,4,2323.990983,580.997746,100800.471443,43808.133762,TRUE,46132.124745,42,2017-12-22 02:33:47,2323.990983,18,129.110610166667,TRUE
"7189","A69-1602-3221",7189,"Noordzeekanaal","Middensluis NZK","VR2W-132417",52.465373,4.601803,2017-12-22 02:33:47,2017-12-22 02:33:47,1,18,2323.990983,129.11061,103124.462426,46132.124745,FALSE,NA,NA,NA,NA,NA,NA,TRUE
"7190","A69-1602-3221",7190,"Noordzeekanaal","Noordzeekanaal","VR2W-114165",52.462798,4.633995,2017-12-22 02:34:07,2017-12-22 02:34:27,2,20,2323.990983,116.199549,105448.453409,43808.133762,TRUE,45415.05276,44,2017-12-22 02:34:51,1606.918998,44,36.5208863181818,TRUE
"7191","A69-1602-3221",7191,"Noordzeekanaal","Grote sluis NZK","VR2W-114178",52.467488,4.613347,2017-12-22 02:34:51,2017-12-22 02:35:37,2,24,1606.918999,66.954958,107055.372408,45415.05276,FALSE,NA,NA,NA,NA,NA,NA,TRUE
"7192","A69-1602-3221",7192,"Noordzeekanaal","Noordzeekanaal","VR2W-114165",52.462798,4.633995,2017-12-22 02:35:41,2017-12-22 02:36:02,2,4,1606.918999,401.72975,108662.291407,43808.133762,TRUE,45415.05276,46,2017-12-22 02:36:13,1606.918998,32,50.2162186875,TRUE
"7193","A69-1602-3221",7193,"Noordzeekanaal","Grote sluis NZK","VR2W-114178",52.467488,4.613347,2017-12-22 02:36:13,2017-12-22 02:36:13,1,11,1606.918999,146.083545,110269.210406,45415.05276,FALSE,NA,NA,NA,NA,NA,NA,TRUE
"7194","A69-1602-3221",7194,"Noordzeekanaal","Noordzeekanaal","VR2W-114165",52.462798,4.633995,2017-12-22 02:36:31,2017-12-22 02:36:52,2,18,1606.918999,89.273278,111876.129405,43808.133762,TRUE,45415.05276,48,2017-12-22 02:36:53,1606.918998,22,73.0417726363637,TRUE
"7195","A69-1602-3221",7195,"Noordzeekanaal","Grote sluis NZK","VR2W-114178",52.467488,4.613347,2017-12-22 02:36:53,2017-12-22 02:36:53,1,1,1606.918999,1606.918999,113483.048404,45415.05276,FALSE,NA,NA,NA,NA,NA,NA,TRUE
"7196","A69-1602-3221",7196,"Noordzeekanaal","Noordzeekanaal","VR2W-114165",52.462798,4.633995,2017-12-22 02:37:18,2017-12-22 02:37:38,2,25,1606.918999,64.27676,115089.967403,43808.133762,TRUE,45415.05276,50,2017-12-22 02:37:39,1606.918998,21,76.5199522857143,TRUE
"7197","A69-1602-3221",7197,"Noordzeekanaal","Grote sluis NZK","VR2W-114178",52.467488,4.613347,2017-12-22 02:37:39,2017-12-22 02:37:39,1,1,1606.918999,1606.918999,116696.886402,45415.05276,FALSE,NA,NA,NA,NA,NA,NA,TRUE
"7198","A69-1602-3221",7198,"Noordzeekanaal","Noordzeekanaal","VR2W-114165",52.462798,4.633995,2017-12-22 02:37:57,2017-12-22 02:42:52,15,18,1606.918999,89.273278,118303.805401,43808.133762,TRUE,45415.05276,52,2017-12-22 02:43:26,1606.918998,329,4.88425227355623,TRUE
"7199","A69-1602-3221",7199,"Noordzeekanaal","Grote sluis NZK","VR2W-114178",52.467488,4.613347,2017-12-22 02:43:26,2017-12-22 02:43:26,1,34,1606.918999,47.262323,119910.7244,45415.05276,FALSE,NA,NA,NA,NA,NA,NA,TRUE
"7200","A69-1602-3221",7200,"Noordzeekanaal","Noordzeekanaal","VR2W-114164",52.465232,4.633992,2017-12-22 02:43:35,2017-12-22 02:45:17,3,9,1606.918999,178.546555,121517.643399,43808.133762,TRUE,45415.05276,54,2017-12-22 02:45:18,1606.918998,103,15.6011553203884,TRUE
"7201","A69-1602-3221",7201,"Noordzeekanaal","Grote sluis NZK","VR2W-114178",52.467488,4.613347,2017-12-22 02:45:18,2017-12-22 02:45:18,1,1,1606.918999,1606.918999,123124.562398,45415.05276,FALSE,NA,NA,NA,NA,NA,NA,TRUE
"7202","A69-1602-3221",7202,"Noordzeekanaal","Noordzeekanaal","VR2W-114165",52.462798,4.633995,2017-12-22 02:45:43,2017-12-22 02:45:43,1,25,1606.918999,64.27676,124731.481397,43808.133762,TRUE,45415.05276,56,2017-12-22 02:46:04,1606.918998,21,76.5199522857143,TRUE
"7203","A69-1602-3221",7203,"Noordzeekanaal","Grote sluis NZK","VR2W-114178",52.467488,4.613347,2017-12-22 02:46:04,2017-12-22 02:46:42,2,21,1606.918999,76.519952,126338.400396,45415.05276,FALSE,NA,NA,NA,NA,NA,NA,TRUE
"7204","A69-1602-3221",7204,"Noordzeekanaal","Noordzeekanaal","VR2W-114164",52.465232,4.633992,2017-12-22 02:46:43,2017-12-22 02:57:44,11,1,1606.918999,1606.918999,127945.319395,43808.133762,TRUE,46132.124745,58,2017-12-22 02:57:50,2323.990983,667,3.48424435232384,TRUE
"7205","A69-1602-3221",7205,"Noordzeekanaal","Middensluis NZK","VR2W-132417",52.465373,4.601803,2017-12-22 02:57:50,2017-12-22 02:57:50,1,6,2323.990983,387.331831,130269.310378,46132.124745,FALSE,NA,NA,NA,NA,NA,NA,TRUE
"7206","A69-1602-3221",7206,"Noordzeekanaal","Noordzeekanaal","VR2W-114165",52.462798,4.633995,2017-12-22 02:58:26,2017-12-22 03:18:54,29,36,2323.990983,64.555305,132593.301361,43808.133762,TRUE,46132.124745,60,2017-12-22 03:19:01,2323.990983,1235,1.88177407530365,TRUE
"7207","A69-1602-3221",7207,"Noordzeekanaal","Middensluis NZK","VR2W-132417",52.465373,4.601803,2017-12-22 03:19:01,2017-12-22 03:19:01,1,7,2323.990983,331.998712,134917.292344,46132.124745,FALSE,NA,NA,NA,NA,NA,NA,TRUE
"7208","A69-1602-3221",7208,"Noordzeekanaal","Noordzeekanaal","VR2W-114165",52.462798,4.633995,2017-12-22 03:19:35,2017-12-22 03:41:12,26,34,2323.990983,68.352676,137241.283327,43808.133762,TRUE,46132.124745,62,2017-12-22 03:41:19,2323.990983,1304,1.78220167407976,TRUE
"7209","A69-1602-3221",7209,"Noordzeekanaal","Middensluis NZK","VR2W-132417",52.465373,4.601803,2017-12-22 03:41:19,2017-12-22 03:41:19,1,7,2323.990983,331.998712,139565.27431,46132.124745,FALSE,NA,NA,NA,NA,NA,NA,TRUE
"7210","A69-1602-3221",7210,"Noordzeekanaal","Noordzeekanaal","VR2W-114165",52.462798,4.633995,2017-12-22 03:45:05,2017-12-22 04:01:15,24,226,2323.990983,10.283146,141889.265293,43808.133762,TRUE,46132.124745,64,2017-12-22 04:02:59,2323.990983,1074,2.16386497486034,TRUE
"7211","A69-1602-3221",7211,"Noordzeekanaal","Middensluis NZK","VR2W-132417",52.465373,4.601803,2017-12-22 04:02:59,2017-12-22 04:02:59,1,104,2323.990983,22.346067,144213.256276,46132.124745,FALSE,NA,NA,NA,NA,NA,NA,TRUE
"7212","A69-1602-3221",7212,"Noordzeekanaal","Noordzeekanaal","VR2W-114165",52.462798,4.633995,2017-12-22 04:17:55,2017-12-22 05:08:44,34,896,2323.990983,2.59374,146537.247259,43808.133762,TRUE,46132.124745,66,2017-12-22 05:08:47,2323.990983,3052,0.761464935452164,TRUE
"7213","A69-1602-3221",7213,"Noordzeekanaal","Middensluis NZK","VR2W-132417",52.465373,4.601803,2017-12-22 05:08:47,2017-12-22 05:08:47,1,3,2323.990983,774.663661,148861.238242,46132.124745,FALSE,NA,NA,NA,NA,NA,NA,TRUE
"7214","A69-1602-3221",7214,"Noordzeekanaal","Noordzeekanaal","VR2W-114164",52.465232,4.633992,2017-12-22 05:09:05,2017-12-22 05:29:30,29,18,2323.990983,129.11061,151185.229225,43808.133762,TRUE,45415.05276,68,2017-12-22 05:30:33,1606.918998,1288,1.24760791770186,TRUE
"7215","A69-1602-3221",7215,"Noordzeekanaal","Grote sluis NZK","VR2W-114178",52.467488,4.613347,2017-12-22 05:30:33,2017-12-22 05:30:33,1,63,1606.918999,25.506651,152792.148224,45415.05276,FALSE,NA,NA,NA,NA,NA,NA,TRUE
"7216","A69-1602-3221",7216,"Noordzeekanaal","Noordzeekanaal","VR2W-114165",52.462798,4.633995,2017-12-22 05:31:58,2017-12-22 05:47:30,17,85,1606.918999,18.904929,154399.067223,43808.133762,TRUE,46132.124745,70,2017-12-22 05:48:25,2323.990983,987,2.35460079331307,TRUE
"7217","A69-1602-3221",7217,"Noordzeekanaal","Middensluis NZK","VR2W-132417",52.465373,4.601803,2017-12-22 05:48:25,2017-12-22 05:48:25,1,55,2323.990983,42.254382,156723.058206,46132.124745,FALSE,NA,NA,NA,NA,NA,NA,TRUE
"7218","A69-1602-3221",7218,"Noordzeekanaal","Noordzeekanaal","VR2W-114164",52.465232,4.633992,2017-12-22 05:48:37,2017-12-22 05:49:15,3,12,2323.990983,193.665915,159047.049189,43808.133762,TRUE,46132.124745,72,2017-12-22 05:50:39,2323.990983,122,19.0491064180328,TRUE
"7219","A69-1602-3221",7219,"Noordzeekanaal","Middensluis NZK","VR2W-132417",52.465373,4.601803,2017-12-22 05:50:39,2017-12-22 05:50:39,1,84,2323.990983,27.666559,161371.040172,46132.124745,FALSE,NA,NA,NA,NA,NA,NA,TRUE
"7220","A69-1602-3221",7220,"Noordzeekanaal","Noordzeekanaal","VR2W-114165",52.462798,4.633995,2017-12-22 05:53:28,2017-12-22 05:54:57,5,169,2323.990983,13.751426,163695.031155,43808.133762,TRUE,45415.05276,74,2017-12-22 05:55:30,1606.918998,122,13.1714671967213,TRUE
"7221","A69-1602-3221",7221,"Noordzeekanaal","Grote sluis NZK","VR2W-114178",52.467488,4.613347,2017-12-22 05:55:30,2017-12-22 05:55:30,1,33,1606.918999,48.694515,165301.950154,45415.05276,FALSE,NA,NA,NA,NA,NA,NA,TRUE
"7222","A69-1602-3221",7222,"Noordzeekanaal","Noordzeekanaal","VR2W-114164",52.465232,4.633992,2017-12-22 05:56:06,2017-12-22 05:56:23,2,36,1606.918999,44.636639,166908.869153,43808.133762,TRUE,45415.05276,76,2017-12-22 05:57:39,1606.918998,93,17.2786989032258,TRUE
"7223","A69-1602-3221",7223,"Noordzeekanaal","Grote sluis NZK","VR2W-114178",52.467488,4.613347,2017-12-22 05:57:39,2017-12-22 05:58:47,3,76,1606.918999,21.143671,168515.788152,45415.05276,FALSE,NA,NA,NA,NA,NA,NA,TRUE
"7224","A69-1602-3221",7224,"Noordzeekanaal","Noordzeekanaal","VR2W-114165",52.462798,4.633995,2017-12-22 06:03:29,2017-12-22 06:05:03,2,282,1606.918999,5.698294,170122.707151,43808.133762,TRUE,45415.05276,78,2017-12-22 06:13:26,1606.918998,597,2.69165661306533,TRUE
"7225","A69-1602-3221",7225,"Noordzeekanaal","Grote sluis NZK","VR2W-114178",52.467488,4.613347,2017-12-22 06:13:26,2017-12-22 06:13:26,1,503,1606.918999,3.19467,171729.62615,45415.05276,FALSE,NA,NA,NA,NA,NA,NA,TRUE
"7226","A69-1602-3221",7226,"Noordzeekanaal","Noordzeekanaal","VR2W-114165",52.462798,4.633995,2017-12-22 06:16:09,2017-12-22 06:17:41,2,163,1606.918999,9.858399,173336.545149,43808.133762,TRUE,45415.05276,80,2017-12-22 06:21:02,1606.918998,293,5.48436518088738,TRUE
"7227","A69-1602-3221",7227,"Noordzeekanaal","Grote sluis NZK","VR2W-114178",52.467488,4.613347,2017-12-22 06:21:02,2017-12-22 06:27:24,8,201,1606.918999,7.994622,174943.464148,45415.05276,FALSE,NA,NA,NA,NA,NA,NA,TRUE
"7228","A69-1602-3221",7228,"Noordzeekanaal","Noordzeekanaal","VR2W-114164",52.465232,4.633992,2017-12-22 06:27:25,2017-12-22 06:27:25,1,1,1606.918999,1606.918999,176550.383147,43808.133762,TRUE,45415.05276,82,2017-12-22 06:28:14,1606.918998,49,32.7942652653061,TRUE
"7229","A69-1602-3221",7229,"Noordzeekanaal","Grote sluis NZK","VR2W-114178",52.467488,4.613347,2017-12-22 06:28:14,2017-12-22 06:28:14,1,49,1606.918999,32.794265,178157.302146,45415.05276,FALSE,NA,NA,NA,NA,NA,NA,TRUE
"7230","A69-1602-3221",7230,"Noordzeekanaal","Noordzeekanaal","VR2W-114164",52.465232,4.633992,2017-12-22 06:28:17,2017-12-22 06:28:17,1,3,1606.918999,535.639666,179764.221145,43808.133762,TRUE,45415.05276,84,2017-12-22 06:29:00,1606.918998,43,37.370209255814,TRUE
"7231","A69-1602-3221",7231,"Noordzeekanaal","Grote sluis NZK","VR2W-114178",52.467488,4.613347,2017-12-22 06:29:00,2017-12-22 06:29:00,1,43,1606.918999,37.370209,181371.140144,45415.05276,FALSE,NA,NA,NA,NA,NA,NA,TRUE
"7232","A69-1602-3221",7232,"Noordzeekanaal","Noordzeekanaal","VR2W-114164",52.465232,4.633992,2017-12-22 06:29:07,2017-12-22 06:29:07,1,7,1606.918999,229.559857,182978.059143,43808.133762,TRUE,45415.05276,86,2017-12-22 06:29:39,1606.918998,32,50.2162186875,TRUE
"7233","A69-1602-3221",7233,"Noordzeekanaal","Grote sluis NZK","VR2W-114178",52.467488,4.613347,2017-12-22 06:29:39,2017-12-22 06:45:58,7,32,1606.918999,50.216219,184584.978142,45415.05276,FALSE,NA,NA,NA,NA,NA,NA,TRUE
"7234","A69-1602-3221",7234,"Noordzeekanaal","Noordzeekanaal","VR2W-114164",52.465232,4.633992,2017-12-22 06:46:29,2017-12-22 06:46:29,1,31,1606.918999,51.836097,186191.897141,43808.133762,TRUE,45415.05276,88,2017-12-22 06:48:05,1606.918998,96,16.7387395625,TRUE
"7235","A69-1602-3221",7235,"Noordzeekanaal","Grote sluis NZK","VR2W-114178",52.467488,4.613347,2017-12-22 06:48:05,2017-12-22 06:53:34,8,96,1606.918999,16.73874,187798.81614,45415.05276,FALSE,NA,NA,NA,NA,NA,NA,TRUE
"7236","A69-1602-3221",7236,"Noordzeekanaal","Noordzeekanaal","VR2W-114164",52.465232,4.633992,2017-12-22 06:54:15,2017-12-22 06:54:15,1,41,1606.918999,39.193146,189405.735139,43808.133762,TRUE,45415.05276,90,2017-12-22 06:54:21,1606.918998,6,267.819833,TRUE
"7237","A69-1602-3221",7237,"Noordzeekanaal","Grote sluis NZK","VR2W-114178",52.467488,4.613347,2017-12-22 06:54:21,2017-12-22 06:55:00,2,6,1606.918999,267.819833,191012.654138,45415.05276,FALSE,NA,NA,NA,NA,NA,NA,TRUE
"7238","A69-1602-3221",7238,"Noordzeekanaal","Noordzeekanaal","VR2W-114164",52.465232,4.633992,2017-12-22 06:55:44,2017-12-22 06:55:44,1,44,1606.918999,36.520886,192619.573137,43808.133762,TRUE,45415.05276,92,2017-12-22 06:56:18,1606.918998,34,47.2623234705883,TRUE
"7239","A69-1602-3221",7239,"Noordzeekanaal","Grote sluis NZK","VR2W-114178",52.467488,4.613347,2017-12-22 06:56:18,2017-12-22 07:02:39,9,34,1606.918999,47.262323,194226.492136,45415.05276,FALSE,NA,NA,NA,NA,NA,NA,TRUE
"7240","A69-1602-3221",7240,"Noordzeekanaal","Noordzeekanaal","VR2W-114164",52.465232,4.633992,2017-12-22 07:04:23,2017-12-22 07:05:14,2,104,1606.918999,15.451144,195833.411135,43808.133762,TRUE,46132.124745,94,2017-12-22 07:05:46,2323.990983,83,27.9998913614458,TRUE
"7241","A69-1602-3221",7241,"Noordzeekanaal","Middensluis NZK","VR2W-132417",52.465373,4.601803,2017-12-22 07:05:46,2017-12-22 07:09:04,5,32,2323.990983,72.624718,198157.402118,46132.124745,FALSE,NA,NA,NA,NA,NA,NA,TRUE
"7242","A69-1602-3221",7242,"Noordzeekanaal","Noordzeekanaal","VR2W-114164",52.465232,4.633992,2017-12-22 07:09:08,2017-12-22 07:09:08,1,4,2323.990983,580.997746,200481.393101,43808.133762,TRUE,45415.05276,96,2017-12-22 07:09:52,1606.918998,44,36.5208863181818,TRUE
"7243","A69-1602-3221",7243,"Noordzeekanaal","Grote sluis NZK","VR2W-114178",52.467488,4.613347,2017-12-22 07:09:52,2017-12-22 14:33:16,247,44,1606.918999,36.520886,202088.3121,45415.05276,TRUE,46839.149901,97,2017-12-22 14:33:49,1424.097141,26637,0.0534631205090663,TRUE
"7244","A69-1602-3221",7244,"Noordzeekanaal","Spuisluis Noordzee","VR2W-132408",52.470319,4.594701,2017-12-22 14:33:49,2017-12-22 15:08:51,58,33,1424.097141,43.154459,203512.409241,46839.149901,NA,NA,NA,NA,NA,NA,NA,TRUE
"7245","A69-1602-3222",7245,"Noordzeekanaal","rel_noordzeekanaal13","none",52.244517,5.047218,2017-10-26 14:00:00,2017-10-26 14:00:00,1,NA,NA,NA,0,0,FALSE,NA,NA,NA,NA,NA,NA,FALSE
"7246","A69-1602-3222",7246,"Noordzeekanaal","Loosdrecht2a sluis","VR2W-120092",52.243116,5.048159,2017-10-28 23:59:22,2017-10-29 00:05:34,2,208762,241.393739,0.001156,241.393739,-241.393739,TRUE,1324.113468,3,2017-10-29 01:45:52,1565.507207,6390,0.24499330312989,TRUE
"7247","A69-1602-3222",7247,"Noordzeekanaal","Loosdrecht 3","VR2W-119069",52.256101,5.043167,2017-10-29 01:45:52,2017-10-29 02:40:45,57,6018,1565.507207,0.260137,1806.900946,1324.113468,FALSE,15386.466378,4,2018-01-04 02:38:42,14062.35291,5791970,0.00242790499778141,TRUE
"7248","A69-1602-3222",7248,"Noordzeekanaal","ARK Noord","VR2W-119054",52.355706,4.97029,2018-01-04 02:38:42,2018-01-04 03:04:16,28,5788677,14179.496674,0.00245,15986.39762,15386.466378,TRUE,21338.467148,5,2018-01-04 08:20:10,5952.00077,20488,0.29051155652089,TRUE
"7249","A69-1602-3222",7249,"Noordzeekanaal","Willem 2 sluis 2","VR2W-130587",52.383677,4.907053,2018-01-04 08:20:10,2018-01-04 08:20:59,2,18954,5952.00077,0.314023,21938.39839,21338.467148,TRUE,43808.133762,6,2018-01-06 11:19:05,22469.666614,183535,0.122427148031711,TRUE
"7250","A69-1602-3222",7250,"Noordzeekanaal","Noordzeekanaal","VR2W-114165",52.462798,4.633995,2018-01-06 11:19:05,2018-01-06 11:35:18,2,183486,22552.500267,0.122911,44490.898657,43808.133762,FALSE,45415.05276,8,2018-01-06 15:00:12,1606.918998,13267,0.121121504334062,TRUE
"7251","A69-1602-3222",7251,"Noordzeekanaal","Noordzeekanaal","VR2W-114165",52.462798,4.633995,2018-01-06 13:06:34,2018-01-06 14:56:14,57,NA,NA,NA,44490.898657,43808.133762,TRUE,45415.05276,8,2018-01-06 15:00:12,1606.918998,6818,0.235687738046348,TRUE
"7252","A69-1602-3222",7252,"Noordzeekanaal","Grote sluis NZK","VR2W-114178",52.467488,4.613347,2018-01-06 15:00:12,2018-01-06 16:01:06,31,238,1606.918999,6.75176,46097.817656,45415.05276,FALSE,NA,NA,NA,NA,NA,NA,TRUE
"7253","A69-1602-3222",7253,"Noordzeekanaal","Noordzeekanaal","VR2W-114164",52.465232,4.633992,2018-01-06 16:01:28,2018-01-06 16:01:28,1,22,1606.918999,73.041773,47704.736655,43808.133762,TRUE,45415.05276,10,2018-01-06 16:01:49,1606.918998,21,76.5199522857143,TRUE
"7254","A69-1602-3222",7254,"Noordzeekanaal","Grote sluis NZK","VR2W-114178",52.467488,4.613347,2018-01-06 16:01:49,2018-01-06 17:50:59,80,21,1606.918999,76.519952,49311.655654,45415.05276,FALSE,NA,NA,NA,NA,NA,NA,TRUE
"7255","A69-1602-3222",7255,"Noordzeekanaal","Noordzeekanaal","VR2W-114164",52.465232,4.633992,2018-01-06 17:51:02,2018-01-06 17:51:02,1,3,1606.918999,535.639666,50918.574653,43808.133762,TRUE,46132.124745,12,2018-01-06 17:58:41,2323.990983,459,5.06316118300654,TRUE
"7256","A69-1602-3222",7256,"Noordzeekanaal","Middensluis NZK","VR2W-132417",52.465373,4.601803,2018-01-06 17:58:41,2018-01-06 17:58:41,1,459,2323.990983,5.063161,53242.565636,46132.124745,FALSE,NA,NA,NA,NA,NA,NA,TRUE
"7257","A69-1602-3222",7257,"Noordzeekanaal","Noordzeekanaal","VR2W-114164",52.465232,4.633992,2018-01-06 17:59:11,2018-01-06 17:59:56,2,30,2323.990983,77.466366,55566.556619,43808.133762,TRUE,46132.124745,14,2018-01-06 18:07:52,2323.990983,521,4.4606352840691,TRUE
"7258","A69-1602-3222",7258,"Noordzeekanaal","Middensluis NZK","VR2W-132417",52.465373,4.601803,2018-01-06 18:07:52,2018-01-06 18:28:44,7,476,2323.990983,4.882334,57890.547602,46132.124745,TRUE,194224.976081,16,2018-01-13 08:07:33,148092.851336,568781,0.26036884378346,TRUE
"7259","A69-1602-3222",7259,"Noordzeekanaal","Grote sluis Noordzee","VR2W-132414",52.466907,4.600546,2018-01-06 21:46:09,2018-01-06 23:33:45,132,11845,141.405031,0.011938,58031.952633,46273.529776,TRUE,194224.976081,16,2018-01-13 08:07:33,147951.446305,555684,0.26625104610714,TRUE
"7260","A69-1602-3222",7260,"Noordzeekanaal","ws-DL12","VR2W-123830",51.466175,3.502181,2018-01-13 08:07:33,2018-01-13 08:30:32,29,549228,148199.947263,0.269833,206231.899896,194224.976081,TRUE,196413.46693,17,2018-01-13 13:43:52,2188.49084899999,20179,0.108453880222013,TRUE
"7261","A69-1602-3222",7261,"Noordzeekanaal","ws-TRAWL","VR2W-123817",51.437785,3.470347,2018-01-13 13:43:52,2018-01-13 13:48:58,9,18800,4010.809061,0.213341,210242.708957,196413.46693,TRUE,231961.224558,18,2018-01-20 01:12:57,35547.757628,559745,0.0635070570134615,TRUE
"7262","A69-1602-3222",7262,"Noordzeekanaal","bpns-O6","VR2W-131000",51.243106,2.917725,2018-01-20 01:12:57,2018-01-20 01:13:39,2,559439,47424.338789,0.084771,257667.047746,231961.224558,FALSE,NA,NA,NA,NA,NA,NA,TRUE
"7263","A69-1602-3222",7263,"Noordzeekanaal","bpns-O6","VR2W-131000",51.243106,2.917725,2018-01-20 02:53:01,2018-01-20 02:57:57,6,NA,NA,NA,257667.047746,231961.224558,FALSE,NA,NA,NA,NA,NA,NA,TRUE
"7264","A69-1602-3222",7264,"Noordzeekanaal","bpns-O6","VR2W-131000",51.243106,2.917725,2018-01-20 05:12:41,2018-01-20 05:21:23,4,NA,NA,NA,257667.047746,231961.224558,NA,NA,NA,NA,NA,NA,NA,TRUE
"7265","A69-1602-3223",7265,"Noordzeekanaal","rel_noordzeekanaal12","none",52.236496,5.058484,2017-10-26 14:00:00,2017-10-26 14:00:00,1,NA,NA,NA,0,0,NA,NA,NA,NA,NA,NA,NA,FALSE
"7266","A69-1602-3224",7266,"Noordzeekanaal","rel_noordzeekanaal12","none",52.236496,5.058484,2017-10-26 14:00:00,2017-10-26 14:00:00,1,NA,NA,NA,0,0,NA,NA,NA,NA,NA,NA,NA,FALSE
"7267","A69-1602-3225",7267,"Noordzeekanaal","rel_noordzeekanaal12","none",52.236496,5.058484,2017-10-26 14:00:00,2017-10-26 14:00:00,1,NA,NA,NA,0,0,NA,NA,NA,NA,NA,NA,NA,FALSE
"7268","A69-1602-3226",7268,"Noordzeekanaal","rel_noordzeekanaal12","none",52.236496,5.058484,2017-10-26 14:00:00,2017-10-26 14:00:00,1,NA,NA,NA,0,0,FALSE,2555.342426,3,2018-01-04 04:03:05,2555.342426,6012185,0.000425027244836944,FALSE
"7269","A69-1602-3226",7269,"Noordzeekanaal","Loosdrecht2a sluis","VR2W-120092",52.243116,5.048159,2018-01-04 02:28:07,2018-01-04 02:47:32,29,6006487,989.835219,0.000165,989.835219,989.835219,TRUE,2555.342426,3,2018-01-04 04:03:05,1565.507207,5698,0.27474678957529,TRUE
"7270","A69-1602-3226",7270,"Noordzeekanaal","Loosdrecht 3","VR2W-119069",52.256101,5.043167,2018-01-04 04:03:05,2018-01-04 04:41:14,38,4533,1565.507207,0.345358,2555.342426,2555.342426,NA,NA,NA,NA,NA,NA,NA,TRUE
"7271","A69-1602-3227",7271,"Noordzeekanaal","rel_noordzeekanaal12","none",52.236496,5.058484,2017-10-26 14:00:00,2017-10-26 14:00:00,1,NA,NA,NA,0,0,NA,NA,NA,NA,NA,NA,NA,FALSE
"7272","A69-1602-4027",7272,"Noordzeekanaal","rel_noordzeekanaal16","none",52.434968,5.090042,2017-12-14 12:00:00,2017-12-14 12:00:00,1,NA,NA,NA,0,0,NA,NA,NA,NA,NA,NA,NA,FALSE
"7273","A69-1602-4028",7273,"Noordzeekanaal","rel_noordzeekanaal16","none",52.434968,5.090042,2017-12-14 12:00:00,2017-12-14 12:00:00,1,NA,NA,NA,0,0,NA,NA,NA,NA,NA,NA,NA,FALSE
"7274","A69-1602-4029",7274,"Noordzeekanaal","rel_noordzeekanaal16","none",52.434968,5.090042,2017-12-14 12:00:00,2017-12-14 12:00:00,1,NA,NA,NA,0,0,NA,NA,NA,NA,NA,NA,NA,FALSE
"7275","A69-1602-4030",7275,"Noordzeekanaal","rel_noordzeekanaal16","none",52.434968,5.090042,2017-12-14 12:00:00,2017-12-14 12:00:00,1,NA,NA,NA,0,0,NA,NA,NA,NA,NA,NA,NA,FALSE
"7276","A69-1602-4031",7276,"Noordzeekanaal","rel_noordzeekanaal16","none",52.434968,5.090042,2017-12-14 12:00:00,2017-12-14 12:00:00,1,NA,NA,NA,0,0,NA,NA,NA,NA,NA,NA,NA,FALSE
"7277","A69-1602-4032",7277,"Noordzeekanaal","rel_noordzeekanaal16","none",52.434968,5.090042,2017-12-14 12:00:00,2017-12-14 12:00:00,1,NA,NA,NA,0,0,NA,NA,NA,NA,NA,NA,NA,FALSE
"7278","A69-1602-4033",7278,"Noordzeekanaal","rel_noordzeekanaal16","none",52.434968,5.090042,2017-12-14 12:00:00,2017-12-14 12:00:00,1,NA,NA,NA,0,0,NA,NA,NA,NA,NA,NA,NA,FALSE
"7279","A69-1602-4034",7279,"Noordzeekanaal","rel_noordzeekanaal16","none",52.434968,5.090042,2017-12-14 12:00:00,2017-12-14 12:00:00,1,NA,NA,NA,0,0,NA,NA,NA,NA,NA,NA,NA,FALSE
"7280","A69-1602-4035",7280,"Noordzeekanaal","rel_noordzeekanaal16","none",52.434968,5.090042,2017-12-14 12:00:00,2017-12-14 12:00:00,1,NA,NA,NA,0,0,FALSE,13142.339732,2,2018-01-06 01:28:45,13142.339732,1949325,0.006741995168584,FALSE
"7281","A69-1602-4035",7281,"Noordzeekanaal","Oranjesluis","VR2W-103670",52.3812,4.962538,2018-01-06 01:28:45,2018-01-06 03:09:58,16,1949325,13142.339732,0.006742,13142.339732,13142.339732,FALSE,16566.200967,4,2018-01-07 08:30:57,3423.861235,111732,0.0306435151523288,FALSE
"7282","A69-1602-4035",7282,"Noordzeekanaal","Oranjesluis","VR2W-103670",52.3812,4.962538,2018-01-06 16:02:11,2018-01-06 23:43:38,617,NA,NA,NA,13142.339732,13142.339732,TRUE,16566.200967,4,2018-01-07 08:30:57,3423.861235,59326,0.0577126594579105,TRUE
"7283","A69-1602-4035",7283,"Noordzeekanaal","Willem 2 sluis 2","VR2W-130587",52.383677,4.907053,2018-01-07 08:30:57,2018-01-07 08:37:25,5,31639,3423.861235,0.108216,16566.200967,16566.200967,NA,NA,NA,NA,NA,NA,NA,TRUE
"7284","A69-1602-4037",7284,"Noordzeekanaal","rel_noordzeekanaal16","none",52.434968,5.090042,2017-12-14 12:00:00,2017-12-14 12:00:00,1,NA,NA,NA,0,0,NA,NA,NA,NA,NA,NA,NA,FALSE
"7285","A69-1602-4038",7285,"Noordzeekanaal","rel_noordzeekanaal16","none",52.434968,5.090042,2017-12-14 12:00:00,2017-12-14 12:00:00,1,NA,NA,NA,0,0,NA,NA,NA,NA,NA,NA,NA,FALSE
"7286","A69-1602-4039",7286,"Noordzeekanaal","rel_noordzeekanaal16","none",52.434968,5.090042,2017-12-14 12:00:00,2017-12-14 12:00:00,1,NA,NA,NA,0,0,NA,NA,NA,NA,NA,NA,NA,FALSE
"7287","A69-1602-4040",7287,"Noordzeekanaal","rel_noordzeekanaal17","none",52.641481,5.20226,2017-12-14 14:00:00,2017-12-14 14:00:00,1,NA,NA,NA,0,0,NA,NA,NA,NA,NA,NA,NA,FALSE
"7288","A69-1602-4041",7288,"Noordzeekanaal","rel_noordzeekanaal17","none",52.641481,5.20226,2017-12-14 14:00:00,2017-12-14 14:00:00,1,NA,NA,NA,0,0,NA,NA,NA,NA,NA,NA,NA,FALSE
"7289","A69-1602-4042",7289,"Noordzeekanaal","rel_noordzeekanaal17","none",52.641481,5.20226,2017-12-14 14:00:00,2017-12-14 14:00:00,1,NA,NA,NA,0,0,TRUE,39238.86265,2,2018-01-04 12:38:13,39238.86265,1809493,0.0216850038380917,TRUE
"7290","A69-1602-4042",7290,"Noordzeekanaal","Oranjesluis","VR2W-103670",52.3812,4.962538,2018-01-04 12:38:13,2018-01-04 13:34:01,16,1809493,39238.86265,0.021685,39238.86265,39238.86265,FALSE,NA,NA,NA,NA,NA,NA,TRUE
"7291","A69-1602-4042",7291,"Noordzeekanaal","Oranjesluis","VR2W-102058",52.378781,4.963111,2018-01-04 15:03:14,2018-01-04 21:16:06,378,NA,NA,NA,39238.86265,39238.86265,FALSE,NA,NA,NA,NA,NA,NA,TRUE
"7292","A69-1602-4042",7292,"Noordzeekanaal","Oranjesluis","VR2W-103670",52.3812,4.962538,2018-01-04 23:32:37,2018-01-05 00:38:52,35,NA,NA,NA,39238.86265,39238.86265,NA,NA,NA,NA,NA,NA,NA,TRUE
"7293","A69-1602-4043",7293,"Noordzeekanaal","rel_noordzeekanaal17","none",52.641481,5.20226,2017-12-14 14:00:00,2017-12-14 14:00:00,1,NA,NA,NA,0,0,TRUE,20802.464629,2,2018-01-07 00:22:57,20802.464629,2024577,0.0102749683657376,TRUE
"7294","A69-1602-4043",7294,"Noordzeekanaal","Lelystad","VR2W-131980",52.532761,5.433627,2018-01-07 00:22:57,2018-01-07 01:23:44,4,2024577,20802.464629,0.010275,20802.464629,20802.464629,NA,NA,NA,NA,NA,NA,NA,TRUE
"7295","A69-1602-4044",7295,"Noordzeekanaal","rel_noordzeekanaal17","none",52.641481,5.20226,2017-12-14 14:00:00,2017-12-14 14:00:00,1,NA,NA,NA,0,0,FALSE,9842.725451,2,2018-01-03 07:28:39,9842.725451,1704519,0.00577448855131565,FALSE
"7296","A69-1602-4044",7296,"Noordzeekanaal","Enkhuizen","VR2W-129709",52.702266,5.298687,2018-01-03 07:28:39,2018-01-03 07:43:07,9,1704519,9842.725451,0.005774,9842.725451,9842.725451,FALSE,NA,NA,NA,NA,NA,NA,FALSE
"7297","A69-1602-4044",7297,"Noordzeekanaal","Enkhuizen","VR2W-129709",52.702266,5.298687,2018-01-03 16:49:44,2018-01-03 17:57:22,3,NA,NA,NA,9842.725451,9842.725451,NA,NA,NA,NA,NA,NA,NA,FALSE
"7298","A69-1602-4045",7298,"Noordzeekanaal","rel_noordzeekanaal17","none",52.641481,5.20226,2017-12-14 14:00:00,2017-12-14 14:00:00,1,NA,NA,NA,0,0,NA,NA,NA,NA,NA,NA,NA,FALSE
"7299","A69-1602-4046",7299,"Noordzeekanaal","rel_noordzeekanaal17","none",52.641481,5.20226,2017-12-14 14:00:00,2017-12-14 14:00:00,1,NA,NA,NA,0,0,NA,NA,NA,NA,NA,NA,NA,FALSE
"7300","A69-1602-4047",7300,"Noordzeekanaal","rel_noordzeekanaal17","none",52.641481,5.20226,2017-12-14 14:00:00,2017-12-14 14:00:00,1,NA,NA,NA,0,0,NA,NA,NA,NA,NA,NA,NA,FALSE
"7301","A69-1602-4048",7301,"Noordzeekanaal","rel_noordzeekanaal17","none",52.641481,5.20226,2017-12-14 14:00:00,2017-12-14 14:00:00,1,NA,NA,NA,0,0,NA,NA,NA,NA,NA,NA,NA,FALSE
"7302","A69-1602-4049",7302,"Noordzeekanaal","rel_noordzeekanaal17","none",52.641481,5.20226,2017-12-14 14:00:00,2017-12-14 14:00:00,1,NA,NA,NA,0,0,NA,NA,NA,NA,NA,NA,NA,FALSE
"7303","A69-1602-4050",7303,"Noordzeekanaal","rel_noordzeekanaal17","none",52.641481,5.20226,2017-12-14 14:00:00,2017-12-14 14:00:00,1,NA,NA,NA,0,0,NA,NA,NA,NA,NA,NA,NA,FALSE
"7304","A69-1602-4051",7304,"Noordzeekanaal","rel_noordzeekanaal17","none",52.641481,5.20226,2017-12-14 14:00:00,2017-12-14 14:00:00,1,NA,NA,NA,0,0,NA,NA,NA,NA,NA,NA,NA,FALSE
"7305","A69-9006-1713",7305,"Noordzeekanaal","rel_noordzeekanaal1","none",52.452208,4.678779,2017-10-16 15:00:00,2017-10-16 15:00:00,1,NA,NA,NA,0,0,TRUE,3455.231233,2,2017-10-16 18:25:29,3455.231233,12329,0.280252350798929,TRUE
"7306","A69-9006-1713",7306,"Noordzeekanaal","Noordzeekanaal","VR2W-114164",52.465232,4.633992,2017-10-16 18:25:29,2017-10-16 19:18:01,45,12329,3455.231233,0.280252,3455.231233,3455.231233,TRUE,5062.150232,3,2017-10-16 20:15:57,1606.918999,6628,0.242444025196138,TRUE
"7307","A69-9006-1713",7307,"Noordzeekanaal","Grote sluis NZK","VR2W-114178",52.467488,4.613347,2017-10-16 20:15:57,2017-10-17 01:07:35,155,3476,1606.918999,0.46229,5062.150232,5062.150232,FALSE,NA,NA,NA,NA,NA,NA,TRUE
"7308","A69-9006-1713",7308,"Noordzeekanaal","Grote sluis NZK","VR2W-114178",52.467488,4.613347,2017-10-17 02:49:18,2017-10-17 04:16:42,17,NA,NA,NA,5062.150232,5062.150232,FALSE,NA,NA,NA,NA,NA,NA,TRUE
"7309","A69-9006-1713",7309,"Noordzeekanaal","Grote sluis NZK","VR2W-114178",52.467488,4.613347,2017-10-18 02:38:03,2017-10-18 05:12:57,13,NA,NA,NA,5062.150232,5062.150232,NA,NA,NA,NA,NA,NA,NA,TRUE
"7310","A69-9006-1713",7310,"Noordzeekanaal","Middensluis NZK","VR2W-132417",52.465373,4.601803,2017-10-18 17:20:23,2017-10-18 18:56:39,7,43646,882.739291,0.020225,5944.889523,5779.222216,FALSE,NA,NA,NA,NA,NA,NA,TRUE
"7311","A69-9006-1713",7311,"Noordzeekanaal","Middensluis NZK","VR2W-132417",52.465373,4.601803,2017-10-18 20:28:52,2017-10-19 05:09:38,174,NA,NA,NA,5944.889523,5779.222216,FALSE,NA,NA,NA,NA,NA,NA,TRUE
"7312","A69-9006-1713",7312,"Noordzeekanaal","Middensluis NZK","VR2W-132417",52.465373,4.601803,2017-10-20 23:29:02,2017-10-20 23:43:36,2,NA,NA,NA,5944.889523,5779.222216,FALSE,NA,NA,NA,NA,NA,NA,TRUE
"7313","A69-9006-1713",7313,"Noordzeekanaal","Middensluis NZK","VR2W-132417",52.465373,4.601803,2017-10-21 17:10:54,2017-10-21 18:55:25,65,NA,NA,NA,5944.889523,5779.222216,FALSE,NA,NA,NA,NA,NA,NA,TRUE
"7314","A69-9006-1713",7314,"Noordzeekanaal","Noordzeekanaal","VR2W-114165",52.462798,4.633995,2017-10-21 19:01:33,2017-10-21 19:01:33,1,368,2323.990983,6.315193,8268.880506,3455.231233,TRUE,5062.150232,11,2017-10-21 19:03:00,1606.918999,87,18.4703333218391,TRUE
"7315","A69-9006-1713",7315,"Noordzeekanaal","Grote sluis NZK","VR2W-114178",52.467488,4.613347,2017-10-21 19:03:00,2017-10-21 19:03:00,1,87,1606.918999,18.470333,9875.799505,5062.150232,FALSE,NA,NA,NA,NA,NA,NA,TRUE
"7316","A69-9006-1713",7316,"Noordzeekanaal","Noordzeekanaal","VR2W-114165",52.462798,4.633995,2017-10-21 19:19:15,2017-10-21 19:25:15,3,975,1606.918999,1.648122,11482.718504,3455.231233,TRUE,5627.770357,13,2017-10-21 19:49:59,2172.539124,1844,1.17816655314534,TRUE
"7317","A69-9006-1713",7317,"Noordzeekanaal","Spuisluis NZK","VR2W-114167",52.470646,4.607811,2017-10-21 19:49:59,2017-10-22 04:16:16,161,1484,2172.539123,1.463975,13655.257627,5627.770357,FALSE,NA,NA,NA,NA,NA,NA,TRUE
"7318","A69-9006-1713",7318,"Noordzeekanaal","Noordzeekanaal","VR2W-114165",52.462798,4.633995,2017-10-22 05:36:32,2017-10-22 05:36:32,1,4816,2172.539123,0.451109,15827.79675,3455.231233,TRUE,5062.150232,15,2017-10-22 17:27:56,1606.918999,42684,0.0376468699981258,TRUE
"7319","A69-9006-1713",7319,"Noordzeekanaal","Grote sluis NZK","VR2W-114178",52.467488,4.613347,2017-10-22 17:27:56,2017-10-22 17:27:56,1,42684,1606.918999,0.037647,17434.715749,5062.150232,NA,NA,NA,NA,NA,NA,NA,TRUE
"7320","A69-9006-1713",7320,"Noordzeekanaal","Spuisluis NZK","VR2W-114167",52.470646,4.607811,2017-10-22 18:57:59,2017-10-22 19:17:05,7,5403,565.620125,0.104686,18000.335874,5627.770357,FALSE,NA,NA,NA,NA,NA,NA,TRUE
"7321","A69-9006-1713",7321,"Noordzeekanaal","Spuisluis NZK","VR2W-114167",52.470646,4.607811,2017-10-22 21:40:47,2017-10-22 22:04:24,28,NA,NA,NA,18000.335874,5627.770357,NA,NA,NA,NA,NA,NA,NA,TRUE
"7322","A69-9006-1713",7322,"Noordzeekanaal","Middensluis NZK","VR2W-132417",52.465373,4.601803,2017-10-23 01:18:48,2017-10-23 04:02:23,32,11664,765.597541,0.065638,18765.933415,5779.222216,FALSE,NA,NA,NA,NA,NA,NA,TRUE
"7323","A69-9006-1713",7323,"Noordzeekanaal","Middensluis NZK","VR2W-132417",52.465373,4.601803,2017-10-23 17:35:06,2017-10-23 20:40:47,72,NA,NA,NA,18765.933415,5779.222216,FALSE,NA,NA,NA,NA,NA,NA,TRUE
"7324","A69-9006-1713",7324,"Noordzeekanaal","Middensluis NZK","VR2W-132417",52.465373,4.601803,2017-10-23 21:54:00,2017-10-23 23:14:03,42,NA,NA,NA,18765.933415,5779.222216,NA,NA,NA,NA,NA,NA,NA,TRUE
"7325","A69-9006-1714",7325,"Noordzeekanaal","rel_noordzeekanaal1","none",52.452208,4.678779,2017-10-16 15:00:00,2017-10-16 15:00:00,1,NA,NA,NA,0,0,TRUE,3455.231233,2,2017-10-16 17:12:24,3455.231233,7944,0.434948543932528,TRUE
"7326","A69-9006-1714",7326,"Noordzeekanaal","Noordzeekanaal","VR2W-114165",52.462798,4.633995,2017-10-16 17:12:24,2017-10-16 17:22:09,2,7944,3455.231233,0.434949,3455.231233,3455.231233,FALSE,6486.247372,4,2017-11-12 20:59:36,3031.016139,2346432,0.0012917553711337,TRUE
"7327","A69-9006-1714",7327,"Noordzeekanaal","Noordzeekanaal","VR2W-114165",52.462798,4.633995,2017-11-12 19:27:26,2017-11-12 19:34:22,4,NA,NA,NA,3455.231233,3455.231233,TRUE,6486.247372,4,2017-11-12 20:59:36,3031.016139,5530,0.548104184267631,TRUE
"7328","A69-9006-1714",7328,"Noordzeekanaal","Spuisluis Noordzee","VR2W-132408",52.470319,4.594701,2017-11-12 20:59:36,2017-11-12 21:11:01,19,5114,3031.016139,0.59269,6486.247372,6486.247372,NA,NA,NA,NA,NA,NA,NA,TRUE
"7329","A69-9006-1715",7329,"Noordzeekanaal","rel_noordzeekanaal1","none",52.452208,4.678779,2017-10-16 15:00:00,2017-10-16 15:00:00,1,NA,NA,NA,0,0,TRUE,3455.231233,2,2017-10-16 15:34:06,3455.231233,2046,1.68877381867058,TRUE
"7330","A69-9006-1715",7330,"Noordzeekanaal","Noordzeekanaal","VR2W-114165",52.462798,4.633995,2017-10-16 15:34:06,2017-10-16 16:14:12,20,2046,3455.231233,1.688774,3455.231233,3455.231233,TRUE,5062.150232,3,2017-10-16 16:47:25,1606.918999,4399,0.365291884291885,TRUE
"7331","A69-9006-1715",7331,"Noordzeekanaal","Grote sluis NZK","VR2W-114178",52.467488,4.613347,2017-10-16 16:47:25,2017-10-16 20:13:49,170,1993,1606.918999,0.806281,5062.150232,5062.150232,TRUE,6486.247372,4,2017-10-16 20:26:42,1424.09714,13157,0.108238742874515,TRUE
"7332","A69-9006-1715",7332,"Noordzeekanaal","Spuisluis Noordzee","VR2W-132408",52.470319,4.594701,2017-10-16 20:26:42,2017-10-17 02:18:56,222,773,1424.097141,1.842299,6486.247373,6486.247372,FALSE,NA,NA,NA,NA,NA,NA,TRUE
"7333","A69-9006-1715",7333,"Noordzeekanaal","Spuisluis NZK","VR2W-114167",52.470646,4.607811,2017-10-17 04:12:11,2017-10-17 07:09:59,55,6795,941.310669,0.13853,7427.558042,5627.770357,FALSE,NA,NA,NA,NA,NA,NA,TRUE
"7334","A69-9006-1715",7334,"Noordzeekanaal","Spuisluis NZK","VR2W-114167",52.470646,4.607811,2017-10-17 08:13:55,2017-10-17 09:12:38,98,NA,NA,NA,7427.558042,5627.770357,NA,NA,NA,NA,NA,NA,NA,TRUE
"7335","A69-9006-1715",7335,"Noordzeekanaal","Spuisluis Noordzee","VR2W-132408",52.470319,4.594701,2017-10-17 11:23:39,2017-10-17 11:23:39,1,7861,941.310669,0.119744,8368.868711,6486.247372,NA,NA,NA,NA,NA,NA,NA,TRUE
"7336","A69-9006-1716",7336,"Noordzeekanaal","rel_noordzeekanaal1","none",52.452208,4.678779,2017-10-16 15:00:00,2017-10-16 15:00:00,1,NA,NA,NA,0,0,TRUE,3455.231233,2,2017-10-16 17:47:41,3455.231233,10061,0.343428211211609,TRUE
"7337","A69-9006-1716",7337,"Noordzeekanaal","Noordzeekanaal","VR2W-114165",52.462798,4.633995,2017-10-16 17:47:41,2017-10-16 18:59:11,19,10061,3455.231233,0.343428,3455.231233,3455.231233,TRUE,5627.770357,3,2017-10-16 19:39:30,2172.539124,6709,0.323824582501118,TRUE
"7338","A69-9006-1716",7338,"Noordzeekanaal","Spuisluis NZK","VR2W-114167",52.470646,4.607811,2017-10-16 19:39:30,2017-10-16 21:12:58,73,2419,2172.539123,0.898115,5627.770356,5627.770357,FALSE,6696.270611,10,2017-10-19 03:45:23,1068.500254,201953,0.00529083625397988,TRUE
"7339","A69-9006-1716",7339,"Noordzeekanaal","Spuisluis Noordzee","VR2W-132409",52.471207,4.595198,2017-10-16 23:27:22,2017-10-17 02:04:07,71,8064,941.310669,0.11673,6569.081025,6486.247372,FALSE,NA,NA,NA,NA,NA,NA,TRUE
"7340","A69-9006-1716",7340,"Noordzeekanaal","Spuisluis Noordzee","VR2W-132408",52.470319,4.594701,2017-10-17 03:58:09,2017-10-17 05:12:36,31,NA,NA,NA,6569.081025,6486.247372,FALSE,NA,NA,NA,NA,NA,NA,TRUE
"7341","A69-9006-1716",7341,"Noordzeekanaal","Spuisluis Noordzee","VR2W-132408",52.470319,4.594701,2017-10-17 17:39:35,2017-10-17 17:39:35,1,NA,NA,NA,6569.081025,6486.247372,FALSE,NA,NA,NA,NA,NA,NA,TRUE
"7342","A69-9006-1716",7342,"Noordzeekanaal","Spuisluis Noordzee","VR2W-132408",52.470319,4.594701,2017-10-17 23:19:44,2017-10-17 23:19:44,1,NA,NA,NA,6569.081025,6486.247372,FALSE,NA,NA,NA,NA,NA,NA,TRUE
"7343","A69-9006-1716",7343,"Noordzeekanaal","Spuisluis Noordzee","VR2W-132408",52.470319,4.594701,2017-10-18 10:01:34,2017-10-18 10:08:13,2,NA,NA,NA,6569.081025,6486.247372,FALSE,NA,NA,NA,NA,NA,NA,TRUE
"7344","A69-9006-1716",7344,"Noordzeekanaal","Spuisluis Noordzee","VR2W-132408",52.470319,4.594701,2017-10-18 17:27:16,2017-10-18 20:33:57,170,NA,NA,NA,6569.081025,6486.247372,NA,NA,NA,NA,NA,NA,NA,TRUE
"7345","A69-9006-1716",7345,"Noordzeekanaal","Kleine sluis Noordzee","VR2W-132413",52.463762,4.587267,2017-10-19 03:45:23,2017-10-19 03:45:23,1,25886,907.002573,0.035038,7476.083598,6696.270611,FALSE,NA,NA,NA,NA,NA,NA,TRUE
"7346","A69-9006-1716",7346,"Noordzeekanaal","Middensluis Noordzee","VR2W-132410",52.46629,4.592332,2017-10-19 04:58:58,2017-10-19 06:14:00,9,4415,382.798267,0.086704,7858.881865,6479.139649,FALSE,NA,NA,NA,NA,NA,NA,TRUE
"7347","A69-9006-1716",7347,"Noordzeekanaal","Middensluis Noordzee","VR2W-132411",52.465373,4.592419,2017-10-21 17:16:17,2017-10-21 17:24:46,11,NA,NA,NA,7858.881865,6479.139649,NA,NA,NA,NA,NA,NA,NA,TRUE
"7348","A69-9006-1717",7348,"Noordzeekanaal","rel_noordzeekanaal1","none",52.452208,4.678779,2017-10-16 15:00:00,2017-10-16 15:00:00,1,NA,NA,NA,0,0,TRUE,3455.231233,2,2017-10-18 19:03:05,3455.231233,187385,0.0184392092910318,TRUE
"7349","A69-9006-1717",7349,"Noordzeekanaal","Noordzeekanaal","VR2W-114165",52.462798,4.633995,2017-10-18 19:03:05,2017-10-18 19:37:11,24,187385,3455.231233,0.018439,3455.231233,3455.231233,TRUE,5062.150232,3,2017-10-18 19:42:53,1606.918999,2388,0.672914153685092,TRUE
"7350","A69-9006-1717",7350,"Noordzeekanaal","Grote sluis NZK","VR2W-114178",52.467488,4.613347,2017-10-18 19:42:53,2017-10-18 20:31:16,16,342,1606.918999,4.698594,5062.150232,5062.150232,TRUE,6486.247372,4,2017-10-18 20:43:20,1424.09714,3627,0.392637755720981,TRUE
"7351","A69-9006-1717",7351,"Noordzeekanaal","Spuisluis Noordzee","VR2W-132408",52.470319,4.594701,2017-10-18 20:43:20,2017-10-18 21:59:57,52,724,1424.097141,1.966985,6486.247373,6486.247372,NA,NA,NA,NA,NA,NA,NA,TRUE
"7352","A69-9006-1718",7352,"Noordzeekanaal","rel_noordzeekanaal1","none",52.452208,4.678779,2017-10-16 15:00:00,2017-10-16 15:00:00,1,NA,NA,NA,0,0,FALSE,3455.231233,2,2017-11-25 23:41:11,3455.231233,3487271,0.000990812366747523,FALSE
"7353","A69-9006-1718",7353,"Noordzeekanaal","Noordzeekanaal","VR2W-114165",52.462798,4.633995,2017-11-25 23:41:11,2017-11-25 23:58:40,16,3487271,3455.231233,0.000991,3455.231233,3455.231233,TRUE,6486.247372,3,2017-11-26 02:29:30,3031.016139,10099,0.300130323695415,TRUE
"7354","A69-9006-1718",7354,"Noordzeekanaal","Spuisluis Noordzee","VR2W-132409",52.471207,4.595198,2017-11-26 02:29:30,2017-11-26 02:55:05,39,9050,3031.016139,0.334919,6486.247372,6486.247372,NA,NA,NA,NA,NA,NA,NA,TRUE
"7355","A69-9006-1719",7355,"Noordzeekanaal","rel_noordzeekanaal1","none",52.452208,4.678779,2017-10-16 15:00:00,2017-10-16 15:00:00,1,NA,NA,NA,0,0,FALSE,3455.231233,2,2017-10-22 21:50:55,3455.231233,543055,0.00636258064652752,FALSE
"7356","A69-9006-1719",7356,"Noordzeekanaal","Noordzeekanaal","VR2W-114165",52.462798,4.633995,2017-10-22 21:50:55,2017-10-22 22:08:09,20,543055,3455.231233,0.006363,3455.231233,3455.231233,TRUE,5062.150232,3,2017-10-22 22:31:57,1606.918999,2462,0.652688464256702,TRUE
"7357","A69-9006-1719",7357,"Noordzeekanaal","Grote sluis NZK","VR2W-114178",52.467488,4.613347,2017-10-22 22:31:57,2017-10-22 22:56:42,19,1428,1606.918999,1.125293,5062.150232,5062.150232,FALSE,NA,NA,NA,NA,NA,NA,TRUE
"7358","A69-9006-1719",7358,"Noordzeekanaal","Noordzeekanaal","VR2W-114165",52.462798,4.633995,2017-10-22 23:29:51,2017-10-23 00:03:13,34,1989,1606.918999,0.807903,6669.069231,3455.231233,FALSE,5062.150232,6,2017-10-23 14:32:03,1606.918999,54132,0.0296851954296904,TRUE
"7359","A69-9006-1719",7359,"Noordzeekanaal","Noordzeekanaal","VR2W-114164",52.465232,4.633992,2017-10-23 13:40:21,2017-10-23 13:48:14,7,NA,NA,NA,6669.069231,3455.231233,TRUE,5062.150232,6,2017-10-23 14:32:03,1606.918999,3102,0.51802675660864,TRUE
"7360","A69-9006-1719",7360,"Noordzeekanaal","Grote sluis NZK","VR2W-114178",52.467488,4.613347,2017-10-23 14:32:03,2017-10-23 16:07:49,12,2629,1606.918999,0.611228,8275.98823,5062.150232,NA,NA,NA,NA,NA,NA,NA,TRUE
"7361","A69-9006-1720",7361,"Noordzeekanaal","rel_noordzeekanaal1","none",52.452208,4.678779,2017-10-16 15:00:00,2017-10-16 15:00:00,1,NA,NA,NA,0,0,TRUE,3455.231233,2,2017-10-16 15:02:11,3455.231233,131,26.3758109389313,TRUE
"7362","A69-9006-1720",7362,"Noordzeekanaal","Noordzeekanaal","VR2W-114164",52.465232,4.633992,2017-10-16 15:02:11,2017-10-16 15:17:36,14,131,3455.231233,26.375811,3455.231233,3455.231233,FALSE,5062.150232,8,2017-11-02 17:44:55,1606.918999,1478564,0.00108681058040098,TRUE
"7363","A69-9006-1720",7363,"Noordzeekanaal","Noordzeekanaal","VR2W-114165",52.462798,4.633995,2017-10-16 17:10:05,2017-10-16 17:26:58,7,NA,NA,NA,3455.231233,3455.231233,FALSE,5062.150232,8,2017-11-02 17:44:55,1606.918999,1470890,0.00109248074227169,TRUE
"7364","A69-9006-1720",7364,"Noordzeekanaal","Noordzeekanaal","VR2W-114165",52.462798,4.633995,2017-10-16 23:19:17,2017-10-16 23:48:31,2,NA,NA,NA,3455.231233,3455.231233,FALSE,5062.150232,8,2017-11-02 17:44:55,1606.918999,1448738,0.00110918537306262,TRUE
"7365","A69-9006-1720",7365,"Noordzeekanaal","Noordzeekanaal","VR2W-114165",52.462798,4.633995,2017-10-17 01:34:16,2017-10-17 01:38:01,3,NA,NA,NA,3455.231233,3455.231233,FALSE,NA,NA,NA,NA,NA,NA,TRUE
"7366","A69-9006-1720",7366,"Noordzeekanaal","Overtoom 1","VR2W-119065",52.430117,4.784283,2017-11-01 18:46:14,2017-11-01 18:46:14,1,1357693,11955.458146,0.008806,15410.689379,-8500.226913,TRUE,3455.231233,7,2017-11-02 16:56:09,11955.458146,79795,0.149827158919732,TRUE
"7367","A69-9006-1720",7367,"Noordzeekanaal","Noordzeekanaal","VR2W-114165",52.462798,4.633995,2017-11-02 16:56:09,2017-11-02 17:18:47,16,79795,11955.458146,0.149827,27366.147525,3455.231233,TRUE,5062.150232,8,2017-11-02 17:44:55,1606.918999,2926,0.54918626076555,TRUE
"7368","A69-9006-1720",7368,"Noordzeekanaal","Grote sluis NZK","VR2W-114178",52.467488,4.613347,2017-11-02 17:44:55,2017-11-02 18:45:56,3,1568,1606.918999,1.024821,28973.066524,5062.150232,FALSE,NA,NA,NA,NA,NA,NA,TRUE
"7369","A69-9006-1720",7369,"Noordzeekanaal","Noordzeekanaal","VR2W-114165",52.462798,4.633995,2017-11-02 18:50:54,2017-11-02 18:59:14,5,298,1606.918999,5.392346,30579.985523,3455.231233,TRUE,5062.150232,10,2017-11-02 19:01:14,1606.918999,620,2.59180483709677,TRUE
"7370","A69-9006-1720",7370,"Noordzeekanaal","Grote sluis NZK","VR2W-114178",52.467488,4.613347,2017-11-02 19:01:14,2017-11-02 20:15:32,32,120,1606.918999,13.390992,32186.904522,5062.150232,FALSE,NA,NA,NA,NA,NA,NA,TRUE
"7371","A69-9006-1720",7371,"Noordzeekanaal","Noordzeekanaal","VR2W-114165",52.462798,4.633995,2017-11-02 20:25:33,2017-11-02 20:25:33,1,601,1606.918999,2.673742,33793.823521,3455.231233,TRUE,5062.150232,12,2017-11-02 20:27:32,1606.918999,119,13.503521,TRUE
"7372","A69-9006-1720",7372,"Noordzeekanaal","Grote sluis NZK","VR2W-114178",52.467488,4.613347,2017-11-02 20:27:32,2017-11-02 20:30:40,3,119,1606.918999,13.503521,35400.74252,5062.150232,FALSE,NA,NA,NA,NA,NA,NA,TRUE
"7373","A69-9006-1720",7373,"Noordzeekanaal","Noordzeekanaal","VR2W-114165",52.462798,4.633995,2017-11-02 20:34:16,2017-11-02 20:49:20,5,216,1606.918999,7.43944,37007.661519,3455.231233,TRUE,5627.770357,14,2017-11-02 21:27:33,2172.539124,3197,0.679555559587113,TRUE
"7374","A69-9006-1720",7374,"Noordzeekanaal","Spuisluis NZK","VR2W-114167",52.470646,4.607811,2017-11-02 21:27:33,2017-11-02 22:00:39,27,2293,2172.539123,0.947466,39180.200642,5627.770357,FALSE,NA,NA,NA,NA,NA,NA,TRUE
"7375","A69-9006-1720",7375,"Noordzeekanaal","Noordzeekanaal","VR2W-114165",52.462798,4.633995,2017-11-02 22:23:02,2017-11-02 22:56:32,4,1343,2172.539123,1.617676,41352.739765,3455.231233,TRUE,5062.150232,16,2017-11-02 22:57:39,1606.918999,2077,0.77367308570053,TRUE
"7376","A69-9006-1720",7376,"Noordzeekanaal","Grote sluis NZK","VR2W-114178",52.467488,4.613347,2017-11-02 22:57:39,2017-11-02 22:57:39,1,67,1606.918999,23.983866,42959.658764,5062.150232,FALSE,NA,NA,NA,NA,NA,NA,TRUE
"7377","A69-9006-1720",7377,"Noordzeekanaal","Noordzeekanaal","VR2W-114165",52.462798,4.633995,2017-11-02 22:58:13,2017-11-02 22:58:13,1,34,1606.918999,47.262323,44566.577763,3455.231233,TRUE,5062.150232,18,2017-11-02 22:58:32,1606.918999,19,84.5746841578947,TRUE
"7378","A69-9006-1720",7378,"Noordzeekanaal","Grote sluis NZK","VR2W-114178",52.467488,4.613347,2017-11-02 22:58:32,2017-11-02 22:58:32,1,19,1606.918999,84.574684,46173.496762,5062.150232,FALSE,NA,NA,NA,NA,NA,NA,TRUE
"7379","A69-9006-1720",7379,"Noordzeekanaal","Noordzeekanaal","VR2W-114165",52.462798,4.633995,2017-11-02 22:58:54,2017-11-02 22:58:54,1,22,1606.918999,73.041773,47780.415761,3455.231233,TRUE,5062.150232,20,2017-11-02 22:59:25,1606.918999,31,51.8360967419355,TRUE
"7380","A69-9006-1720",7380,"Noordzeekanaal","Grote sluis NZK","VR2W-114178",52.467488,4.613347,2017-11-02 22:59:25,2017-11-02 22:59:25,1,31,1606.918999,51.836097,49387.33476,5062.150232,FALSE,NA,NA,NA,NA,NA,NA,TRUE
"7381","A69-9006-1720",7381,"Noordzeekanaal","Noordzeekanaal","VR2W-114165",52.462798,4.633995,2017-11-02 22:59:41,2017-11-02 23:00:19,2,16,1606.918999,100.432437,50994.253759,3455.231233,TRUE,5062.150232,22,2017-11-02 23:00:55,1606.918999,74,21.7151216081081,TRUE
"7382","A69-9006-1720",7382,"Noordzeekanaal","Grote sluis NZK","VR2W-114178",52.467488,4.613347,2017-11-02 23:00:55,2017-11-02 23:00:55,1,36,1606.918999,44.636639,52601.172758,5062.150232,FALSE,NA,NA,NA,NA,NA,NA,TRUE
"7383","A69-9006-1720",7383,"Noordzeekanaal","Noordzeekanaal","VR2W-114165",52.462798,4.633995,2017-11-02 23:02:37,2017-11-02 23:02:37,1,102,1606.918999,15.754108,54208.091757,3455.231233,TRUE,5062.150232,24,2017-11-02 23:03:00,1606.918999,23,69.8660434347826,TRUE
"7384","A69-9006-1720",7384,"Noordzeekanaal","Grote sluis NZK","VR2W-114178",52.467488,4.613347,2017-11-02 23:03:00,2017-11-02 23:03:00,1,23,1606.918999,69.866043,55815.010756,5062.150232,FALSE,NA,NA,NA,NA,NA,NA,TRUE
"7385","A69-9006-1720",7385,"Noordzeekanaal","Noordzeekanaal","VR2W-114165",52.462798,4.633995,2017-11-02 23:04:15,2017-11-02 23:04:15,1,75,1606.918999,21.425587,57421.929755,3455.231233,TRUE,5062.150232,26,2017-11-02 23:04:37,1606.918999,22,73.0417726818182,TRUE
"7386","A69-9006-1720",7386,"Noordzeekanaal","Grote sluis NZK","VR2W-114178",52.467488,4.613347,2017-11-02 23:04:37,2017-11-02 23:04:37,1,22,1606.918999,73.041773,59028.848754,5062.150232,FALSE,NA,NA,NA,NA,NA,NA,TRUE
"7387","A69-9006-1720",7387,"Noordzeekanaal","Noordzeekanaal","VR2W-114165",52.462798,4.633995,2017-11-02 23:04:53,2017-11-02 23:04:53,1,16,1606.918999,100.432437,60635.767753,3455.231233,TRUE,5062.150232,28,2017-11-02 23:05:29,1606.918999,36,44.6366388611111,TRUE
"7388","A69-9006-1720",7388,"Noordzeekanaal","Grote sluis NZK","VR2W-114178",52.467488,4.613347,2017-11-02 23:05:29,2017-11-02 23:05:29,1,36,1606.918999,44.636639,62242.686752,5062.150232,FALSE,NA,NA,NA,NA,NA,NA,TRUE
"7389","A69-9006-1720",7389,"Noordzeekanaal","Noordzeekanaal","VR2W-114165",52.462798,4.633995,2017-11-02 23:05:34,2017-11-02 23:09:57,5,5,1606.918999,321.3838,63849.605751,3455.231233,TRUE,5062.150232,30,2017-11-02 23:11:02,1606.918999,328,4.89914328963415,TRUE
"7390","A69-9006-1720",7390,"Noordzeekanaal","Grote sluis NZK","VR2W-114178",52.467488,4.613347,2017-11-02 23:11:02,2017-11-02 23:11:02,1,65,1606.918999,24.721831,65456.52475,5062.150232,FALSE,NA,NA,NA,NA,NA,NA,TRUE
"7391","A69-9006-1720",7391,"Noordzeekanaal","Noordzeekanaal","VR2W-114165",52.462798,4.633995,2017-11-02 23:14:13,2017-11-02 23:15:54,2,191,1606.918999,8.413188,67063.443749,3455.231233,TRUE,5062.150232,32,2017-11-02 23:16:13,1606.918999,120,13.3909916583333,TRUE
"7392","A69-9006-1720",7392,"Noordzeekanaal","Grote sluis NZK","VR2W-114178",52.467488,4.613347,2017-11-02 23:16:13,2017-11-02 23:16:13,1,19,1606.918999,84.574684,68670.362748,5062.150232,FALSE,NA,NA,NA,NA,NA,NA,TRUE
"7393","A69-9006-1720",7393,"Noordzeekanaal","Noordzeekanaal","VR2W-114165",52.462798,4.633995,2017-11-02 23:16:34,2017-11-02 23:21:25,6,21,1606.918999,76.519952,70277.281747,3455.231233,TRUE,5062.150232,34,2017-11-02 23:21:55,1606.918999,321,5.00597819003115,TRUE
"7394","A69-9006-1720",7394,"Noordzeekanaal","Grote sluis NZK","VR2W-114178",52.467488,4.613347,2017-11-02 23:21:55,2017-11-02 23:21:55,1,30,1606.918999,53.563967,71884.200746,5062.150232,FALSE,NA,NA,NA,NA,NA,NA,TRUE
"7395","A69-9006-1720",7395,"Noordzeekanaal","Noordzeekanaal","VR2W-114165",52.462798,4.633995,2017-11-02 23:22:12,2017-11-02 23:29:51,6,17,1606.918999,94.524647,73491.119745,3455.231233,TRUE,5062.150232,36,2017-11-02 23:30:13,1606.918999,481,3.34078793970894,TRUE
"7396","A69-9006-1720",7396,"Noordzeekanaal","Grote sluis NZK","VR2W-114178",52.467488,4.613347,2017-11-02 23:30:13,2017-11-02 23:30:13,1,22,1606.918999,73.041773,75098.038744,5062.150232,FALSE,NA,NA,NA,NA,NA,NA,TRUE
"7397","A69-9006-1720",7397,"Noordzeekanaal","Noordzeekanaal","VR2W-114165",52.462798,4.633995,2017-11-02 23:30:31,2017-11-02 23:31:13,2,18,1606.918999,89.273278,76704.957743,3455.231233,TRUE,5062.150232,38,2017-11-02 23:31:52,1606.918999,81,19.8385061604938,TRUE
"7398","A69-9006-1720",7398,"Noordzeekanaal","Grote sluis NZK","VR2W-114178",52.467488,4.613347,2017-11-02 23:31:52,2017-11-02 23:31:52,1,39,1606.918999,41.203051,78311.876742,5062.150232,FALSE,NA,NA,NA,NA,NA,NA,TRUE
"7399","A69-9006-1720",7399,"Noordzeekanaal","Noordzeekanaal","VR2W-114165",52.462798,4.633995,2017-11-02 23:32:03,2017-11-02 23:34:27,4,11,1606.918999,146.083545,79918.795741,3455.231233,TRUE,5062.150232,40,2017-11-02 23:34:48,1606.918999,165,9.73890302424242,TRUE
"7400","A69-9006-1720",7400,"Noordzeekanaal","Grote sluis NZK","VR2W-114178",52.467488,4.613347,2017-11-02 23:34:48,2017-11-02 23:34:48,1,21,1606.918999,76.519952,81525.71474,5062.150232,FALSE,NA,NA,NA,NA,NA,NA,TRUE
"7401","A69-9006-1720",7401,"Noordzeekanaal","Noordzeekanaal","VR2W-114165",52.462798,4.633995,2017-11-02 23:37:44,2017-11-02 23:40:21,4,176,1606.918999,9.130222,83132.633739,3455.231233,TRUE,5062.150232,42,2017-11-02 23:40:38,1606.918999,174,9.23516666091954,TRUE
"7402","A69-9006-1720",7402,"Noordzeekanaal","Grote sluis NZK","VR2W-114178",52.467488,4.613347,2017-11-02 23:40:38,2017-11-02 23:40:38,1,17,1606.918999,94.524647,84739.552738,5062.150232,FALSE,NA,NA,NA,NA,NA,NA,TRUE
"7403","A69-9006-1720",7403,"Noordzeekanaal","Noordzeekanaal","VR2W-114165",52.462798,4.633995,2017-11-02 23:42:01,2017-11-02 23:42:01,1,83,1606.918999,19.36047,86346.471737,3455.231233,TRUE,5062.150232,44,2017-11-02 23:42:22,1606.918999,21,76.5199523333333,TRUE
"7404","A69-9006-1720",7404,"Noordzeekanaal","Grote sluis NZK","VR2W-114178",52.467488,4.613347,2017-11-02 23:42:22,2017-11-02 23:44:53,2,21,1606.918999,76.519952,87953.390736,5062.150232,FALSE,NA,NA,NA,NA,NA,NA,TRUE
"7405","A69-9006-1720",7405,"Noordzeekanaal","Noordzeekanaal","VR2W-114165",52.462798,4.633995,2017-11-02 23:45:12,2017-11-02 23:45:12,1,19,1606.918999,84.574684,89560.309735,3455.231233,TRUE,5062.150232,46,2017-11-02 23:45:42,1606.918999,30,53.5639666333333,TRUE
"7406","A69-9006-1720",7406,"Noordzeekanaal","Grote sluis NZK","VR2W-114178",52.467488,4.613347,2017-11-02 23:45:42,2017-11-02 23:45:42,1,30,1606.918999,53.563967,91167.228734,5062.150232,FALSE,NA,NA,NA,NA,NA,NA,TRUE
"7407","A69-9006-1720",7407,"Noordzeekanaal","Noordzeekanaal","VR2W-114165",52.462798,4.633995,2017-11-02 23:45:53,2017-11-02 23:45:53,1,11,1606.918999,146.083545,92774.147733,3455.231233,TRUE,5062.150232,48,2017-11-02 23:46:24,1606.918999,31,51.8360967419355,TRUE
"7408","A69-9006-1720",7408,"Noordzeekanaal","Grote sluis NZK","VR2W-114178",52.467488,4.613347,2017-11-02 23:46:24,2017-11-02 23:46:24,1,31,1606.918999,51.836097,94381.066732,5062.150232,FALSE,NA,NA,NA,NA,NA,NA,TRUE
"7409","A69-9006-1720",7409,"Noordzeekanaal","Noordzeekanaal","VR2W-114165",52.462798,4.633995,2017-11-02 23:46:39,2017-11-02 23:46:39,1,15,1606.918999,107.127933,95987.985731,3455.231233,TRUE,5062.150232,50,2017-11-02 23:47:12,1606.918999,33,48.6945151212121,TRUE
"7410","A69-9006-1720",7410,"Noordzeekanaal","Grote sluis NZK","VR2W-114178",52.467488,4.613347,2017-11-02 23:47:12,2017-11-02 23:47:12,1,33,1606.918999,48.694515,97594.90473,5062.150232,FALSE,NA,NA,NA,NA,NA,NA,TRUE
"7411","A69-9006-1720",7411,"Noordzeekanaal","Noordzeekanaal","VR2W-114165",52.462798,4.633995,2017-11-02 23:47:16,2017-11-02 23:48:33,3,4,1606.918999,401.72975,99201.823729,3455.231233,TRUE,5062.150232,52,2017-11-02 23:48:40,1606.918999,84,19.1299880833333,TRUE
"7412","A69-9006-1720",7412,"Noordzeekanaal","Grote sluis NZK","VR2W-114178",52.467488,4.613347,2017-11-02 23:48:40,2017-11-02 23:49:54,3,7,1606.918999,229.559857,100808.742728,5062.150232,FALSE,NA,NA,NA,NA,NA,NA,TRUE
"7413","A69-9006-1720",7413,"Noordzeekanaal","Noordzeekanaal","VR2W-114165",52.462798,4.633995,2017-11-02 23:50:04,2017-11-02 23:50:47,2,10,1606.918999,160.6919,102415.661727,3455.231233,TRUE,5062.150232,54,2017-11-02 23:51:15,1606.918999,71,22.6326619577465,TRUE
"7414","A69-9006-1720",7414,"Noordzeekanaal","Grote sluis NZK","VR2W-114178",52.467488,4.613347,2017-11-02 23:51:15,2017-11-02 23:51:15,1,28,1606.918999,57.389964,104022.580726,5062.150232,FALSE,NA,NA,NA,NA,NA,NA,TRUE
"7415","A69-9006-1720",7415,"Noordzeekanaal","Noordzeekanaal","VR2W-114165",52.462798,4.633995,2017-11-02 23:51:35,2017-11-02 23:51:35,1,20,1606.918999,80.34595,105629.499725,3455.231233,TRUE,5062.150232,56,2017-11-02 23:52:04,1606.918999,29,55.4109999655172,TRUE
"7416","A69-9006-1720",7416,"Noordzeekanaal","Grote sluis NZK","VR2W-114178",52.467488,4.613347,2017-11-02 23:52:04,2017-11-02 23:52:04,1,29,1606.918999,55.411,107236.418724,5062.150232,FALSE,NA,NA,NA,NA,NA,NA,TRUE
"7417","A69-9006-1720",7417,"Noordzeekanaal","Noordzeekanaal","VR2W-114165",52.462798,4.633995,2017-11-02 23:52:17,2017-11-02 23:52:17,1,13,1606.918999,123.609154,108843.337723,3455.231233,TRUE,5062.150232,58,2017-11-02 23:52:47,1606.918999,30,53.5639666333333,TRUE
"7418","A69-9006-1720",7418,"Noordzeekanaal","Grote sluis NZK","VR2W-114178",52.467488,4.613347,2017-11-02 23:52:47,2017-11-02 23:52:47,1,30,1606.918999,53.563967,110450.256722,5062.150232,FALSE,NA,NA,NA,NA,NA,NA,TRUE
"7419","A69-9006-1720",7419,"Noordzeekanaal","Noordzeekanaal","VR2W-114165",52.462798,4.633995,2017-11-02 23:53:06,2017-11-02 23:53:06,1,19,1606.918999,84.574684,112057.175721,3455.231233,TRUE,5062.150232,60,2017-11-02 23:55:06,1606.918999,120,13.3909916583333,TRUE
"7420","A69-9006-1720",7420,"Noordzeekanaal","Grote sluis NZK","VR2W-114178",52.467488,4.613347,2017-11-02 23:55:06,2017-11-02 23:55:46,2,120,1606.918999,13.390992,113664.09472,5062.150232,FALSE,NA,NA,NA,NA,NA,NA,TRUE
"7421","A69-9006-1720",7421,"Noordzeekanaal","Noordzeekanaal","VR2W-114165",52.462798,4.633995,2017-11-02 23:57:14,2017-11-02 23:58:02,2,88,1606.918999,18.260443,115271.013719,3455.231233,TRUE,5062.150232,62,2017-11-02 23:58:21,1606.918999,67,23.9838656567164,TRUE
"7422","A69-9006-1720",7422,"Noordzeekanaal","Grote sluis NZK","VR2W-114178",52.467488,4.613347,2017-11-02 23:58:21,2017-11-02 23:58:21,1,19,1606.918999,84.574684,116877.932718,5062.150232,FALSE,NA,NA,NA,NA,NA,NA,TRUE
"7423","A69-9006-1720",7423,"Noordzeekanaal","Noordzeekanaal","VR2W-114165",52.462798,4.633995,2017-11-02 23:58:45,2017-11-02 23:59:33,2,24,1606.918999,66.954958,118484.851717,3455.231233,TRUE,5062.150232,64,2017-11-03 00:00:45,1606.918999,120,13.3909916583333,TRUE
"7424","A69-9006-1720",7424,"Noordzeekanaal","Grote sluis NZK","VR2W-114178",52.467488,4.613347,2017-11-03 00:00:45,2017-11-03 00:00:45,1,72,1606.918999,22.318319,120091.770716,5062.150232,FALSE,NA,NA,NA,NA,NA,NA,TRUE
"7425","A69-9006-1720",7425,"Noordzeekanaal","Noordzeekanaal","VR2W-114165",52.462798,4.633995,2017-11-03 00:01:00,2017-11-03 00:01:00,1,15,1606.918999,107.127933,121698.689715,3455.231233,TRUE,5062.150232,66,2017-11-03 00:01:33,1606.918999,33,48.6945151212121,TRUE
"7426","A69-9006-1720",7426,"Noordzeekanaal","Grote sluis NZK","VR2W-114178",52.467488,4.613347,2017-11-03 00:01:33,2017-11-03 00:01:33,1,33,1606.918999,48.694515,123305.608714,5062.150232,FALSE,NA,NA,NA,NA,NA,NA,TRUE
"7427","A69-9006-1720",7427,"Noordzeekanaal","Noordzeekanaal","VR2W-114165",52.462798,4.633995,2017-11-03 00:01:37,2017-11-03 00:01:37,1,4,1606.918999,401.72975,124912.527713,3455.231233,TRUE,5062.150232,68,2017-11-03 00:02:14,1606.918999,37,43.4302432162162,TRUE
"7428","A69-9006-1720",7428,"Noordzeekanaal","Grote sluis NZK","VR2W-114178",52.467488,4.613347,2017-11-03 00:02:14,2017-11-03 00:03:01,2,37,1606.918999,43.430243,126519.446712,5062.150232,FALSE,NA,NA,NA,NA,NA,NA,TRUE
"7429","A69-9006-1720",7429,"Noordzeekanaal","Noordzeekanaal","VR2W-114165",52.462798,4.633995,2017-11-03 00:05:52,2017-11-03 02:17:55,73,171,1606.918999,9.397187,128126.365711,3455.231233,TRUE,5062.150232,70,2017-11-03 02:20:43,1606.918999,8091,0.198605734643431,TRUE
"7430","A69-9006-1720",7430,"Noordzeekanaal","Grote sluis NZK","VR2W-114178",52.467488,4.613347,2017-11-03 02:20:43,2017-11-03 02:20:43,1,168,1606.918999,9.564994,129733.28471,5062.150232,FALSE,NA,NA,NA,NA,NA,NA,TRUE
"7431","A69-9006-1720",7431,"Noordzeekanaal","Noordzeekanaal","VR2W-114165",52.462798,4.633995,2017-11-03 02:38:29,2017-11-03 04:59:49,97,1066,1606.918999,1.507429,131340.203709,3455.231233,FALSE,5062.150232,74,2017-11-03 09:29:51,1606.918999,24682,0.0651048942144073,TRUE
"7432","A69-9006-1720",7432,"Noordzeekanaal","Noordzeekanaal","VR2W-114165",52.462798,4.633995,2017-11-03 07:06:40,2017-11-03 07:12:30,3,NA,NA,NA,131340.203709,3455.231233,FALSE,5062.150232,74,2017-11-03 09:29:51,1606.918999,8591,0.187046793039227,TRUE
"7433","A69-9006-1720",7433,"Noordzeekanaal","Noordzeekanaal","VR2W-114164",52.465232,4.633992,2017-11-03 08:34:30,2017-11-03 08:53:57,19,NA,NA,NA,131340.203709,3455.231233,TRUE,5062.150232,74,2017-11-03 09:29:51,1606.918999,3321,0.483866003914484,TRUE
"7434","A69-9006-1720",7434,"Noordzeekanaal","Grote sluis NZK","VR2W-114178",52.467488,4.613347,2017-11-03 09:29:51,2017-11-03 10:53:26,21,2154,1606.918999,0.746016,132947.122708,5062.150232,FALSE,NA,NA,NA,NA,NA,NA,TRUE
"7435","A69-9006-1720",7435,"Noordzeekanaal","Grote sluis NZK","VR2W-114178",52.467488,4.613347,2017-11-03 15:47:38,2017-11-04 00:48:06,193,NA,NA,NA,132947.122708,5062.150232,FALSE,NA,NA,NA,NA,NA,NA,TRUE
"7436","A69-9006-1720",7436,"Noordzeekanaal","Grote sluis NZK","VR2W-114178",52.467488,4.613347,2017-11-04 04:24:10,2017-11-04 17:41:18,687,NA,NA,NA,132947.122708,5062.150232,FALSE,NA,NA,NA,NA,NA,NA,TRUE
"7437","A69-9006-1720",7437,"Noordzeekanaal","Grote sluis NZK","VR2W-114178",52.467488,4.613347,2017-11-04 18:56:57,2017-11-04 19:02:20,8,NA,NA,NA,132947.122708,5062.150232,NA,NA,NA,NA,NA,NA,NA,TRUE
"7438","A69-9006-1720",7438,"Noordzeekanaal","Grote sluis Noordzee","VR2W-132414",52.466907,4.600546,2017-11-04 20:07:21,2017-11-04 20:21:01,17,3901,941.310669,0.2413,133888.433377,5920.627248,NA,NA,NA,NA,NA,NA,NA,TRUE
"7439","A69-9006-1721",7439,"Noordzeekanaal","rel_noordzeekanaal1","none",52.452208,4.678779,2017-10-16 15:00:00,2017-10-16 15:00:00,1,NA,NA,NA,0,0,FALSE,NA,NA,NA,NA,NA,NA,FALSE
"7440","A69-9006-1721",7440,"Noordzeekanaal","Willem 2 sluis 2","VR2W-130587",52.383677,4.907053,2017-10-18 01:22:25,2017-10-18 01:28:32,7,123745,19097.269034,0.154328,19097.269034,-19097.269034,FALSE,NA,NA,NA,NA,NA,NA,FALSE
"7441","A69-9006-1721",7441,"Noordzeekanaal","Oranjesluis","VR2W-114163",52.382553,4.959779,2017-10-18 16:48:16,2017-10-18 18:18:59,140,55184,3423.861235,0.062044,22521.130269,-22438.296616,FALSE,NA,NA,NA,NA,NA,NA,FALSE
"7442","A69-9006-1721",7442,"Noordzeekanaal","ARK Noord","VR2W-119054",52.355706,4.97029,2017-10-22 18:33:07,2017-10-22 19:09:53,34,346448,3196.690998,0.009227,25717.821267,-24966.436151,FALSE,-22438.296616,7,2017-11-04 22:36:00,2528.139535,1137773,0.00222200696887692,FALSE
"7443","A69-9006-1721",7443,"Noordzeekanaal","ARK Noord","VR2W-119054",52.355706,4.97029,2017-10-24 03:03:23,2017-10-24 03:28:30,32,NA,NA,NA,25717.821267,-24966.436151,FALSE,-22438.296616,7,2017-11-04 22:36:00,2528.139535,1020757,0.00247673004936533,FALSE
"7444","A69-9006-1721",7444,"Noordzeekanaal","ARK Noord","VR2W-119054",52.355706,4.97029,2017-11-04 02:19:23,2017-11-04 02:32:07,9,NA,NA,NA,25717.821267,-24966.436151,TRUE,-22438.296616,7,2017-11-04 22:36:00,2528.139535,72997,0.0346334717180158,TRUE
"7445","A69-9006-1721",7445,"Noordzeekanaal","Oranjesluis","VR2W-102056",52.380016,4.955998,2017-11-04 22:36:00,2017-11-04 23:04:42,17,72233,3196.690998,0.044255,28914.512265,-22438.296616,TRUE,-19097.269034,8,2017-11-05 02:05:46,3341.027582,12586,0.265455870173208,TRUE
"7446","A69-9006-1721",7446,"Noordzeekanaal","Willem 2 sluis 2","VR2W-130587",52.383677,4.907053,2017-11-05 02:05:46,2017-11-05 02:08:59,5,10864,3423.861235,0.315157,32338.3735,-19097.269034,TRUE,-8500.226913,9,2017-11-06 23:40:44,10597.042121,164098,0.0645775214871601,TRUE
"7447","A69-9006-1721",7447,"Noordzeekanaal","Overtoom 1","VR2W-119065",52.430117,4.784283,2017-11-06 23:40:44,2017-11-06 23:40:44,1,163905,10962.686843,0.066884,43301.060343,-8500.226913,TRUE,3455.231233,10,2017-11-08 05:47:53,11955.458146,108429,0.110260706508406,TRUE
"7448","A69-9006-1721",7448,"Noordzeekanaal","Noordzeekanaal","VR2W-114165",52.462798,4.633995,2017-11-08 05:47:53,2017-11-08 05:47:53,1,108429,11955.458146,0.110261,55256.518489,3455.231233,FALSE,NA,NA,NA,NA,NA,NA,TRUE
"7449","A69-9006-1721",7449,"Noordzeekanaal","Zaangemaal 3","VR2W-119064",52.437818,4.826197,2017-11-09 17:17:01,2017-11-09 20:30:30,204,127748,18076.066335,0.141498,73332.584824,-14620.835102,FALSE,NA,NA,NA,NA,NA,NA,TRUE
"7450","A69-9006-1721",7450,"Noordzeekanaal","Zaangemaal 3","VR2W-119064",52.437818,4.826197,2017-11-10 06:56:31,2017-11-10 21:04:08,873,NA,NA,NA,73332.584824,-14620.835102,NA,NA,NA,NA,NA,NA,NA,TRUE
"7451","A69-9006-1722",7451,"Noordzeekanaal","rel_noordzeekanaal1","none",52.452208,4.678779,2017-10-16 15:00:00,2017-10-16 15:00:00,1,NA,NA,NA,0,0,TRUE,3455.231233,2,2017-10-16 17:20:03,3455.231233,8403,0.41119019790551,TRUE
"7452","A69-9006-1722",7452,"Noordzeekanaal","Noordzeekanaal","VR2W-114165",52.462798,4.633995,2017-10-16 17:20:03,2017-10-16 17:20:03,1,8403,3455.231233,0.41119,3455.231233,3455.231233,FALSE,5627.770357,4,2017-12-05 02:29:33,2172.539124,4266570,0.000509200393758921,TRUE
"7453","A69-9006-1722",7453,"Noordzeekanaal","Noordzeekanaal","VR2W-114165",52.462798,4.633995,2017-12-05 00:52:18,2017-12-05 01:33:33,45,NA,NA,NA,3455.231233,3455.231233,TRUE,5627.770357,4,2017-12-05 02:29:33,2172.539124,5835,0.372328898714653,TRUE
"7454","A69-9006-1722",7454,"Noordzeekanaal","Spuisluis NZK","VR2W-114167",52.470646,4.607811,2017-12-05 02:29:33,2017-12-05 10:01:46,277,3360,2172.539123,0.646589,5627.770356,5627.770357,FALSE,NA,NA,NA,NA,NA,NA,TRUE
"7455","A69-9006-1722",7455,"Noordzeekanaal","Grote sluis NZK","VR2W-114178",52.467488,4.613347,2017-12-05 11:02:12,2017-12-05 12:43:45,50,3626,565.620125,0.15599,6193.390481,5062.150232,FALSE,NA,NA,NA,NA,NA,NA,TRUE
"7456","A69-9006-1722",7456,"Noordzeekanaal","Noordzeekanaal","VR2W-114164",52.465232,4.633992,2017-12-05 13:10:46,2017-12-05 13:10:46,1,1621,1606.918999,0.991313,7800.30948,3455.231233,TRUE,5062.150232,7,2017-12-05 13:33:40,1606.918999,1374,1.16951892212518,TRUE
"7457","A69-9006-1722",7457,"Noordzeekanaal","Grote sluis NZK","VR2W-114178",52.467488,4.613347,2017-12-05 13:33:40,2017-12-05 16:19:05,52,1374,1606.918999,1.169519,9407.228479,5062.150232,TRUE,208860.414778,8,2017-12-14 01:16:30,203798.264546,733370,0.277892829739422,TRUE
"7458","A69-9006-1722",7458,"Noordzeekanaal","bpns-nieuwpoortbank","VR2W-129570",51.1695,2.6015,2017-12-14 01:16:30,2017-12-14 01:16:30,1,723445,204129.599158,0.282163,213536.827637,208860.414778,NA,NA,NA,NA,NA,NA,NA,TRUE
"7459","A69-9006-1723",7459,"Noordzeekanaal","rel_noordzeekanaal1","none",52.452208,4.678779,2017-10-19 15:00:00,2017-10-19 15:00:00,1,NA,NA,NA,0,0,TRUE,3455.231233,2,2017-10-20 17:59:34,3455.231233,97174,0.0355571576038858,TRUE
"7460","A69-9006-1723",7460,"Noordzeekanaal","Noordzeekanaal","VR2W-114165",52.462798,4.633995,2017-10-20 17:59:34,2017-10-20 18:22:56,26,97174,3455.231233,0.035557,3455.231233,3455.231233,TRUE,5627.770357,3,2017-10-20 18:51:03,2172.539124,3089,0.703314705082551,TRUE
"7461","A69-9006-1723",7461,"Noordzeekanaal","Spuisluis NZK","VR2W-114167",52.470646,4.607811,2017-10-20 18:51:03,2017-10-20 18:55:31,6,1687,2172.539123,1.287812,5627.770356,5627.770357,NA,NA,NA,NA,NA,NA,NA,TRUE
"7462","A69-9006-1723",7462,"Noordzeekanaal","Spuisluis Noordzee","VR2W-132408",52.470319,4.594701,2017-10-20 20:06:02,2017-10-20 20:13:09,16,4231,941.310669,0.222479,6569.081025,6486.247372,NA,NA,NA,NA,NA,NA,NA,TRUE
"7463","A69-9006-1724",7463,"Noordzeekanaal","rel_noordzeekanaal1","none",52.452208,4.678779,2017-10-19 15:00:00,2017-10-19 15:00:00,1,NA,NA,NA,0,0,TRUE,3455.231233,2,2017-10-20 04:40:03,3455.231233,49203,0.0702239951425726,TRUE
"7464","A69-9006-1724",7464,"Noordzeekanaal","Noordzeekanaal","VR2W-114165",52.462798,4.633995,2017-10-20 04:40:03,2017-10-20 04:40:03,1,49203,3455.231233,0.070224,3455.231233,3455.231233,FALSE,5062.150232,6,2017-10-21 18:07:13,1606.918999,134830,0.0119181116887933,TRUE
"7465","A69-9006-1724",7465,"Noordzeekanaal","Noordzeekanaal","VR2W-114165",52.462798,4.633995,2017-10-20 08:11:14,2017-10-20 08:11:14,1,NA,NA,NA,3455.231233,3455.231233,FALSE,5062.150232,6,2017-10-21 18:07:13,1606.918999,122159,0.0131543234554965,TRUE
"7466","A69-9006-1724",7466,"Noordzeekanaal","Noordzeekanaal","VR2W-114165",52.462798,4.633995,2017-10-20 23:24:30,2017-10-21 03:43:41,50,NA,NA,NA,3455.231233,3455.231233,FALSE,5062.150232,6,2017-10-21 18:07:13,1606.918999,67363,0.0238546234431364,TRUE
"7467","A69-9006-1724",7467,"Noordzeekanaal","Noordzeekanaal","VR2W-114165",52.462798,4.633995,2017-10-21 11:09:12,2017-10-21 17:38:28,225,NA,NA,NA,3455.231233,3455.231233,TRUE,5062.150232,6,2017-10-21 18:07:13,1606.918999,25081,0.0640691758303098,TRUE
"7468","A69-9006-1724",7468,"Noordzeekanaal","Grote sluis NZK","VR2W-114178",52.467488,4.613347,2017-10-21 18:07:13,2017-10-21 18:51:44,26,1725,1606.918999,0.931547,5062.150232,5062.150232,FALSE,NA,NA,NA,NA,NA,NA,TRUE
"7469","A69-9006-1724",7469,"Noordzeekanaal","Noordzeekanaal","VR2W-114165",52.462798,4.633995,2017-10-21 18:57:53,2017-10-21 19:16:36,3,369,1606.918999,4.354794,6669.069231,3455.231233,FALSE,5062.150232,12,2017-10-22 14:14:12,1606.918999,69379,0.0231614609463959,TRUE
"7470","A69-9006-1724",7470,"Noordzeekanaal","Noordzeekanaal","VR2W-114165",52.462798,4.633995,2017-10-21 21:48:41,2017-10-21 23:00:45,21,NA,NA,NA,6669.069231,3455.231233,FALSE,5062.150232,12,2017-10-22 14:14:12,1606.918999,59131,0.0271755762459624,TRUE
"7471","A69-9006-1724",7471,"Noordzeekanaal","Noordzeekanaal","VR2W-114165",52.462798,4.633995,2017-10-22 03:30:33,2017-10-22 04:18:42,3,NA,NA,NA,6669.069231,3455.231233,FALSE,5062.150232,12,2017-10-22 14:14:12,1606.918999,38619,0.0416095444988218,TRUE
"7472","A69-9006-1724",7472,"Noordzeekanaal","Noordzeekanaal","VR2W-114164",52.465232,4.633992,2017-10-22 05:44:36,2017-10-22 07:05:08,40,NA,NA,NA,6669.069231,3455.231233,FALSE,5062.150232,12,2017-10-22 14:14:12,1606.918999,30576,0.0525549123168498,TRUE
"7473","A69-9006-1724",7473,"Noordzeekanaal","Noordzeekanaal","VR2W-114165",52.462798,4.633995,2017-10-22 10:35:00,2017-10-22 13:49:52,84,NA,NA,NA,6669.069231,3455.231233,TRUE,5062.150232,12,2017-10-22 14:14:12,1606.918999,13152,0.122180580824209,TRUE
"7474","A69-9006-1724",7474,"Noordzeekanaal","Grote sluis NZK","VR2W-114178",52.467488,4.613347,2017-10-22 14:14:12,2017-10-22 14:57:26,29,1460,1606.918999,1.100629,8275.98823,5062.150232,FALSE,6486.247372,30,2017-10-30 16:55:53,1424.09714,700901,0.00203180925694214,TRUE
"7475","A69-9006-1724",7475,"Noordzeekanaal","Spuisluis NZK","VR2W-114167",52.470646,4.607811,2017-10-23 16:35:09,2017-10-24 01:24:13,394,92263,565.620125,0.006131,8841.608355,5627.770357,FALSE,NA,NA,NA,NA,NA,NA,TRUE
"7476","A69-9006-1724",7476,"Noordzeekanaal","Spuisluis NZK","VR2W-114167",52.470646,4.607811,2017-10-24 02:46:32,2017-10-24 05:24:56,149,NA,NA,NA,8841.608355,5627.770357,FALSE,NA,NA,NA,NA,NA,NA,TRUE
"7477","A69-9006-1724",7477,"Noordzeekanaal","Spuisluis NZK","VR2W-114167",52.470646,4.607811,2017-10-24 15:12:48,2017-10-24 15:12:48,1,NA,NA,NA,8841.608355,5627.770357,FALSE,NA,NA,NA,NA,NA,NA,TRUE
"7478","A69-9006-1724",7478,"Noordzeekanaal","Spuisluis NZK","VR2W-114167",52.470646,4.607811,2017-10-24 23:24:37,2017-10-25 00:31:47,16,NA,NA,NA,8841.608355,5627.770357,FALSE,NA,NA,NA,NA,NA,NA,TRUE
"7479","A69-9006-1724",7479,"Noordzeekanaal","Spuisluis NZK","VR2W-114167",52.470646,4.607811,2017-10-25 03:24:01,2017-10-25 03:46:52,14,NA,NA,NA,8841.608355,5627.770357,FALSE,NA,NA,NA,NA,NA,NA,TRUE
"7480","A69-9006-1724",7480,"Noordzeekanaal","Spuisluis NZK","VR2W-114167",52.470646,4.607811,2017-10-25 06:21:16,2017-10-25 06:25:58,5,NA,NA,NA,8841.608355,5627.770357,FALSE,NA,NA,NA,NA,NA,NA,TRUE
"7481","A69-9006-1724",7481,"Noordzeekanaal","Spuisluis NZK","VR2W-114167",52.470646,4.607811,2017-10-25 20:45:33,2017-10-25 21:26:03,3,NA,NA,NA,8841.608355,5627.770357,FALSE,NA,NA,NA,NA,NA,NA,TRUE
"7482","A69-9006-1724",7482,"Noordzeekanaal","Spuisluis NZK","VR2W-114167",52.470646,4.607811,2017-10-26 03:14:32,2017-10-26 04:38:45,42,NA,NA,NA,8841.608355,5627.770357,FALSE,NA,NA,NA,NA,NA,NA,TRUE
"7483","A69-9006-1724",7483,"Noordzeekanaal","Spuisluis NZK","VR2W-114167",52.470646,4.607811,2017-10-26 05:58:03,2017-10-26 06:10:50,6,NA,NA,NA,8841.608355,5627.770357,FALSE,NA,NA,NA,NA,NA,NA,TRUE
"7484","A69-9006-1724",7484,"Noordzeekanaal","Spuisluis NZK","VR2W-114167",52.470646,4.607811,2017-10-26 15:49:05,2017-10-26 15:54:49,5,NA,NA,NA,8841.608355,5627.770357,FALSE,NA,NA,NA,NA,NA,NA,TRUE
"7485","A69-9006-1724",7485,"Noordzeekanaal","Spuisluis NZK","VR2W-114167",52.470646,4.607811,2017-10-26 20:48:10,2017-10-26 20:48:10,1,NA,NA,NA,8841.608355,5627.770357,FALSE,NA,NA,NA,NA,NA,NA,TRUE
"7486","A69-9006-1724",7486,"Noordzeekanaal","Spuisluis NZK","VR2W-114167",52.470646,4.607811,2017-10-27 05:52:12,2017-10-27 06:28:31,23,NA,NA,NA,8841.608355,5627.770357,FALSE,NA,NA,NA,NA,NA,NA,TRUE
"7487","A69-9006-1724",7487,"Noordzeekanaal","Spuisluis NZK","VR2W-114167",52.470646,4.607811,2017-10-28 16:05:30,2017-10-28 23:08:49,61,NA,NA,NA,8841.608355,5627.770357,FALSE,NA,NA,NA,NA,NA,NA,TRUE
"7488","A69-9006-1724",7488,"Noordzeekanaal","Spuisluis NZK","VR2W-114167",52.470646,4.607811,2017-10-29 04:50:24,2017-10-29 04:58:50,3,NA,NA,NA,8841.608355,5627.770357,FALSE,NA,NA,NA,NA,NA,NA,TRUE
"7489","A69-9006-1724",7489,"Noordzeekanaal","Spuisluis NZK","VR2W-114167",52.470646,4.607811,2017-10-29 06:39:27,2017-10-29 06:39:27,1,NA,NA,NA,8841.608355,5627.770357,FALSE,NA,NA,NA,NA,NA,NA,TRUE
"7490","A69-9006-1724",7490,"Noordzeekanaal","Spuisluis NZK","VR2W-114167",52.470646,4.607811,2017-10-29 16:31:13,2017-10-30 01:39:27,311,NA,NA,NA,8841.608355,5627.770357,FALSE,NA,NA,NA,NA,NA,NA,TRUE
"7491","A69-9006-1724",7491,"Noordzeekanaal","Spuisluis NZK","VR2W-114167",52.470646,4.607811,2017-10-30 05:24:56,2017-10-30 06:03:41,17,NA,NA,NA,8841.608355,5627.770357,NA,NA,NA,NA,NA,NA,NA,TRUE
"7492","A69-9006-1724",7492,"Noordzeekanaal","Spuisluis Noordzee","VR2W-132408",52.470319,4.594701,2017-10-30 16:55:53,2017-10-30 17:42:49,34,39132,941.310669,0.024055,9782.919024,6486.247372,NA,NA,NA,NA,NA,NA,NA,TRUE
"7493","A69-9006-1725",7493,"Noordzeekanaal","rel_noordzeekanaal1","none",52.452208,4.678779,2017-10-19 15:00:00,2017-10-19 15:00:00,1,NA,NA,NA,0,0,TRUE,3455.231233,2,2017-10-19 15:09:26,3455.231233,566,6.10464882155477,TRUE
"7494","A69-9006-1725",7494,"Noordzeekanaal","Noordzeekanaal","VR2W-114165",52.462798,4.633995,2017-10-19 15:09:26,2017-10-19 17:40:51,66,566,3455.231233,6.104649,3455.231233,3455.231233,FALSE,5062.150232,4,2017-10-24 02:25:24,1606.918999,386158,0.00416129925833467,TRUE
"7495","A69-9006-1725",7495,"Noordzeekanaal","Noordzeekanaal","VR2W-114165",52.462798,4.633995,2017-10-24 00:54:56,2017-10-24 02:07:26,32,NA,NA,NA,3455.231233,3455.231233,TRUE,5062.150232,4,2017-10-24 02:25:24,1606.918999,5428,0.296042556927045,TRUE
"7496","A69-9006-1725",7496,"Noordzeekanaal","Grote sluis NZK","VR2W-114178",52.467488,4.613347,2017-10-24 02:25:24,2017-10-24 02:57:53,21,1078,1606.918999,1.490648,5062.150232,5062.150232,FALSE,NA,NA,NA,NA,NA,NA,TRUE
"7497","A69-9006-1725",7497,"Noordzeekanaal","Noordzeekanaal","VR2W-114165",52.462798,4.633995,2017-10-24 03:21:19,2017-10-24 03:58:04,18,1406,1606.918999,1.142901,6669.069231,3455.231233,FALSE,6486.247372,7,2017-10-24 20:11:05,3031.016139,60586,0.0500283256692965,TRUE
"7498","A69-9006-1725",7498,"Noordzeekanaal","Noordzeekanaal","VR2W-114165",52.462798,4.633995,2017-10-24 14:47:03,2017-10-24 15:33:53,51,NA,NA,NA,6669.069231,3455.231233,TRUE,6486.247372,7,2017-10-24 20:11:05,3031.016139,19442,0.155900428916778,TRUE
"7499","A69-9006-1725",7499,"Noordzeekanaal","Spuisluis Noordzee","VR2W-132408",52.470319,4.594701,2017-10-24 20:11:05,2017-10-24 20:59:59,11,16632,3031.016139,0.18224,9700.08537,6486.247372,FALSE,NA,NA,NA,NA,NA,NA,TRUE
"7500","A69-9006-1725",7500,"Noordzeekanaal","Spuisluis Noordzee","VR2W-132408",52.470319,4.594701,2017-10-25 00:06:14,2017-10-25 00:12:46,3,NA,NA,NA,9700.08537,6486.247372,NA,NA,NA,NA,NA,NA,NA,TRUE
"7501","A69-9006-1726",7501,"Noordzeekanaal","rel_noordzeekanaal1","none",52.452208,4.678779,2017-10-19 15:00:00,2017-10-19 15:00:00,1,NA,NA,NA,0,0,TRUE,5627.770357,2,2017-10-19 15:40:47,5627.770357,2447,2.2998652868819,TRUE
"7502","A69-9006-1726",7502,"Noordzeekanaal","Spuisluis NZK","VR2W-114167",52.470646,4.607811,2017-10-19 15:40:47,2017-10-20 03:44:44,581,2447,5627.770357,2.299865,5627.770357,5627.770357,FALSE,6696.270611,9,2017-10-25 05:52:22,1068.500254,483095,0.00221178081743756,TRUE
"7503","A69-9006-1726",7503,"Noordzeekanaal","Spuisluis Noordzee","VR2W-132408",52.470319,4.594701,2017-10-20 18:13:36,2017-10-21 05:16:35,570,52132,941.310669,0.018056,6569.081026,6486.247372,FALSE,157804.736429,19,2017-11-13 09:12:24,151318.489057,2041128,0.0741347377807761,TRUE
"7504","A69-9006-1726",7504,"Noordzeekanaal","Spuisluis Noordzee","VR2W-132409",52.471207,4.595198,2017-10-22 03:16:26,2017-10-22 06:49:17,356,NA,NA,NA,6569.081026,6486.247372,FALSE,157804.736429,19,2017-11-13 09:12:24,151318.489057,1922158,0.078723231418541,TRUE
"7505","A69-9006-1726",7505,"Noordzeekanaal","Spuisluis Noordzee","VR2W-132409",52.471207,4.595198,2017-10-22 15:04:03,2017-10-22 16:21:55,9,NA,NA,NA,6569.081026,6486.247372,FALSE,NA,NA,NA,NA,NA,NA,TRUE
"7506","A69-9006-1726",7506,"Noordzeekanaal","Grote sluis Noordzee","VR2W-132414",52.466907,4.600546,2017-10-23 01:23:03,2017-10-23 03:26:53,82,32468,565.620125,0.017421,7134.701151,5920.627248,FALSE,157804.736429,19,2017-11-13 09:12:24,151884.109181,1842561,0.0824309801309156,TRUE
"7507","A69-9006-1726",7507,"Noordzeekanaal","Grote sluis Noordzee","VR2W-132414",52.466907,4.600546,2017-10-23 13:54:12,2017-10-23 14:52:24,30,NA,NA,NA,7134.701151,5920.627248,FALSE,157804.736429,19,2017-11-13 09:12:24,151884.109181,1797492,0.084497794249432,TRUE
"7508","A69-9006-1726",7508,"Noordzeekanaal","Grote sluis Noordzee","VR2W-132414",52.466907,4.600546,2017-10-23 16:09:48,2017-10-25 05:42:11,2630,NA,NA,NA,7134.701151,5920.627248,TRUE,157804.736429,19,2017-11-13 09:12:24,151884.109181,1789356,0.0848819961936026,TRUE
"7509","A69-9006-1726",7509,"Noordzeekanaal","Kleine sluis Noordzee","VR2W-132413",52.463762,4.587267,2017-10-25 05:52:22,2017-10-25 07:00:52,24,611,1024.144322,1.676177,8158.845473,6696.270611,FALSE,NA,NA,NA,NA,NA,NA,TRUE
"7510","A69-9006-1726",7510,"Noordzeekanaal","Middensluis Noordzee","VR2W-132411",52.465373,4.592419,2017-10-25 11:52:45,2017-10-26 08:46:45,1359,17513,382.798267,0.021858,8541.64374,6479.139649,TRUE,157804.736429,19,2017-11-13 09:12:24,151325.59678,1631979,0.0927252107900898,TRUE
"7511","A69-9006-1726",7511,"Noordzeekanaal","Spuisluis Noordzee","VR2W-132409",52.471207,4.595198,2017-10-26 10:09:36,2017-10-26 11:41:19,30,4971,582.776187,0.117235,9124.419927,6486.247372,FALSE,157804.736429,19,2017-11-13 09:12:24,151318.489057,1551768,0.0975136032299931,TRUE
"7512","A69-9006-1726",7512,"Noordzeekanaal","Spuisluis Noordzee","VR2W-132409",52.471207,4.595198,2017-10-26 13:12:58,2017-10-26 14:29:04,16,NA,NA,NA,9124.419927,6486.247372,FALSE,NA,NA,NA,NA,NA,NA,TRUE
"7513","A69-9006-1726",7513,"Noordzeekanaal","Middensluis Noordzee","VR2W-132411",52.465373,4.592419,2017-10-26 15:43:08,2017-10-26 23:43:05,423,4444,582.776187,0.131138,9707.196114,6479.139649,TRUE,157804.736429,19,2017-11-13 09:12:24,151325.59678,1531756,0.098792233736966,TRUE
"7514","A69-9006-1726",7514,"Noordzeekanaal","Spuisluis Noordzee","VR2W-132409",52.471207,4.595198,2017-10-27 00:45:11,2017-10-27 02:48:48,90,3726,582.776187,0.156408,10289.972301,6486.247372,FALSE,NA,NA,NA,NA,NA,NA,TRUE
"7515","A69-9006-1726",7515,"Noordzeekanaal","Middensluis Noordzee","VR2W-132411",52.465373,4.592419,2017-10-27 03:53:36,2017-10-27 11:15:37,724,3888,582.776187,0.149891,10872.748488,6479.139649,FALSE,157804.736429,19,2017-11-13 09:12:24,151325.59678,1487928,0.101702230739659,TRUE
"7516","A69-9006-1726",7516,"Noordzeekanaal","Middensluis Noordzee","VR2W-132411",52.465373,4.592419,2017-10-27 18:18:20,2017-10-27 23:36:48,121,NA,NA,NA,10872.748488,6479.139649,TRUE,157804.736429,19,2017-11-13 09:12:24,151325.59678,1436044,0.105376713234413,TRUE
"7517","A69-9006-1726",7517,"Noordzeekanaal","Spuisluis Noordzee","VR2W-132408",52.470319,4.594701,2017-10-28 00:54:09,2017-10-28 00:54:09,1,4641,582.776187,0.125571,11455.524675,6486.247372,FALSE,157804.736429,19,2017-11-13 09:12:24,151318.489057,1412295,0.107143683902442,TRUE
"7518","A69-9006-1726",7518,"Noordzeekanaal","Spuisluis Noordzee","VR2W-132408",52.470319,4.594701,2017-11-08 17:33:31,2017-11-08 22:03:56,105,NA,NA,NA,11455.524675,6486.247372,TRUE,157804.736429,19,2017-11-13 09:12:24,151318.489057,401933,0.376476898032757,TRUE
"7519","A69-9006-1726",7519,"Noordzeekanaal","ws-W6","VR2W-123815",51.41834,3.453181,2017-11-13 09:12:24,2017-11-13 09:53:30,33,385708,151898.324628,0.393817,163353.849303,157804.736429,NA,NA,NA,NA,NA,NA,NA,TRUE
"7520","A69-9006-1727",7520,"Noordzeekanaal","rel_noordzeekanaal1","none",52.452208,4.678779,2017-10-19 15:00:00,2017-10-19 15:00:00,1,NA,NA,NA,0,0,TRUE,3455.231233,2,2017-10-20 20:55:44,3455.231233,107744,0.0320688969501782,TRUE
"7521","A69-9006-1727",7521,"Noordzeekanaal","Noordzeekanaal","VR2W-114165",52.462798,4.633995,2017-10-20 20:55:44,2017-10-20 21:40:07,40,107744,3455.231233,0.032069,3455.231233,3455.231233,TRUE,5062.150232,3,2017-10-20 21:52:08,1606.918999,3384,0.474857860224586,TRUE
"7522","A69-9006-1727",7522,"Noordzeekanaal","Grote sluis NZK","VR2W-114178",52.467488,4.613347,2017-10-20 21:52:08,2017-10-20 22:21:19,30,721,1606.918999,2.228736,5062.150232,5062.150232,NA,NA,NA,NA,NA,NA,NA,TRUE
"7523","A69-9006-1727",7523,"Noordzeekanaal","Grote sluis Noordzee","VR2W-132414",52.466907,4.600546,2017-10-20 23:47:55,2017-10-21 00:30:35,22,5196,941.310669,0.181161,6003.460901,5920.627248,NA,NA,NA,NA,NA,NA,NA,TRUE
"7524","A69-9006-1728",7524,"Noordzeekanaal","rel_noordzeekanaal1","none",52.452208,4.678779,2017-10-19 15:00:00,2017-10-19 15:00:00,1,NA,NA,NA,0,0,FALSE,NA,NA,NA,NA,NA,NA,FALSE
"7525","A69-9006-1728",7525,"Noordzeekanaal","Zaangemaal 3","VR2W-119064",52.437818,4.826197,2017-10-21 05:44:51,2017-10-21 06:15:03,37,139491,14620.835102,0.104816,14620.835102,-14620.835102,TRUE,3455.231233,3,2017-10-23 01:56:35,18076.066335,159104,0.113611639776498,TRUE
"7526","A69-9006-1728",7526,"Noordzeekanaal","Noordzeekanaal","VR2W-114165",52.462798,4.633995,2017-10-23 01:56:35,2017-10-23 03:14:11,39,157292,18076.066335,0.11492,32696.901437,3455.231233,TRUE,5062.150232,4,2017-10-23 03:39:43,1606.918999,6188,0.259683096153846,TRUE
"7527","A69-9006-1728",7527,"Noordzeekanaal","Grote sluis NZK","VR2W-114178",52.467488,4.613347,2017-10-23 03:39:43,2017-10-23 04:05:54,17,1532,1606.918999,1.048903,34303.820436,5062.150232,FALSE,NA,NA,NA,NA,NA,NA,TRUE
"7528","A69-9006-1728",7528,"Noordzeekanaal","Noordzeekanaal","VR2W-114165",52.462798,4.633995,2017-10-23 04:36:28,2017-10-23 06:45:55,67,1834,1606.918999,0.876183,35910.739435,3455.231233,FALSE,5627.770357,7,2017-10-24 18:21:29,2172.539124,135901,0.0159861893878632,TRUE
"7529","A69-9006-1728",7529,"Noordzeekanaal","Noordzeekanaal","VR2W-114165",52.462798,4.633995,2017-10-24 17:39:43,2017-10-24 17:39:43,1,NA,NA,NA,35910.739435,3455.231233,TRUE,5627.770357,7,2017-10-24 18:21:29,2172.539124,2506,0.866935005586592,TRUE
"7530","A69-9006-1728",7530,"Noordzeekanaal","Spuisluis NZK","VR2W-114167",52.470646,4.607811,2017-10-24 18:21:29,2017-10-24 18:22:54,3,2506,2172.539123,0.866935,38083.278558,5627.770357,NA,NA,NA,NA,NA,NA,NA,TRUE
"7531","A69-9006-1728",7531,"Noordzeekanaal","Spuisluis Noordzee","VR2W-132408",52.470319,4.594701,2017-10-24 19:35:14,2017-10-24 23:18:23,243,4340,941.310669,0.216892,39024.589227,6486.247372,FALSE,NA,NA,NA,NA,NA,NA,TRUE
"7532","A69-9006-1728",7532,"Noordzeekanaal","Spuisluis Noordzee","VR2W-132408",52.470319,4.594701,2017-10-25 00:32:43,2017-10-25 02:08:49,64,NA,NA,NA,39024.589227,6486.247372,NA,NA,NA,NA,NA,NA,NA,TRUE
"7533","A69-9006-1729",7533,"Noordzeekanaal","rel_noordzeekanaal1","none",52.452208,4.678779,2017-10-19 15:00:00,2017-10-19 15:00:00,1,NA,NA,NA,0,0,TRUE,3455.231233,2,2017-10-20 20:18:17,3455.231233,105497,0.0327519382826052,TRUE
"7534","A69-9006-1729",7534,"Noordzeekanaal","Noordzeekanaal","VR2W-114165",52.462798,4.633995,2017-10-20 20:18:17,2017-10-20 20:18:17,1,105497,3455.231233,0.032752,3455.231233,3455.231233,FALSE,5062.150232,4,2017-10-20 23:42:42,1606.918999,12265,0.131016632613127,TRUE
"7535","A69-9006-1729",7535,"Noordzeekanaal","Noordzeekanaal","VR2W-114165",52.462798,4.633995,2017-10-20 22:48:29,2017-10-20 23:36:54,58,NA,NA,NA,3455.231233,3455.231233,TRUE,5062.150232,4,2017-10-20 23:42:42,1606.918999,3253,0.493980632954196,TRUE
"7536","A69-9006-1729",7536,"Noordzeekanaal","Grote sluis NZK","VR2W-114178",52.467488,4.613347,2017-10-20 23:42:42,2017-10-20 23:42:42,1,348,1606.918999,4.617583,5062.150232,5062.150232,FALSE,NA,NA,NA,NA,NA,NA,TRUE
"7537","A69-9006-1729",7537,"Noordzeekanaal","Noordzeekanaal","VR2W-114165",52.462798,4.633995,2017-10-20 23:43:33,2017-10-20 23:43:33,1,51,1606.918999,31.508216,6669.069231,3455.231233,TRUE,5062.150232,6,2017-10-20 23:44:59,1606.918999,86,18.6851046395349,TRUE
"7538","A69-9006-1729",7538,"Noordzeekanaal","Grote sluis NZK","VR2W-114178",52.467488,4.613347,2017-10-20 23:44:59,2017-10-21 00:32:31,21,86,1606.918999,18.685105,8275.98823,5062.150232,FALSE,NA,NA,NA,NA,NA,NA,TRUE
"7539","A69-9006-1729",7539,"Noordzeekanaal","Noordzeekanaal","VR2W-114165",52.462798,4.633995,2017-10-21 01:08:29,2017-10-21 01:17:43,4,2158,1606.918999,0.744633,9882.907229,3455.231233,TRUE,5627.770357,8,2017-10-21 02:49:22,2172.539124,6053,0.358919399306129,TRUE
"7540","A69-9006-1729",7540,"Noordzeekanaal","Spuisluis NZK","VR2W-114167",52.470646,4.607811,2017-10-21 02:49:22,2017-10-21 04:03:14,54,5499,2172.539123,0.395079,12055.446352,5627.770357,FALSE,NA,NA,NA,NA,NA,NA,TRUE
"7541","A69-9006-1729",7541,"Noordzeekanaal","Spuisluis NZK","VR2W-114167",52.470646,4.607811,2017-10-21 06:08:14,2017-10-21 06:39:36,20,NA,NA,NA,12055.446352,5627.770357,FALSE,NA,NA,NA,NA,NA,NA,TRUE
"7542","A69-9006-1729",7542,"Noordzeekanaal","Spuisluis NZK","VR2W-114167",52.470646,4.607811,2017-10-21 17:13:35,2017-10-22 01:46:36,236,NA,NA,NA,12055.446352,5627.770357,NA,NA,NA,NA,NA,NA,NA,TRUE
"7543","A69-9006-1729",7543,"Noordzeekanaal","Spuisluis Noordzee","VR2W-132409",52.471207,4.595198,2017-10-24 00:02:40,2017-10-24 04:25:04,137,166564,941.310669,0.005651,12996.757021,6486.247372,FALSE,NA,NA,NA,NA,NA,NA,TRUE
"7544","A69-9006-1729",7544,"Noordzeekanaal","Spuisluis Noordzee","VR2W-132409",52.471207,4.595198,2017-10-24 11:40:51,2017-10-24 14:35:49,159,NA,NA,NA,12996.757021,6486.247372,FALSE,NA,NA,NA,NA,NA,NA,TRUE
"7545","A69-9006-1729",7545,"Noordzeekanaal","Spuisluis Noordzee","VR2W-132408",52.470319,4.594701,2017-10-24 15:46:08,2017-10-24 16:31:33,20,NA,NA,NA,12996.757021,6486.247372,NA,NA,NA,NA,NA,NA,NA,TRUE
"7546","A69-9006-1730",7546,"Noordzeekanaal","rel_noordzeekanaal1","none",52.452208,4.678779,2017-10-19 15:00:00,2017-10-19 15:00:00,1,NA,NA,NA,0,0,TRUE,3455.231233,2,2017-10-19 16:15:56,3455.231233,4556,0.758391403204565,TRUE
"7547","A69-9006-1730",7547,"Noordzeekanaal","Noordzeekanaal","VR2W-114165",52.462798,4.633995,2017-10-19 16:15:56,2017-10-19 16:38:59,3,4556,3455.231233,0.758391,3455.231233,3455.231233,FALSE,5062.150232,14,2017-10-22 03:33:02,1606.918999,213426,0.00752916232792631,TRUE
"7548","A69-9006-1730",7548,"Noordzeekanaal","Noordzeekanaal","VR2W-114165",52.462798,4.633995,2017-10-19 18:10:17,2017-10-19 20:10:25,15,NA,NA,NA,3455.231233,3455.231233,FALSE,5062.150232,14,2017-10-22 03:33:02,1606.918999,206565,0.0077792413961707,TRUE
"7549","A69-9006-1730",7549,"Noordzeekanaal","Noordzeekanaal","VR2W-114165",52.462798,4.633995,2017-10-19 21:37:02,2017-10-19 22:01:13,6,NA,NA,NA,3455.231233,3455.231233,FALSE,5062.150232,14,2017-10-22 03:33:02,1606.918999,194160,0.0082762618407499,TRUE
"7550","A69-9006-1730",7550,"Noordzeekanaal","Noordzeekanaal","VR2W-114165",52.462798,4.633995,2017-10-19 23:52:51,2017-10-20 00:01:28,2,NA,NA,NA,3455.231233,3455.231233,FALSE,5062.150232,14,2017-10-22 03:33:02,1606.918999,186011,0.00863883855793475,TRUE
"7551","A69-9006-1730",7551,"Noordzeekanaal","Noordzeekanaal","VR2W-114165",52.462798,4.633995,2017-10-20 01:15:02,2017-10-20 04:56:07,51,NA,NA,NA,3455.231233,3455.231233,FALSE,5062.150232,14,2017-10-22 03:33:02,1606.918999,181080,0.0088740832725867,TRUE
"7552","A69-9006-1730",7552,"Noordzeekanaal","Noordzeekanaal","VR2W-114165",52.462798,4.633995,2017-10-20 21:16:27,2017-10-20 21:57:55,4,NA,NA,NA,3455.231233,3455.231233,FALSE,5062.150232,14,2017-10-22 03:33:02,1606.918999,108995,0.0147430524244231,TRUE
"7553","A69-9006-1730",7553,"Noordzeekanaal","Noordzeekanaal","VR2W-114165",52.462798,4.633995,2017-10-20 23:29:56,2017-10-21 04:00:26,53,NA,NA,NA,3455.231233,3455.231233,FALSE,5062.150232,14,2017-10-22 03:33:02,1606.918999,100986,0.0159122947636306,TRUE
"7554","A69-9006-1730",7554,"Noordzeekanaal","Noordzeekanaal","VR2W-114165",52.462798,4.633995,2017-10-21 05:00:27,2017-10-21 07:36:18,10,NA,NA,NA,3455.231233,3455.231233,FALSE,5062.150232,14,2017-10-22 03:33:02,1606.918999,81155,0.0198006160926622,TRUE
"7555","A69-9006-1730",7555,"Noordzeekanaal","Noordzeekanaal","VR2W-114165",52.462798,4.633995,2017-10-21 10:03:15,2017-10-21 10:03:15,1,NA,NA,NA,3455.231233,3455.231233,FALSE,5062.150232,14,2017-10-22 03:33:02,1606.918999,62987,0.0255119151412196,TRUE
"7556","A69-9006-1730",7556,"Noordzeekanaal","Noordzeekanaal","VR2W-114165",52.462798,4.633995,2017-10-21 16:30:30,2017-10-21 18:20:04,13,NA,NA,NA,3455.231233,3455.231233,FALSE,5062.150232,14,2017-10-22 03:33:02,1606.918999,39752,0.0404236013030791,TRUE
"7557","A69-9006-1730",7557,"Noordzeekanaal","Noordzeekanaal","VR2W-114165",52.462798,4.633995,2017-10-21 19:35:40,2017-10-22 00:24:53,98,NA,NA,NA,3455.231233,3455.231233,FALSE,5062.150232,14,2017-10-22 03:33:02,1606.918999,28642,0.0561035890999232,TRUE
"7558","A69-9006-1730",7558,"Noordzeekanaal","Noordzeekanaal","VR2W-114165",52.462798,4.633995,2017-10-22 02:03:44,2017-10-22 03:32:26,15,NA,NA,NA,3455.231233,3455.231233,TRUE,5062.150232,14,2017-10-22 03:33:02,1606.918999,5358,0.299910227510265,TRUE
"7559","A69-9006-1730",7559,"Noordzeekanaal","Grote sluis NZK","VR2W-114178",52.467488,4.613347,2017-10-22 03:33:02,2017-10-22 03:33:02,1,36,1606.918999,44.636639,5062.150232,5062.150232,FALSE,NA,NA,NA,NA,NA,NA,TRUE
"7560","A69-9006-1730",7560,"Noordzeekanaal","Noordzeekanaal","VR2W-114165",52.462798,4.633995,2017-10-22 03:36:00,2017-10-22 03:38:17,4,178,1606.918999,9.027635,6669.069231,3455.231233,TRUE,5062.150232,16,2017-10-22 03:47:12,1606.918999,672,2.39124851041667,TRUE
"7561","A69-9006-1730",7561,"Noordzeekanaal","Grote sluis NZK","VR2W-114178",52.467488,4.613347,2017-10-22 03:47:12,2017-10-22 03:47:12,1,535,1606.918999,3.003587,8275.98823,5062.150232,FALSE,NA,NA,NA,NA,NA,NA,TRUE
"7562","A69-9006-1730",7562,"Noordzeekanaal","Noordzeekanaal","VR2W-114165",52.462798,4.633995,2017-10-24 23:19:29,2017-10-24 23:19:29,1,243137,1606.918999,0.006609,9882.907229,3455.231233,TRUE,5627.770357,18,2017-10-24 23:57:29,2172.539124,2280,0.952868036842105,TRUE
"7563","A69-9006-1730",7563,"Noordzeekanaal","Spuisluis NZK","VR2W-114167",52.470646,4.607811,2017-10-24 23:57:29,2017-10-25 01:01:47,25,2280,2172.539123,0.952868,12055.446352,5627.770357,FALSE,NA,NA,NA,NA,NA,NA,TRUE
"7564","A69-9006-1730",7564,"Noordzeekanaal","Spuisluis NZK","VR2W-114167",52.470646,4.607811,2017-10-25 20:04:13,2017-10-25 22:50:38,22,NA,NA,NA,12055.446352,5627.770357,FALSE,NA,NA,NA,NA,NA,NA,TRUE
"7565","A69-9006-1730",7565,"Noordzeekanaal","Spuisluis NZK","VR2W-114167",52.470646,4.607811,2017-10-26 03:14:23,2017-10-26 07:15:19,140,NA,NA,NA,12055.446352,5627.770357,NA,NA,NA,NA,NA,NA,NA,TRUE
"7566","A69-9006-1730",7566,"Noordzeekanaal","Kleine sluis NZK","VR2W-132415",52.464559,4.592909,2017-10-26 11:06:07,2017-10-26 12:24:38,73,13848,1289.799833,0.09314,13345.246185,6337.734618,FALSE,NA,NA,NA,NA,NA,NA,TRUE
"7567","A69-9006-1730",7567,"Noordzeekanaal","Noordzeekanaal","VR2W-114164",52.465232,4.633992,2017-10-26 12:40:03,2017-10-26 13:47:52,63,925,2882.503385,3.11622,16227.74957,3455.231233,TRUE,5779.222216,23,2017-10-26 14:45:27,2323.990983,7524,0.308877057814992,TRUE
"7568","A69-9006-1730",7568,"Noordzeekanaal","Middensluis NZK","VR2W-132417",52.465373,4.601803,2017-10-26 14:45:27,2017-10-26 15:03:53,5,3455,2323.990983,0.672646,18551.740553,5779.222216,FALSE,NA,NA,NA,NA,NA,NA,TRUE
"7569","A69-9006-1730",7569,"Noordzeekanaal","Noordzeekanaal","VR2W-114164",52.465232,4.633992,2017-10-26 15:20:14,2017-10-26 15:20:14,1,981,2323.990983,2.369002,20875.731536,3455.231233,TRUE,5779.222216,25,2017-10-26 15:31:51,2323.990983,697,3.33427687661406,TRUE
"7570","A69-9006-1730",7570,"Noordzeekanaal","Middensluis NZK","VR2W-132417",52.465373,4.601803,2017-10-26 15:31:51,2017-10-26 15:31:51,1,697,2323.990983,3.334277,23199.722519,5779.222216,FALSE,NA,NA,NA,NA,NA,NA,TRUE
"7571","A69-9006-1730",7571,"Noordzeekanaal","Noordzeekanaal","VR2W-114164",52.465232,4.633992,2017-10-26 16:47:17,2017-10-27 04:46:39,646,4526,2323.990983,0.513476,25523.713502,3455.231233,FALSE,5062.150232,37,2017-11-06 21:35:49,1606.918999,967712,0.00166053433149532,TRUE
"7572","A69-9006-1730",7572,"Noordzeekanaal","Noordzeekanaal","VR2W-114165",52.462798,4.633995,2017-10-28 01:37:24,2017-10-28 05:44:31,203,NA,NA,NA,25523.713502,3455.231233,FALSE,5062.150232,37,2017-11-06 21:35:49,1606.918999,849505,0.00189159451562969,TRUE
"7573","A69-9006-1730",7573,"Noordzeekanaal","Noordzeekanaal","VR2W-114164",52.465232,4.633992,2017-10-29 18:13:17,2017-10-30 05:36:07,786,NA,NA,NA,25523.713502,3455.231233,FALSE,5062.150232,37,2017-11-06 21:35:49,1606.918999,703352,0.00228465832044268,TRUE
"7574","A69-9006-1730",7574,"Noordzeekanaal","Noordzeekanaal","VR2W-114165",52.462798,4.633995,2017-10-30 16:50:22,2017-10-30 23:27:28,80,NA,NA,NA,25523.713502,3455.231233,FALSE,5062.150232,37,2017-11-06 21:35:49,1606.918999,621927,0.00258377429987764,TRUE
"7575","A69-9006-1730",7575,"Noordzeekanaal","Noordzeekanaal","VR2W-114164",52.465232,4.633992,2017-10-31 00:32:34,2017-10-31 01:14:51,13,NA,NA,NA,25523.713502,3455.231233,FALSE,5062.150232,37,2017-11-06 21:35:49,1606.918999,594195,0.00270436304411851,TRUE
"7576","A69-9006-1730",7576,"Noordzeekanaal","Noordzeekanaal","VR2W-114164",52.465232,4.633992,2017-10-31 02:19:32,2017-10-31 05:16:23,55,NA,NA,NA,25523.713502,3455.231233,FALSE,5062.150232,37,2017-11-06 21:35:49,1606.918999,587777,0.00273389227377049,TRUE
"7577","A69-9006-1730",7577,"Noordzeekanaal","Noordzeekanaal","VR2W-114164",52.465232,4.633992,2017-11-01 16:35:14,2017-11-02 05:29:46,708,NA,NA,NA,25523.713502,3455.231233,FALSE,5062.150232,37,2017-11-06 21:35:49,1606.918999,450035,0.00357065339140289,TRUE
"7578","A69-9006-1730",7578,"Noordzeekanaal","Noordzeekanaal","VR2W-114164",52.465232,4.633992,2017-11-02 16:50:26,2017-11-03 05:05:30,794,NA,NA,NA,25523.713502,3455.231233,FALSE,5062.150232,37,2017-11-06 21:35:49,1606.918999,362723,0.00443015468828831,TRUE
"7579","A69-9006-1730",7579,"Noordzeekanaal","Noordzeekanaal","VR2W-114164",52.465232,4.633992,2017-11-03 17:04:55,2017-11-04 03:17:28,623,NA,NA,NA,25523.713502,3455.231233,FALSE,5062.150232,37,2017-11-06 21:35:49,1606.918999,275454,0.00583371088820638,TRUE
"7580","A69-9006-1730",7580,"Noordzeekanaal","Noordzeekanaal","VR2W-114164",52.465232,4.633992,2017-11-05 16:45:01,2017-11-06 05:14:40,577,NA,NA,NA,25523.713502,3455.231233,FALSE,5062.150232,37,2017-11-06 21:35:49,1606.918999,103848,0.0154737597161236,TRUE
"7581","A69-9006-1730",7581,"Noordzeekanaal","Noordzeekanaal","VR2W-114165",52.462798,4.633995,2017-11-06 16:38:09,2017-11-06 21:22:26,190,NA,NA,NA,25523.713502,3455.231233,TRUE,5062.150232,37,2017-11-06 21:35:49,1606.918999,17860,0.0899730682530795,TRUE
"7582","A69-9006-1730",7582,"Noordzeekanaal","Grote sluis NZK","VR2W-114178",52.467488,4.613347,2017-11-06 21:35:49,2017-11-06 21:37:49,3,803,1606.918999,2.001144,27130.632501,5062.150232,FALSE,NA,NA,NA,NA,NA,NA,TRUE
"7583","A69-9006-1730",7583,"Noordzeekanaal","Noordzeekanaal","VR2W-114165",52.462798,4.633995,2017-11-06 22:57:19,2017-11-06 23:08:14,5,4770,1606.918999,0.33688,28737.5515,3455.231233,TRUE,5062.150232,39,2017-11-06 23:09:01,1606.918999,702,2.2890584031339,TRUE
"7584","A69-9006-1730",7584,"Noordzeekanaal","Grote sluis NZK","VR2W-114178",52.467488,4.613347,2017-11-06 23:09:01,2017-11-06 23:10:24,2,47,1606.918999,34.189766,30344.470499,5062.150232,FALSE,NA,NA,NA,NA,NA,NA,TRUE
"7585","A69-9006-1730",7585,"Noordzeekanaal","Noordzeekanaal","VR2W-114165",52.462798,4.633995,2017-11-06 23:10:57,2017-11-06 23:10:57,1,33,1606.918999,48.694515,31951.389498,3455.231233,TRUE,5062.150232,41,2017-11-06 23:11:39,1606.918999,42,38.2599761666667,TRUE
"7586","A69-9006-1730",7586,"Noordzeekanaal","Grote sluis NZK","VR2W-114178",52.467488,4.613347,2017-11-06 23:11:39,2017-11-06 23:26:23,5,42,1606.918999,38.259976,33558.308497,5062.150232,NA,NA,NA,NA,NA,NA,NA,TRUE
"7587","A69-9006-1730",7587,"Noordzeekanaal","Spuisluis NZK","VR2W-114167",52.470646,4.607811,2017-11-07 17:16:13,2017-11-07 18:26:54,66,64190,565.620125,0.008812,34123.928622,5627.770357,FALSE,NA,NA,NA,NA,NA,NA,TRUE
"7588","A69-9006-1730",7588,"Noordzeekanaal","Noordzeekanaal","VR2W-114165",52.462798,4.633995,2017-11-08 02:59:41,2017-11-08 04:08:09,3,30767,2172.539123,0.070613,36296.467745,3455.231233,TRUE,5627.770357,44,2017-11-08 17:42:06,2172.539124,52945,0.0410338865615261,TRUE
"7589","A69-9006-1730",7589,"Noordzeekanaal","Spuisluis NZK","VR2W-114167",52.470646,4.607811,2017-11-08 17:42:06,2017-11-08 18:45:58,62,48837,2172.539123,0.044486,38469.006868,5627.770357,FALSE,NA,NA,NA,NA,NA,NA,TRUE
"7590","A69-9006-1730",7590,"Noordzeekanaal","Noordzeekanaal","VR2W-114165",52.462798,4.633995,2017-11-08 23:38:02,2017-11-09 00:07:34,4,17524,2172.539123,0.123975,40641.545991,3455.231233,FALSE,5062.150232,47,2017-11-09 03:11:04,1606.918999,12782,0.125717336801752,TRUE
"7591","A69-9006-1730",7591,"Noordzeekanaal","Noordzeekanaal","VR2W-114165",52.462798,4.633995,2017-11-09 02:34:19,2017-11-09 03:02:14,4,NA,NA,NA,40641.545991,3455.231233,TRUE,5062.150232,47,2017-11-09 03:11:04,1606.918999,2205,0.728761450793651,TRUE
"7592","A69-9006-1730",7592,"Noordzeekanaal","Grote sluis NZK","VR2W-114178",52.467488,4.613347,2017-11-09 03:11:04,2017-11-09 04:17:06,6,530,1606.918999,3.031923,42248.46499,5062.150232,FALSE,NA,NA,NA,NA,NA,NA,TRUE
"7593","A69-9006-1730",7593,"Noordzeekanaal","Noordzeekanaal","VR2W-114164",52.465232,4.633992,2017-11-09 04:37:26,2017-11-09 05:00:01,20,1220,1606.918999,1.317147,43855.383989,3455.231233,TRUE,5779.222216,49,2017-11-09 05:35:42,2323.990983,3496,0.664757146167048,TRUE
"7594","A69-9006-1730",7594,"Noordzeekanaal","Middensluis NZK","VR2W-132417",52.465373,4.601803,2017-11-09 05:35:42,2017-11-09 05:35:42,1,2141,2323.990983,1.08547,46179.374972,5779.222216,FALSE,NA,NA,NA,NA,NA,NA,TRUE
"7595","A69-9006-1730",7595,"Noordzeekanaal","Noordzeekanaal","VR2W-114164",52.465232,4.633992,2017-11-09 05:43:55,2017-11-09 06:45:57,48,493,2323.990983,4.713978,48503.365955,3455.231233,TRUE,5062.150232,51,2017-11-09 12:58:20,1606.918999,26065,0.0616504507577211,TRUE
"7596","A69-9006-1730",7596,"Noordzeekanaal","Grote sluis NZK","VR2W-114178",52.467488,4.613347,2017-11-09 12:58:20,2017-11-09 15:36:58,53,22343,1606.918999,0.07192,50110.284954,5062.150232,NA,NA,NA,NA,NA,NA,NA,TRUE
"7597","A69-9006-1730",7597,"Noordzeekanaal","Grote sluis Noordzee","VR2W-132414",52.466907,4.600546,2017-11-09 19:09:46,2017-11-09 19:27:26,21,12768,941.310669,0.073724,51051.595623,5920.627248,NA,NA,NA,NA,NA,NA,NA,TRUE
"7598","A69-9006-1731",7598,"Noordzeekanaal","rel_noordzeekanaal1","none",52.452208,4.678779,2017-10-19 15:00:00,2017-10-19 15:00:00,1,NA,NA,NA,0,0,TRUE,5627.770357,2,2017-10-19 15:00:23,5627.770357,23,244.685667695652,TRUE
"7599","A69-9006-1731",7599,"Noordzeekanaal","Spuisluis NZK","VR2W-114167",52.470646,4.607811,2017-10-19 15:00:23,2017-10-20 03:11:34,647,23,5627.770357,244.685668,5627.770357,5627.770357,FALSE,NA,NA,NA,NA,NA,NA,TRUE
"7600","A69-9006-1731",7600,"Noordzeekanaal","Spuisluis NZK","VR2W-114167",52.470646,4.607811,2017-10-20 18:00:44,2017-10-20 20:17:56,43,NA,NA,NA,5627.770357,5627.770357,FALSE,NA,NA,NA,NA,NA,NA,TRUE
"7601","A69-9006-1731",7601,"Noordzeekanaal","Spuisluis NZK","VR2W-114167",52.470646,4.607811,2017-10-20 22:05:24,2017-10-21 05:21:05,383,NA,NA,NA,5627.770357,5627.770357,FALSE,NA,NA,NA,NA,NA,NA,TRUE
"7602","A69-9006-1731",7602,"Noordzeekanaal","Spuisluis NZK","VR2W-114167",52.470646,4.607811,2017-10-21 15:47:56,2017-10-21 15:47:56,1,NA,NA,NA,5627.770357,5627.770357,FALSE,NA,NA,NA,NA,NA,NA,TRUE
"7603","A69-9006-1731",7603,"Noordzeekanaal","Spuisluis NZK","VR2W-114167",52.470646,4.607811,2017-10-21 17:11:27,2017-10-22 02:26:31,330,NA,NA,NA,5627.770357,5627.770357,FALSE,NA,NA,NA,NA,NA,NA,TRUE
"7604","A69-9006-1731",7604,"Noordzeekanaal","Spuisluis NZK","VR2W-114167",52.470646,4.607811,2017-10-23 14:34:26,2017-10-23 16:41:16,34,NA,NA,NA,5627.770357,5627.770357,FALSE,NA,NA,NA,NA,NA,NA,TRUE
"7605","A69-9006-1731",7605,"Noordzeekanaal","Spuisluis NZK","VR2W-114167",52.470646,4.607811,2017-10-23 17:46:33,2017-10-24 00:04:11,358,NA,NA,NA,5627.770357,5627.770357,FALSE,NA,NA,NA,NA,NA,NA,TRUE
"7606","A69-9006-1731",7606,"Noordzeekanaal","Spuisluis NZK","VR2W-114167",52.470646,4.607811,2017-10-24 17:01:36,2017-10-25 01:02:27,208,NA,NA,NA,5627.770357,5627.770357,FALSE,NA,NA,NA,NA,NA,NA,TRUE
"7607","A69-9006-1731",7607,"Noordzeekanaal","Noordzeekanaal","VR2W-114165",52.462798,4.633995,2017-10-25 01:27:47,2017-10-25 01:27:47,1,1520,2172.539123,1.429302,7800.30948,3455.231233,TRUE,5062.150232,11,2017-10-25 01:39:37,1606.918999,710,2.26326619577465,TRUE
"7608","A69-9006-1731",7608,"Noordzeekanaal","Grote sluis NZK","VR2W-114178",52.467488,4.613347,2017-10-25 01:39:37,2017-10-25 04:14:43,166,710,1606.918999,2.263266,9407.228479,5062.150232,TRUE,6479.139649,12,2017-10-25 04:27:28,1416.989417,10071,0.140699971899513,TRUE
"7609","A69-9006-1731",7609,"Noordzeekanaal","Middensluis Noordzee","VR2W-132411",52.465373,4.592419,2017-10-25 04:27:28,2017-10-25 05:00:58,9,765,1582.656724,2.068832,10989.885203,6479.139649,NA,NA,NA,NA,NA,NA,NA,TRUE
"7610","A69-9006-1732",7610,"Noordzeekanaal","rel_noordzeekanaal1","none",52.452208,4.678779,2017-10-19 15:00:00,2017-10-19 15:00:00,1,NA,NA,NA,0,0,TRUE,3455.231233,2,2017-10-19 16:56:29,3455.231233,6989,0.494381346830734,TRUE
"7611","A69-9006-1732",7611,"Noordzeekanaal","Noordzeekanaal","VR2W-114165",52.462798,4.633995,2017-10-19 16:56:29,2017-10-19 19:20:27,67,6989,3455.231233,0.494381,3455.231233,3455.231233,TRUE,5062.150232,3,2017-10-19 19:38:40,1606.918999,9731,0.165134004624396,TRUE
"7612","A69-9006-1732",7612,"Noordzeekanaal","Grote sluis NZK","VR2W-114178",52.467488,4.613347,2017-10-19 19:38:40,2017-10-20 02:44:16,218,1093,1606.918999,1.470191,5062.150232,5062.150232,TRUE,6479.139649,4,2017-10-20 02:54:54,1416.989417,26174,0.0541372895621609,TRUE
"7613","A69-9006-1732",7613,"Noordzeekanaal","Middensluis Noordzee","VR2W-132411",52.465373,4.592419,2017-10-20 02:54:54,2017-10-20 02:54:54,1,638,1582.656724,2.480653,6644.806956,6479.139649,NA,NA,NA,NA,NA,NA,NA,TRUE
"7614","A69-9006-1733",7614,"Noordzeekanaal","rel_noordzeekanaal1","none",52.452208,4.678779,2017-10-23 14:30:00,2017-10-23 14:30:00,1,NA,NA,NA,0,0,TRUE,5062.150232,2,2017-10-23 14:40:21,5062.150232,621,8.15161067954911,TRUE
"7615","A69-9006-1733",7615,"Noordzeekanaal","Grote sluis NZK","VR2W-114178",52.467488,4.613347,2017-10-23 14:40:21,2017-10-23 16:11:01,31,621,5062.150232,8.151611,5062.150232,5062.150232,TRUE,6486.247372,3,2017-10-23 16:24:38,1424.09714,6257,0.227600629694742,TRUE
"7616","A69-9006-1733",7616,"Noordzeekanaal","Spuisluis Noordzee","VR2W-132409",52.471207,4.595198,2017-10-23 16:24:38,2017-10-23 16:25:19,2,817,1424.097141,1.743081,6486.247373,6486.247372,NA,NA,NA,NA,NA,NA,NA,TRUE
"7617","A69-9006-1734",7617,"Noordzeekanaal","rel_noordzeekanaal1","none",52.452208,4.678779,2017-10-23 14:30:00,2017-10-23 14:30:00,1,NA,NA,NA,0,0,TRUE,3455.231233,2,2017-10-23 14:44:26,3455.231233,866,3.98987440300231,TRUE
"7618","A69-9006-1734",7618,"Noordzeekanaal","Noordzeekanaal","VR2W-114165",52.462798,4.633995,2017-10-23 14:44:26,2017-10-23 14:48:22,7,866,3455.231233,3.989874,3455.231233,3455.231233,TRUE,5062.150232,3,2017-10-23 15:42:56,1606.918999,3510,0.457811680626781,TRUE
"7619","A69-9006-1734",7619,"Noordzeekanaal","Grote sluis NZK","VR2W-114178",52.467488,4.613347,2017-10-23 15:42:56,2017-10-23 17:47:23,27,3274,1606.918999,0.490812,5062.150232,5062.150232,TRUE,6486.247372,6,2017-10-24 19:39:11,1424.09714,100575,0.014159553964703,TRUE
"7620","A69-9006-1734",7620,"Noordzeekanaal","Spuisluis NZK","VR2W-114167",52.470646,4.607811,2017-10-24 05:05:53,2017-10-24 06:32:00,56,40710,565.620125,0.013894,5627.770357,5627.770357,FALSE,NA,NA,NA,NA,NA,NA,TRUE
"7621","A69-9006-1734",7621,"Noordzeekanaal","Spuisluis NZK","VR2W-114167",52.470646,4.607811,2017-10-24 15:06:08,2017-10-24 15:06:08,1,NA,NA,NA,5627.770357,5627.770357,NA,NA,NA,NA,NA,NA,NA,TRUE
"7622","A69-9006-1734",7622,"Noordzeekanaal","Spuisluis Noordzee","VR2W-132408",52.470319,4.594701,2017-10-24 19:39:11,2017-10-24 20:11:35,39,16383,941.310669,0.057457,6569.081026,6486.247372,NA,NA,NA,NA,NA,NA,NA,TRUE
"7623","A69-9006-1735",7623,"Noordzeekanaal","rel_noordzeekanaal1","none",52.452208,4.678779,2017-10-23 14:30:00,2017-10-23 14:30:00,1,NA,NA,NA,0,0,TRUE,5920.627248,2,2017-10-23 15:42:48,5920.627248,4368,1.35545495604396,TRUE
"7624","A69-9006-1735",7624,"Noordzeekanaal","Grote sluis Noordzee","VR2W-132412",52.469076,4.600854,2017-10-23 15:42:48,2017-10-23 16:07:36,9,4368,5920.627248,1.355455,5920.627248,5920.627248,TRUE,161844.111295,3,2017-11-03 20:30:14,155923.484047,967646,0.161136907554002,TRUE
"7625","A69-9006-1735",7625,"Noordzeekanaal","bpns-WK12","VR2W-129711",51.461167,3.107,2017-11-03 20:30:14,2017-11-03 20:30:14,1,966158,156171.985006,0.161642,162092.612254,161844.111295,NA,NA,NA,NA,NA,NA,NA,TRUE
"7626","A69-9006-1736",7626,"Noordzeekanaal","rel_noordzeekanaal1","none",52.452208,4.678779,2017-10-23 14:30:00,2017-10-23 14:30:00,1,NA,NA,NA,0,0,FALSE,3455.231233,2,2017-10-27 16:56:19,3455.231233,354379,0.0097501015381837,FALSE
"7627","A69-9006-1736",7627,"Noordzeekanaal","Noordzeekanaal","VR2W-114165",52.462798,4.633995,2017-10-27 16:56:19,2017-10-27 18:34:16,42,354379,3455.231233,0.00975,3455.231233,3455.231233,TRUE,5627.770357,3,2017-10-28 03:44:59,2172.539124,38920,0.0558206352517986,TRUE
"7628","A69-9006-1736",7628,"Noordzeekanaal","Spuisluis NZK","VR2W-114167",52.470646,4.607811,2017-10-28 03:44:59,2017-10-28 03:47:28,3,33043,2172.539123,0.065749,5627.770356,5627.770357,FALSE,NA,NA,NA,NA,NA,NA,TRUE
"7629","A69-9006-1736",7629,"Noordzeekanaal","Spuisluis NZK","VR2W-114167",52.470646,4.607811,2017-10-28 16:44:17,2017-10-29 03:46:33,642,NA,NA,NA,5627.770356,5627.770357,FALSE,NA,NA,NA,NA,NA,NA,TRUE
"7630","A69-9006-1736",7630,"Noordzeekanaal","Spuisluis NZK","VR2W-114167",52.470646,4.607811,2017-10-29 16:43:47,2017-10-29 23:26:38,339,NA,NA,NA,5627.770356,5627.770357,FALSE,NA,NA,NA,NA,NA,NA,TRUE
"7631","A69-9006-1736",7631,"Noordzeekanaal","Noordzeekanaal","VR2W-114165",52.462798,4.633995,2017-10-29 23:48:56,2017-10-29 23:48:56,1,1338,2172.539123,1.623721,7800.309479,3455.231233,TRUE,5062.150232,7,2017-10-30 01:55:47,1606.918999,7611,0.211131125870451,TRUE
"7632","A69-9006-1736",7632,"Noordzeekanaal","Grote sluis NZK","VR2W-114178",52.467488,4.613347,2017-10-30 01:55:47,2017-10-30 01:58:12,4,7611,1606.918999,0.211131,9407.228478,5062.150232,FALSE,NA,NA,NA,NA,NA,NA,TRUE
"7633","A69-9006-1736",7633,"Noordzeekanaal","Noordzeekanaal","VR2W-114165",52.462798,4.633995,2017-10-30 02:09:35,2017-10-30 02:09:35,1,683,1606.918999,2.352736,11014.147477,3455.231233,TRUE,5062.150232,9,2017-10-30 02:18:24,1606.918999,529,3.03765406238185,TRUE
"7634","A69-9006-1736",7634,"Noordzeekanaal","Grote sluis NZK","VR2W-114178",52.467488,4.613347,2017-10-30 02:18:24,2017-10-30 03:14:31,47,529,1606.918999,3.037654,12621.066476,5062.150232,FALSE,NA,NA,NA,NA,NA,NA,TRUE
"7635","A69-9006-1736",7635,"Noordzeekanaal","Noordzeekanaal","VR2W-114165",52.462798,4.633995,2017-10-30 03:18:40,2017-10-30 03:18:40,1,249,1606.918999,6.45349,14227.985475,3455.231233,TRUE,5627.770357,11,2017-10-30 17:21:07,2172.539124,50547,0.0429805749896136,TRUE
"7636","A69-9006-1736",7636,"Noordzeekanaal","Spuisluis NZK","VR2W-114167",52.470646,4.607811,2017-10-30 17:21:07,2017-10-31 04:16:36,453,50547,2172.539123,0.042981,16400.524598,5627.770357,FALSE,NA,NA,NA,NA,NA,NA,TRUE
"7637","A69-9006-1736",7637,"Noordzeekanaal","Spuisluis NZK","VR2W-114167",52.470646,4.607811,2017-10-31 15:35:52,2017-10-31 17:26:36,32,NA,NA,NA,16400.524598,5627.770357,FALSE,NA,NA,NA,NA,NA,NA,TRUE
"7638","A69-9006-1736",7638,"Noordzeekanaal","Noordzeekanaal","VR2W-114165",52.462798,4.633995,2017-10-31 18:24:12,2017-10-31 18:24:12,1,3456,2172.539123,0.628628,18573.063721,3455.231233,FALSE,5627.770357,15,2017-11-01 04:26:05,2172.539124,36113,0.0601594750920721,TRUE
"7639","A69-9006-1736",7639,"Noordzeekanaal","Noordzeekanaal","VR2W-114165",52.462798,4.633995,2017-10-31 20:57:14,2017-11-01 04:01:31,86,NA,NA,NA,18573.063721,3455.231233,TRUE,5627.770357,15,2017-11-01 04:26:05,2172.539124,26931,0.0806705701236493,TRUE
"7640","A69-9006-1736",7640,"Noordzeekanaal","Spuisluis NZK","VR2W-114167",52.470646,4.607811,2017-11-01 04:26:05,2017-11-01 04:36:46,6,1474,2172.539123,1.473907,20745.602844,5627.770357,FALSE,NA,NA,NA,NA,NA,NA,TRUE
"7641","A69-9006-1736",7641,"Noordzeekanaal","Spuisluis NZK","VR2W-114167",52.470646,4.607811,2017-11-01 16:28:32,2017-11-01 18:39:06,131,NA,NA,NA,20745.602844,5627.770357,FALSE,NA,NA,NA,NA,NA,NA,TRUE
"7642","A69-9006-1736",7642,"Noordzeekanaal","Grote sluis NZK","VR2W-114178",52.467488,4.613347,2017-11-01 19:59:46,2017-11-01 19:59:46,1,4840,565.620125,0.116864,21311.222969,5062.150232,FALSE,NA,NA,NA,NA,NA,NA,TRUE
"7643","A69-9006-1736",7643,"Noordzeekanaal","Noordzeekanaal","VR2W-114165",52.462798,4.633995,2017-11-01 20:17:44,2017-11-01 20:17:44,1,1078,1606.918999,1.490648,22918.141968,3455.231233,TRUE,5627.770357,19,2017-11-01 20:44:50,2172.539124,1626,1.33612492250923,TRUE
"7644","A69-9006-1736",7644,"Noordzeekanaal","Spuisluis NZK","VR2W-114167",52.470646,4.607811,2017-11-01 20:44:50,2017-11-01 22:38:50,20,1626,2172.539123,1.336125,25090.681091,5627.770357,FALSE,NA,NA,NA,NA,NA,NA,TRUE
"7645","A69-9006-1736",7645,"Noordzeekanaal","Spuisluis NZK","VR2W-114167",52.470646,4.607811,2017-11-02 04:15:34,2017-11-02 04:21:33,6,NA,NA,NA,25090.681091,5627.770357,FALSE,NA,NA,NA,NA,NA,NA,TRUE
"7646","A69-9006-1736",7646,"Noordzeekanaal","Spuisluis NZK","VR2W-114167",52.470646,4.607811,2017-11-02 16:54:40,2017-11-02 17:00:36,2,NA,NA,NA,25090.681091,5627.770357,FALSE,NA,NA,NA,NA,NA,NA,TRUE
"7647","A69-9006-1736",7647,"Noordzeekanaal","Noordzeekanaal","VR2W-114165",52.462798,4.633995,2017-11-02 17:48:08,2017-11-02 17:50:56,3,2852,2172.539123,0.76176,27263.220214,3455.231233,TRUE,5062.150232,23,2017-11-02 18:05:31,1606.918999,1043,1.54067018120805,TRUE
"7648","A69-9006-1736",7648,"Noordzeekanaal","Grote sluis NZK","VR2W-114178",52.467488,4.613347,2017-11-02 18:05:31,2017-11-02 18:06:58,2,875,1606.918999,1.836479,28870.139213,5062.150232,FALSE,NA,NA,NA,NA,NA,NA,TRUE
"7649","A69-9006-1736",7649,"Noordzeekanaal","Noordzeekanaal","VR2W-114165",52.462798,4.633995,2017-11-03 18:04:37,2017-11-03 18:04:37,1,86259,1606.918999,0.018629,30477.058212,3455.231233,TRUE,5062.150232,25,2017-11-03 18:10:08,1606.918999,331,4.85474017824773,TRUE
"7650","A69-9006-1736",7650,"Noordzeekanaal","Grote sluis NZK","VR2W-114178",52.467488,4.613347,2017-11-03 18:10:08,2017-11-03 19:47:14,13,331,1606.918999,4.85474,32083.977211,5062.150232,FALSE,NA,NA,NA,NA,NA,NA,TRUE
"7651","A69-9006-1736",7651,"Noordzeekanaal","Noordzeekanaal","VR2W-114164",52.465232,4.633992,2017-11-03 19:52:26,2017-11-03 20:22:25,11,312,1606.918999,5.150381,33690.89621,3455.231233,TRUE,5062.150232,27,2017-11-03 20:27:15,1606.918999,2089,0.769228817137386,TRUE
"7652","A69-9006-1736",7652,"Noordzeekanaal","Grote sluis NZK","VR2W-114178",52.467488,4.613347,2017-11-03 20:27:15,2017-11-03 21:32:19,28,290,1606.918999,5.5411,35297.815209,5062.150232,FALSE,6486.247372,28,2017-11-07 17:48:51,1424.09714,336096,0.00423717372417404,TRUE
"7653","A69-9006-1736",7653,"Noordzeekanaal","Spuisluis Noordzee","VR2W-132409",52.471207,4.595198,2017-11-07 17:48:51,2017-11-07 20:44:15,13,332192,1424.097141,0.004287,36721.91235,6486.247372,FALSE,NA,NA,NA,NA,NA,NA,TRUE
"7654","A69-9006-1736",7654,"Noordzeekanaal","Spuisluis Noordzee","VR2W-132409",52.471207,4.595198,2017-11-10 17:56:02,2017-11-10 18:18:12,36,NA,NA,NA,36721.91235,6486.247372,NA,NA,NA,NA,NA,NA,NA,TRUE
"7655","A69-9006-1737",7655,"Noordzeekanaal","rel_noordzeekanaal1","none",52.452208,4.678779,2017-10-23 14:30:00,2017-10-23 14:30:00,1,NA,NA,NA,0,0,TRUE,3455.231233,2,2017-10-23 14:39:26,3455.231233,566,6.10464882155477,TRUE
"7656","A69-9006-1737",7656,"Noordzeekanaal","Noordzeekanaal","VR2W-114165",52.462798,4.633995,2017-10-23 14:39:26,2017-10-23 14:39:26,1,566,3455.231233,6.104649,3455.231233,3455.231233,TRUE,5062.150232,3,2017-10-23 15:40:00,1606.918999,3634,0.442190148321409,TRUE
"7657","A69-9006-1737",7657,"Noordzeekanaal","Grote sluis NZK","VR2W-114178",52.467488,4.613347,2017-10-23 15:40:00,2017-10-23 16:03:31,18,3634,1606.918999,0.44219,5062.150232,5062.150232,TRUE,6479.139649,10,2017-10-24 20:57:12,1416.989417,105432,0.0134398419550042,TRUE
"7658","A69-9006-1737",7658,"Noordzeekanaal","Spuisluis NZK","VR2W-114167",52.470646,4.607811,2017-10-23 17:15:12,2017-10-23 18:37:07,34,4301,565.620125,0.131509,5627.770357,5627.770357,FALSE,NA,NA,NA,NA,NA,NA,TRUE
"7659","A69-9006-1737",7659,"Noordzeekanaal","Grote sluis NZK","VR2W-114178",52.467488,4.613347,2017-10-23 20:19:18,2017-10-24 00:27:43,127,6131,565.620125,0.092256,6193.390482,5062.150232,TRUE,6479.139649,10,2017-10-24 20:57:12,1416.989417,88674,0.0159797620159235,TRUE
"7660","A69-9006-1737",7660,"Noordzeekanaal","Middensluis NZK","VR2W-132417",52.465373,4.601803,2017-10-24 02:13:11,2017-10-24 03:27:44,24,6328,882.739291,0.139497,7076.129773,5779.222216,FALSE,NA,NA,NA,NA,NA,NA,TRUE
"7661","A69-9006-1737",7661,"Noordzeekanaal","Noordzeekanaal","VR2W-114165",52.462798,4.633995,2017-10-24 04:11:05,2017-10-24 04:44:07,10,2601,2323.990983,0.893499,9400.120756,3455.231233,FALSE,5062.150232,9,2017-10-24 18:30:46,1606.918999,51581,0.0311533122467575,TRUE
"7662","A69-9006-1737",7662,"Noordzeekanaal","Noordzeekanaal","VR2W-114165",52.462798,4.633995,2017-10-24 17:25:09,2017-10-24 17:41:46,19,NA,NA,NA,9400.120756,3455.231233,TRUE,5062.150232,9,2017-10-24 18:30:46,1606.918999,3937,0.408158242062484,TRUE
"7663","A69-9006-1737",7663,"Noordzeekanaal","Grote sluis NZK","VR2W-114178",52.467488,4.613347,2017-10-24 18:30:46,2017-10-24 20:35:52,61,2940,1606.918999,0.546571,11007.039755,5062.150232,TRUE,6479.139649,10,2017-10-24 20:57:12,1416.989417,8786,0.16127810346005,TRUE
"7664","A69-9006-1737",7664,"Noordzeekanaal","Middensluis Noordzee","VR2W-132411",52.465373,4.592419,2017-10-24 20:57:12,2017-10-24 20:59:34,2,1280,1582.656724,1.236451,12589.696479,6479.139649,FALSE,NA,NA,NA,NA,NA,NA,TRUE
"7665","A69-9006-1737",7665,"Noordzeekanaal","Middensluis Noordzee","VR2W-132411",52.465373,4.592419,2017-10-25 23:20:12,2017-10-25 23:37:07,8,NA,NA,NA,12589.696479,6479.139649,NA,NA,NA,NA,NA,NA,NA,TRUE
"7666","A69-9006-1738",7666,"Noordzeekanaal","rel_noordzeekanaal1","none",52.452208,4.678779,2017-10-23 14:30:00,2017-10-23 14:30:00,1,NA,NA,NA,0,0,TRUE,3455.231233,2,2017-10-23 14:38:25,3455.231233,505,6.84204204554455,TRUE
"7667","A69-9006-1738",7667,"Noordzeekanaal","Noordzeekanaal","VR2W-114165",52.462798,4.633995,2017-10-23 14:38:25,2017-10-23 17:26:36,54,505,3455.231233,6.842042,3455.231233,3455.231233,TRUE,5062.150232,3,2017-10-23 17:44:51,1606.918999,11186,0.143654478723404,TRUE
"7668","A69-9006-1738",7668,"Noordzeekanaal","Grote sluis NZK","VR2W-114178",52.467488,4.613347,2017-10-23 17:44:51,2017-10-23 17:56:27,6,1095,1606.918999,1.467506,5062.150232,5062.150232,FALSE,6486.247372,9,2017-11-12 21:16:37,1424.09714,1740706,0.000818114684501576,TRUE
"7669","A69-9006-1738",7669,"Noordzeekanaal","Spuisluis NZK","VR2W-114167",52.470646,4.607811,2017-11-10 17:49:41,2017-11-11 05:42:40,390,1554794,565.620125,0.000364,5627.770357,5627.770357,FALSE,NA,NA,NA,NA,NA,NA,TRUE
"7670","A69-9006-1738",7670,"Noordzeekanaal","Spuisluis NZK","VR2W-114167",52.470646,4.607811,2017-11-11 16:45:57,2017-11-11 18:05:32,47,NA,NA,NA,5627.770357,5627.770357,FALSE,NA,NA,NA,NA,NA,NA,TRUE
"7671","A69-9006-1738",7671,"Noordzeekanaal","Spuisluis NZK","VR2W-114167",52.470646,4.607811,2017-11-12 00:48:09,2017-11-12 00:55:21,6,NA,NA,NA,5627.770357,5627.770357,FALSE,NA,NA,NA,NA,NA,NA,TRUE
"7672","A69-9006-1738",7672,"Noordzeekanaal","Noordzeekanaal","VR2W-114165",52.462798,4.633995,2017-11-12 01:49:17,2017-11-12 02:15:31,8,3236,2172.539123,0.671366,7800.30948,3455.231233,TRUE,5062.150232,8,2017-11-12 16:54:41,1606.918999,54324,0.029580277575289,TRUE
"7673","A69-9006-1738",7673,"Noordzeekanaal","Grote sluis NZK","VR2W-114178",52.467488,4.613347,2017-11-12 16:54:41,2017-11-12 21:06:32,142,52750,1606.918999,0.030463,9407.228479,5062.150232,TRUE,6486.247372,9,2017-11-12 21:16:37,1424.09714,15716,0.0906144782387376,TRUE
"7674","A69-9006-1738",7674,"Noordzeekanaal","Spuisluis Noordzee","VR2W-132409",52.471207,4.595198,2017-11-12 21:16:37,2017-11-12 21:16:37,1,605,1424.097141,2.35388,10831.32562,6486.247372,NA,NA,NA,NA,NA,NA,NA,TRUE
"7675","A69-9006-1739",7675,"Noordzeekanaal","rel_noordzeekanaal1","none",52.452208,4.678779,2017-10-23 14:30:00,2017-10-23 14:30:00,1,NA,NA,NA,0,0,TRUE,3455.231233,2,2017-10-23 16:20:19,3455.231233,6619,0.522017107266959,TRUE
"7676","A69-9006-1739",7676,"Noordzeekanaal","Noordzeekanaal","VR2W-114165",52.462798,4.633995,2017-10-23 16:20:19,2017-10-23 16:30:48,8,6619,3455.231233,0.522017,3455.231233,3455.231233,TRUE,5062.150232,3,2017-10-23 17:30:35,1606.918999,4216,0.38114777016129,TRUE
"7677","A69-9006-1739",7677,"Noordzeekanaal","Grote sluis NZK","VR2W-114178",52.467488,4.613347,2017-10-23 17:30:35,2017-10-23 18:48:31,45,3587,1606.918999,0.447984,5062.150232,5062.150232,FALSE,NA,NA,NA,NA,NA,NA,TRUE
"7678","A69-9006-1739",7678,"Noordzeekanaal","Noordzeekanaal","VR2W-114165",52.462798,4.633995,2017-10-25 15:40:30,2017-10-25 17:18:33,41,161519,1606.918999,0.009949,6669.069231,3455.231233,FALSE,5062.150232,8,2017-11-24 14:56:43,1606.918999,2589373,0.000620582279571155,TRUE
"7679","A69-9006-1739",7679,"Noordzeekanaal","Noordzeekanaal","VR2W-114165",52.462798,4.633995,2017-11-24 03:13:45,2017-11-24 03:13:45,1,NA,NA,NA,6669.069231,3455.231233,FALSE,5062.150232,8,2017-11-24 14:56:43,1606.918999,42178,0.0380985110484139,TRUE
"7680","A69-9006-1739",7680,"Noordzeekanaal","Noordzeekanaal","VR2W-114164",52.465232,4.633992,2017-11-24 04:15:14,2017-11-24 05:25:51,55,NA,NA,NA,6669.069231,3455.231233,FALSE,5062.150232,8,2017-11-24 14:56:43,1606.918999,38489,0.0417500844137286,TRUE
"7681","A69-9006-1739",7681,"Noordzeekanaal","Noordzeekanaal","VR2W-114164",52.465232,4.633992,2017-11-24 13:33:07,2017-11-24 13:42:47,14,NA,NA,NA,6669.069231,3455.231233,TRUE,5062.150232,8,2017-11-24 14:56:43,1606.918999,5016,0.320358652113238,TRUE
"7682","A69-9006-1739",7682,"Noordzeekanaal","Grote sluis NZK","VR2W-114178",52.467488,4.613347,2017-11-24 14:56:43,2017-11-24 15:13:25,8,4436,1606.918999,0.362245,8275.98823,5062.150232,NA,NA,NA,NA,NA,NA,NA,TRUE
"7683","A69-9006-1739",7683,"Noordzeekanaal","Grote sluis Noordzee","VR2W-132412",52.469076,4.600854,2017-11-24 16:25:49,2017-11-24 17:03:24,24,4344,941.310669,0.216692,9217.298899,5920.627248,NA,NA,NA,NA,NA,NA,NA,TRUE
"7684","A69-9006-1740",7684,"Noordzeekanaal","rel_noordzeekanaal1","none",52.452208,4.678779,2017-10-23 14:30:00,2017-10-23 14:30:00,1,NA,NA,NA,0,0,TRUE,5062.150232,2,2017-10-23 14:30:13,5062.150232,13,389.396171692308,TRUE
"7685","A69-9006-1740",7685,"Noordzeekanaal","Grote sluis NZK","VR2W-114178",52.467488,4.613347,2017-10-23 14:30:13,2017-10-23 14:38:47,8,13,5062.150232,389.396172,5062.150232,5062.150232,NA,NA,NA,NA,NA,NA,NA,TRUE
"7686","A69-9006-1740",7686,"Noordzeekanaal","Grote sluis Noordzee","VR2W-132412",52.469076,4.600854,2017-10-23 15:45:36,2017-10-23 16:12:25,2,4009,941.310669,0.234799,6003.460901,5920.627248,NA,NA,NA,NA,NA,NA,NA,TRUE
"7687","A69-9006-1741",7687,"Noordzeekanaal","rel_noordzeekanaal1","none",52.452208,4.678779,2017-10-23 14:30:00,2017-10-23 14:30:00,1,NA,NA,NA,0,0,TRUE,3455.231233,2,2017-10-23 14:44:21,3455.231233,861,4.01304440534263,TRUE
"7688","A69-9006-1741",7688,"Noordzeekanaal","Noordzeekanaal","VR2W-114164",52.465232,4.633992,2017-10-23 14:44:21,2017-10-23 14:48:36,7,861,3455.231233,4.013044,3455.231233,3455.231233,TRUE,5062.150232,3,2017-10-23 15:33:58,1606.918999,2977,0.539777964057776,TRUE
"7689","A69-9006-1741",7689,"Noordzeekanaal","Grote sluis NZK","VR2W-114178",52.467488,4.613347,2017-10-23 15:33:58,2017-10-23 15:43:07,2,2722,1606.918999,0.590345,5062.150232,5062.150232,FALSE,159877.291376,6,2017-10-28 16:22:29,154815.141144,434911,0.355969706776789,TRUE
"7690","A69-9006-1741",7690,"Noordzeekanaal","Grote sluis NZK","VR2W-114178",52.467488,4.613347,2017-10-23 16:54:11,2017-10-23 16:54:59,2,NA,NA,NA,5062.150232,5062.150232,TRUE,159877.291376,6,2017-10-28 16:22:29,154815.141144,430098,0.359953176122651,TRUE
"7691","A69-9006-1741",7691,"Noordzeekanaal","Grote sluis Noordzee","VR2W-132414",52.466907,4.600546,2017-10-23 18:01:00,2017-10-23 18:24:27,27,3961,941.310669,0.237645,6003.460901,5920.627248,TRUE,159877.291376,6,2017-10-28 16:22:29,153956.664128,426089,0.361325131904367,TRUE
"7692","A69-9006-1741",7692,"Noordzeekanaal","ws-STEEN","VR2W-123813",51.403409,3.465898,2017-10-28 16:22:29,2017-10-28 16:22:29,1,424682,154205.165087,0.363107,160208.625988,159877.291376,FALSE,212888.379901,8,2017-10-30 03:07:49,53011.088525,125120,0.423681973505435,TRUE
"7693","A69-9006-1741",7693,"Noordzeekanaal","ws-STEEN","VR2W-123813",51.403409,3.465898,2017-10-28 18:34:26,2017-10-28 18:34:26,1,NA,NA,NA,160208.625988,159877.291376,TRUE,212888.379901,8,2017-10-30 03:07:49,53011.088525,117203,0.45230146433965,TRUE
"7694","A69-9006-1741",7694,"Noordzeekanaal","bpns-Trapegeer","VR2W-126201",51.1403333333,2.573,2017-10-30 03:07:49,2017-10-30 03:07:49,1,117203,74386.364878,0.63468,234594.990866,212888.379901,NA,NA,NA,NA,NA,NA,NA,TRUE
"7695","A69-9006-1742",7695,"Noordzeekanaal","rel_noordzeekanaal1","none",52.452208,4.678779,2017-10-23 14:30:00,2017-10-23 14:30:00,1,NA,NA,NA,0,0,TRUE,5062.150232,2,2017-10-23 14:30:31,5062.150232,31,163.295168774194,TRUE
"7696","A69-9006-1742",7696,"Noordzeekanaal","Grote sluis NZK","VR2W-114178",52.467488,4.613347,2017-10-23 14:30:31,2017-10-23 18:09:50,48,31,5062.150232,163.295169,5062.150232,5062.150232,FALSE,NA,NA,NA,NA,NA,NA,TRUE
"7697","A69-9006-1742",7697,"Noordzeekanaal","Noordzeekanaal","VR2W-114165",52.462798,4.633995,2017-10-23 18:39:01,2017-10-23 19:18:12,4,1751,1606.918999,0.917715,6669.069231,3455.231233,TRUE,5062.150232,4,2017-10-23 19:30:20,1606.918999,3079,0.521896394608639,TRUE
"7698","A69-9006-1742",7698,"Noordzeekanaal","Grote sluis NZK","VR2W-114178",52.467488,4.613347,2017-10-23 19:30:20,2017-10-23 20:16:26,18,728,1606.918999,2.207306,8275.98823,5062.150232,FALSE,NA,NA,NA,NA,NA,NA,TRUE
"7699","A69-9006-1742",7699,"Noordzeekanaal","Noordzeekanaal","VR2W-114165",52.462798,4.633995,2017-10-23 20:26:47,2017-10-23 23:16:19,93,621,1606.918999,2.587631,9882.907229,3455.231233,TRUE,5627.770357,6,2017-10-23 23:48:02,2172.539124,12075,0.179920424347826,TRUE
"7700","A69-9006-1742",7700,"Noordzeekanaal","Spuisluis NZK","VR2W-114167",52.470646,4.607811,2017-10-23 23:48:02,2017-10-24 01:06:26,68,1903,2172.539123,1.141639,12055.446352,5627.770357,FALSE,NA,NA,NA,NA,NA,NA,TRUE
"7701","A69-9006-1742",7701,"Noordzeekanaal","Noordzeekanaal","VR2W-114165",52.462798,4.633995,2017-10-24 02:45:53,2017-10-24 02:50:25,3,5967,2172.539123,0.364092,14227.985475,3455.231233,FALSE,5779.222216,10,2017-10-25 01:28:17,2323.990983,81744,0.0284301108705226,TRUE
"7702","A69-9006-1742",7702,"Noordzeekanaal","Noordzeekanaal","VR2W-114165",52.462798,4.633995,2017-10-24 03:56:34,2017-10-24 05:18:31,7,NA,NA,NA,14227.985475,3455.231233,FALSE,5779.222216,10,2017-10-25 01:28:17,2323.990983,77503,0.0299858196843993,TRUE
"7703","A69-9006-1742",7703,"Noordzeekanaal","Noordzeekanaal","VR2W-114164",52.465232,4.633992,2017-10-24 18:48:47,2017-10-24 18:48:47,1,NA,NA,NA,14227.985475,3455.231233,TRUE,5779.222216,10,2017-10-25 01:28:17,2323.990983,23970,0.0969541503128911,TRUE
"7704","A69-9006-1742",7704,"Noordzeekanaal","Middensluis NZK","VR2W-132417",52.465373,4.601803,2017-10-25 01:28:17,2017-10-25 01:28:17,1,23970,2323.990983,0.096954,16551.976458,5779.222216,FALSE,NA,NA,NA,NA,NA,NA,TRUE
"7705","A69-9006-1742",7705,"Noordzeekanaal","Grote sluis NZK","VR2W-114178",52.467488,4.613347,2017-10-25 02:36:04,2017-10-25 04:02:06,5,4067,882.739291,0.217049,17434.715749,5062.150232,FALSE,NA,NA,NA,NA,NA,NA,TRUE
"7706","A69-9006-1742",7706,"Noordzeekanaal","Grote sluis NZK","VR2W-114178",52.467488,4.613347,2017-10-25 17:16:39,2017-10-25 17:16:39,1,NA,NA,NA,17434.715749,5062.150232,NA,NA,NA,NA,NA,NA,NA,TRUE
"7707","A69-9006-1742",7707,"Noordzeekanaal","Middensluis NZK","VR2W-132417",52.465373,4.601803,2017-10-25 21:08:10,2017-10-25 21:10:47,4,13891,882.739291,0.063548,18317.45504,5779.222216,FALSE,NA,NA,NA,NA,NA,NA,TRUE
"7708","A69-9006-1742",7708,"Noordzeekanaal","Noordzeekanaal","VR2W-114164",52.465232,4.633992,2017-10-25 21:26:48,2017-10-25 21:34:05,3,961,2323.990983,2.418305,20641.446023,3455.231233,TRUE,5779.222216,15,2017-10-25 21:35:21,2323.990983,513,4.53019684795322,TRUE
"7709","A69-9006-1742",7709,"Noordzeekanaal","Middensluis NZK","VR2W-132417",52.465373,4.601803,2017-10-25 21:35:21,2017-10-25 21:35:21,1,76,2323.990983,30.578829,22965.437006,5779.222216,FALSE,NA,NA,NA,NA,NA,NA,TRUE
"7710","A69-9006-1742",7710,"Noordzeekanaal","Noordzeekanaal","VR2W-114164",52.465232,4.633992,2017-10-25 21:36:20,2017-10-25 21:40:07,5,59,2323.990983,39.389678,25289.427989,3455.231233,TRUE,5062.150232,17,2017-10-25 21:40:20,1606.918999,240,6.69549582916667,TRUE
"7711","A69-9006-1742",7711,"Noordzeekanaal","Grote sluis NZK","VR2W-114178",52.467488,4.613347,2017-10-25 21:40:20,2017-10-25 21:41:06,2,13,1606.918999,123.609154,26896.346988,5062.150232,FALSE,NA,NA,NA,NA,NA,NA,TRUE
"7712","A69-9006-1742",7712,"Noordzeekanaal","Noordzeekanaal","VR2W-114164",52.465232,4.633992,2017-10-25 21:43:56,2017-10-25 21:44:43,2,170,1606.918999,9.452465,28503.265987,3455.231233,TRUE,5062.150232,19,2017-10-25 21:48:24,1606.918999,268,5.9959664141791,TRUE
"7713","A69-9006-1742",7713,"Noordzeekanaal","Grote sluis NZK","VR2W-114178",52.467488,4.613347,2017-10-25 21:48:24,2017-10-25 21:48:24,1,221,1606.918999,7.271127,30110.184986,5062.150232,FALSE,NA,NA,NA,NA,NA,NA,TRUE
"7714","A69-9006-1742",7714,"Noordzeekanaal","Noordzeekanaal","VR2W-114164",52.465232,4.633992,2017-10-25 21:48:39,2017-10-25 21:48:39,1,15,1606.918999,107.127933,31717.103985,3455.231233,TRUE,5062.150232,21,2017-10-25 21:55:49,1606.918999,430,3.73702092790698,TRUE
"7715","A69-9006-1742",7715,"Noordzeekanaal","Grote sluis NZK","VR2W-114178",52.467488,4.613347,2017-10-25 21:55:49,2017-10-25 21:55:49,1,430,1606.918999,3.737021,33324.022984,5062.150232,FALSE,NA,NA,NA,NA,NA,NA,TRUE
"7716","A69-9006-1742",7716,"Noordzeekanaal","Noordzeekanaal","VR2W-114164",52.465232,4.633992,2017-10-25 21:58:29,2017-10-25 22:00:52,2,160,1606.918999,10.043244,34930.941983,3455.231233,TRUE,5062.150232,23,2017-10-25 22:04:42,1606.918999,373,4.3080938310992,TRUE
"7717","A69-9006-1742",7717,"Noordzeekanaal","Grote sluis NZK","VR2W-114178",52.467488,4.613347,2017-10-25 22:04:42,2017-10-25 22:55:41,85,230,1606.918999,6.986604,36537.860982,5062.150232,FALSE,NA,NA,NA,NA,NA,NA,TRUE
"7718","A69-9006-1742",7718,"Noordzeekanaal","Noordzeekanaal","VR2W-114164",52.465232,4.633992,2017-10-25 22:56:59,2017-10-25 22:56:59,1,78,1606.918999,20.601526,38144.779981,3455.231233,TRUE,5779.222216,25,2017-10-25 22:58:14,2323.990983,75,30.98654644,TRUE
"7719","A69-9006-1742",7719,"Noordzeekanaal","Middensluis NZK","VR2W-132417",52.465373,4.601803,2017-10-25 22:58:14,2017-10-25 23:22:53,13,75,2323.990983,30.986546,40468.770964,5779.222216,FALSE,NA,NA,NA,NA,NA,NA,TRUE
"7720","A69-9006-1742",7720,"Noordzeekanaal","Noordzeekanaal","VR2W-114164",52.465232,4.633992,2017-10-25 23:23:55,2017-10-25 23:24:44,2,62,2323.990983,37.483726,42792.761947,3455.231233,TRUE,5779.222216,27,2017-10-25 23:25:59,2323.990983,124,18.741862766129,TRUE
"7721","A69-9006-1742",7721,"Noordzeekanaal","Middensluis NZK","VR2W-132417",52.465373,4.601803,2017-10-25 23:25:59,2017-10-25 23:28:53,3,75,2323.990983,30.986546,45116.75293,5779.222216,FALSE,NA,NA,NA,NA,NA,NA,TRUE
"7722","A69-9006-1742",7722,"Noordzeekanaal","Noordzeekanaal","VR2W-114164",52.465232,4.633992,2017-10-25 23:43:23,2017-10-25 23:52:01,3,870,2323.990983,2.671254,47440.743913,3455.231233,TRUE,5062.150232,29,2017-10-25 23:55:44,1606.918999,741,2.16858164507422,TRUE
"7723","A69-9006-1742",7723,"Noordzeekanaal","Grote sluis NZK","VR2W-114178",52.467488,4.613347,2017-10-25 23:55:44,2017-10-26 00:00:09,6,223,1606.918999,7.205915,49047.662912,5062.150232,FALSE,NA,NA,NA,NA,NA,NA,TRUE
"7724","A69-9006-1742",7724,"Noordzeekanaal","Noordzeekanaal","VR2W-114164",52.465232,4.633992,2017-10-26 00:04:32,2017-10-26 00:04:32,1,263,1606.918999,6.109958,50654.581911,3455.231233,TRUE,5062.150232,31,2017-10-26 00:06:09,1606.918999,97,16.5661752474227,TRUE
"7725","A69-9006-1742",7725,"Noordzeekanaal","Grote sluis NZK","VR2W-114178",52.467488,4.613347,2017-10-26 00:06:09,2017-10-26 00:06:42,2,97,1606.918999,16.566175,52261.50091,5062.150232,FALSE,NA,NA,NA,NA,NA,NA,TRUE
"7726","A69-9006-1742",7726,"Noordzeekanaal","Noordzeekanaal","VR2W-114164",52.465232,4.633992,2017-10-26 00:06:56,2017-10-26 00:06:56,1,14,1606.918999,114.779928,53868.419909,3455.231233,TRUE,5779.222216,33,2017-10-26 00:07:30,2323.990983,34,68.3526759705882,TRUE
"7727","A69-9006-1742",7727,"Noordzeekanaal","Middensluis NZK","VR2W-132417",52.465373,4.601803,2017-10-26 00:07:30,2017-10-26 00:07:30,1,34,2323.990983,68.352676,56192.410892,5779.222216,FALSE,NA,NA,NA,NA,NA,NA,TRUE
"7728","A69-9006-1742",7728,"Noordzeekanaal","Noordzeekanaal","VR2W-114164",52.465232,4.633992,2017-10-26 00:08:24,2017-10-26 00:08:24,1,54,2323.990983,43.03687,58516.401875,3455.231233,TRUE,5062.150232,35,2017-10-26 00:08:33,1606.918999,9,178.546555444444,TRUE
"7729","A69-9006-1742",7729,"Noordzeekanaal","Grote sluis NZK","VR2W-114178",52.467488,4.613347,2017-10-26 00:08:33,2017-10-26 00:08:33,1,9,1606.918999,178.546555,60123.320874,5062.150232,FALSE,NA,NA,NA,NA,NA,NA,TRUE
"7730","A69-9006-1742",7730,"Noordzeekanaal","Noordzeekanaal","VR2W-114164",52.465232,4.633992,2017-10-26 00:09:01,2017-10-26 00:09:01,1,28,1606.918999,57.389964,61730.239873,3455.231233,TRUE,5062.150232,37,2017-10-26 00:09:14,1606.918999,13,123.609153769231,TRUE
"7731","A69-9006-1742",7731,"Noordzeekanaal","Grote sluis NZK","VR2W-114178",52.467488,4.613347,2017-10-26 00:09:14,2017-10-26 00:17:46,6,13,1606.918999,123.609154,63337.158872,5062.150232,FALSE,NA,NA,NA,NA,NA,NA,TRUE
"7732","A69-9006-1742",7732,"Noordzeekanaal","Noordzeekanaal","VR2W-114164",52.465232,4.633992,2017-10-26 00:22:20,2017-10-26 00:22:58,2,274,1606.918999,5.864668,64944.077871,3455.231233,TRUE,5779.222216,39,2017-10-26 00:23:32,2323.990983,72,32.2776525416667,TRUE
"7733","A69-9006-1742",7733,"Noordzeekanaal","Middensluis NZK","VR2W-132417",52.465373,4.601803,2017-10-26 00:23:32,2017-10-26 01:03:31,17,34,2323.990983,68.352676,67268.068854,5779.222216,FALSE,NA,NA,NA,NA,NA,NA,TRUE
"7734","A69-9006-1742",7734,"Noordzeekanaal","Noordzeekanaal","VR2W-114164",52.465232,4.633992,2017-10-26 01:08:01,2017-10-26 01:08:01,1,270,2323.990983,8.607374,69592.059837,3455.231233,TRUE,5062.150232,41,2017-10-26 01:09:37,1606.918999,96,16.7387395729167,TRUE
"7735","A69-9006-1742",7735,"Noordzeekanaal","Grote sluis NZK","VR2W-114178",52.467488,4.613347,2017-10-26 01:09:37,2017-10-26 01:24:59,18,96,1606.918999,16.73874,71198.978836,5062.150232,FALSE,NA,NA,NA,NA,NA,NA,TRUE
"7736","A69-9006-1742",7736,"Noordzeekanaal","Noordzeekanaal","VR2W-114164",52.465232,4.633992,2017-10-26 01:25:21,2017-10-26 01:26:15,2,22,1606.918999,73.041773,72805.897835,3455.231233,TRUE,5779.222216,43,2017-10-26 01:26:49,2323.990983,88,26.4089884431818,TRUE
"7737","A69-9006-1742",7737,"Noordzeekanaal","Middensluis NZK","VR2W-132417",52.465373,4.601803,2017-10-26 01:26:49,2017-10-26 01:29:21,5,34,2323.990983,68.352676,75129.888818,5779.222216,FALSE,NA,NA,NA,NA,NA,NA,TRUE
"7738","A69-9006-1742",7738,"Noordzeekanaal","Noordzeekanaal","VR2W-114164",52.465232,4.633992,2017-10-26 01:29:25,2017-10-26 01:29:25,1,4,2323.990983,580.997746,77453.879801,3455.231233,TRUE,5062.150232,45,2017-10-26 01:29:36,1606.918999,11,146.083545363636,TRUE
"7739","A69-9006-1742",7739,"Noordzeekanaal","Grote sluis NZK","VR2W-114178",52.467488,4.613347,2017-10-26 01:29:36,2017-10-26 01:34:02,10,11,1606.918999,146.083545,79060.7988,5062.150232,FALSE,NA,NA,NA,NA,NA,NA,TRUE
"7740","A69-9006-1742",7740,"Noordzeekanaal","Noordzeekanaal","VR2W-114164",52.465232,4.633992,2017-10-26 01:34:18,2017-10-26 01:34:18,1,16,1606.918999,100.432437,80667.717799,3455.231233,TRUE,5062.150232,47,2017-10-26 01:34:21,1606.918999,3,535.639666333333,TRUE
"7741","A69-9006-1742",7741,"Noordzeekanaal","Grote sluis NZK","VR2W-114178",52.467488,4.613347,2017-10-26 01:34:21,2017-10-26 01:55:46,20,3,1606.918999,535.639666,82274.636798,5062.150232,FALSE,NA,NA,NA,NA,NA,NA,TRUE
"7742","A69-9006-1742",7742,"Noordzeekanaal","Noordzeekanaal","VR2W-114164",52.465232,4.633992,2017-10-26 01:55:53,2017-10-26 01:55:53,1,7,1606.918999,229.559857,83881.555797,3455.231233,TRUE,5062.150232,49,2017-10-26 01:56:00,1606.918999,7,229.559857,TRUE
"7743","A69-9006-1742",7743,"Noordzeekanaal","Grote sluis NZK","VR2W-114178",52.467488,4.613347,2017-10-26 01:56:00,2017-10-26 01:57:50,4,7,1606.918999,229.559857,85488.474796,5062.150232,FALSE,NA,NA,NA,NA,NA,NA,TRUE
"7744","A69-9006-1742",7744,"Noordzeekanaal","Noordzeekanaal","VR2W-114164",52.465232,4.633992,2017-10-26 01:58:35,2017-10-26 01:58:35,1,45,1606.918999,35.709311,87095.393795,3455.231233,TRUE,5779.222216,51,2017-10-26 01:59:55,2323.990983,80,29.0498872875,TRUE
"7745","A69-9006-1742",7745,"Noordzeekanaal","Middensluis NZK","VR2W-132417",52.465373,4.601803,2017-10-26 01:59:55,2017-10-26 02:07:13,13,80,2323.990983,29.049887,89419.384778,5779.222216,FALSE,NA,NA,NA,NA,NA,NA,TRUE
"7746","A69-9006-1742",7746,"Noordzeekanaal","Noordzeekanaal","VR2W-114164",52.465232,4.633992,2017-10-26 02:07:17,2017-10-26 02:08:42,2,4,2323.990983,580.997746,91743.375761,3455.231233,TRUE,5779.222216,53,2017-10-26 02:09:16,2323.990983,119,19.5293359915966,TRUE
"7747","A69-9006-1742",7747,"Noordzeekanaal","Middensluis NZK","VR2W-132417",52.465373,4.601803,2017-10-26 02:09:16,2017-10-26 02:24:19,17,34,2323.990983,68.352676,94067.366744,5779.222216,FALSE,NA,NA,NA,NA,NA,NA,TRUE
"7748","A69-9006-1742",7748,"Noordzeekanaal","Noordzeekanaal","VR2W-114164",52.465232,4.633992,2017-10-26 02:24:26,2017-10-26 02:24:26,1,7,2323.990983,331.998712,96391.357727,3455.231233,TRUE,5779.222216,55,2017-10-26 02:25:00,2323.990983,34,68.3526759705882,TRUE
"7749","A69-9006-1742",7749,"Noordzeekanaal","Middensluis NZK","VR2W-132417",52.465373,4.601803,2017-10-26 02:25:00,2017-10-26 02:26:24,3,34,2323.990983,68.352676,98715.34871,5779.222216,FALSE,NA,NA,NA,NA,NA,NA,TRUE
"7750","A69-9006-1742",7750,"Noordzeekanaal","Noordzeekanaal","VR2W-114164",52.465232,4.633992,2017-10-26 02:27:56,2017-10-26 02:28:33,2,92,2323.990983,25.260772,101039.339693,3455.231233,TRUE,5779.222216,57,2017-10-26 02:29:45,2323.990983,109,21.3210181926606,TRUE
"7751","A69-9006-1742",7751,"Noordzeekanaal","Middensluis NZK","VR2W-132417",52.465373,4.601803,2017-10-26 02:29:45,2017-10-26 02:31:50,5,72,2323.990983,32.277653,103363.330676,5779.222216,FALSE,NA,NA,NA,NA,NA,NA,TRUE
"7752","A69-9006-1742",7752,"Noordzeekanaal","Noordzeekanaal","VR2W-114164",52.465232,4.633992,2017-10-26 02:31:56,2017-10-26 02:31:56,1,6,2323.990983,387.331831,105687.321659,3455.231233,TRUE,5779.222216,59,2017-10-26 02:32:30,2323.990983,34,68.3526759705882,TRUE
"7753","A69-9006-1742",7753,"Noordzeekanaal","Middensluis NZK","VR2W-132417",52.465373,4.601803,2017-10-26 02:32:30,2017-10-26 02:33:12,2,34,2323.990983,68.352676,108011.312642,5779.222216,FALSE,NA,NA,NA,NA,NA,NA,TRUE
"7754","A69-9006-1742",7754,"Noordzeekanaal","Noordzeekanaal","VR2W-114164",52.465232,4.633992,2017-10-26 02:33:29,2017-10-26 02:33:29,1,17,2323.990983,136.705352,110335.303625,3455.231233,TRUE,5062.150232,61,2017-10-26 02:33:32,1606.918999,3,535.639666333333,TRUE
"7755","A69-9006-1742",7755,"Noordzeekanaal","Grote sluis NZK","VR2W-114178",52.467488,4.613347,2017-10-26 02:33:32,2017-10-26 02:36:29,4,3,1606.918999,535.639666,111942.222624,5062.150232,FALSE,NA,NA,NA,NA,NA,NA,TRUE
"7756","A69-9006-1742",7756,"Noordzeekanaal","Noordzeekanaal","VR2W-114164",52.465232,4.633992,2017-10-26 02:36:40,2017-10-26 02:36:40,1,11,1606.918999,146.083545,113549.141623,3455.231233,TRUE,5062.150232,63,2017-10-26 02:37:32,1606.918999,52,30.9022884423077,TRUE
"7757","A69-9006-1742",7757,"Noordzeekanaal","Grote sluis NZK","VR2W-114178",52.467488,4.613347,2017-10-26 02:37:32,2017-10-26 02:37:32,1,52,1606.918999,30.902288,115156.060622,5062.150232,FALSE,NA,NA,NA,NA,NA,NA,TRUE
"7758","A69-9006-1742",7758,"Noordzeekanaal","Noordzeekanaal","VR2W-114164",52.465232,4.633992,2017-10-26 02:39:04,2017-10-26 02:39:54,2,92,1606.918999,17.466511,116762.979621,3455.231233,TRUE,5062.150232,65,2017-10-26 02:39:58,1606.918999,54,29.7577592407407,TRUE
"7759","A69-9006-1742",7759,"Noordzeekanaal","Grote sluis NZK","VR2W-114178",52.467488,4.613347,2017-10-26 02:39:58,2017-10-26 02:40:28,2,4,1606.918999,401.72975,118369.89862,5062.150232,FALSE,NA,NA,NA,NA,NA,NA,TRUE
"7760","A69-9006-1742",7760,"Noordzeekanaal","Noordzeekanaal","VR2W-114164",52.465232,4.633992,2017-10-26 02:40:39,2017-10-26 02:41:31,2,11,1606.918999,146.083545,119976.817619,3455.231233,TRUE,5779.222216,67,2017-10-26 02:42:05,2323.990983,86,27.0231509651163,TRUE
"7761","A69-9006-1742",7761,"Noordzeekanaal","Middensluis NZK","VR2W-132417",52.465373,4.601803,2017-10-26 02:42:05,2017-10-26 02:43:39,3,34,2323.990983,68.352676,122300.808602,5779.222216,FALSE,NA,NA,NA,NA,NA,NA,TRUE
"7762","A69-9006-1742",7762,"Noordzeekanaal","Noordzeekanaal","VR2W-114164",52.465232,4.633992,2017-10-26 02:43:59,2017-10-26 02:43:59,1,20,2323.990983,116.199549,124624.799585,3455.231233,TRUE,5779.222216,69,2017-10-26 02:46:11,2323.990983,132,17.6059922954545,TRUE
"7763","A69-9006-1742",7763,"Noordzeekanaal","Middensluis NZK","VR2W-132417",52.465373,4.601803,2017-10-26 02:46:11,2017-10-26 02:48:32,6,132,2323.990983,17.605992,126948.790568,5779.222216,FALSE,NA,NA,NA,NA,NA,NA,TRUE
"7764","A69-9006-1742",7764,"Noordzeekanaal","Noordzeekanaal","VR2W-114164",52.465232,4.633992,2017-10-26 02:48:36,2017-10-26 02:48:36,1,4,2323.990983,580.997746,129272.781551,3455.231233,TRUE,5779.222216,71,2017-10-26 02:49:10,2323.990983,34,68.3526759705882,TRUE
"7765","A69-9006-1742",7765,"Noordzeekanaal","Middensluis NZK","VR2W-132417",52.465373,4.601803,2017-10-26 02:49:10,2017-10-26 02:53:48,5,34,2323.990983,68.352676,131596.772534,5779.222216,FALSE,NA,NA,NA,NA,NA,NA,TRUE
"7766","A69-9006-1742",7766,"Noordzeekanaal","Noordzeekanaal","VR2W-114164",52.465232,4.633992,2017-10-26 02:54:22,2017-10-26 02:54:22,1,34,2323.990983,68.352676,133920.763517,3455.231233,TRUE,5062.150232,73,2017-10-26 02:54:36,1606.918999,14,114.7799285,TRUE
"7767","A69-9006-1742",7767,"Noordzeekanaal","Grote sluis NZK","VR2W-114178",52.467488,4.613347,2017-10-26 02:54:36,2017-10-26 03:05:38,13,14,1606.918999,114.779928,135527.682516,5062.150232,FALSE,NA,NA,NA,NA,NA,NA,TRUE
"7768","A69-9006-1742",7768,"Noordzeekanaal","Noordzeekanaal","VR2W-114164",52.465232,4.633992,2017-10-26 03:05:58,2017-10-26 03:05:58,1,20,1606.918999,80.34595,137134.601515,3455.231233,TRUE,5779.222216,75,2017-10-26 03:06:32,2323.990983,34,68.3526759705882,TRUE
"7769","A69-9006-1742",7769,"Noordzeekanaal","Middensluis NZK","VR2W-132417",52.465373,4.601803,2017-10-26 03:06:32,2017-10-26 03:30:36,11,34,2323.990983,68.352676,139458.592498,5779.222216,FALSE,NA,NA,NA,NA,NA,NA,TRUE
"7770","A69-9006-1742",7770,"Noordzeekanaal","Noordzeekanaal","VR2W-114164",52.465232,4.633992,2017-10-26 03:40:05,2017-10-26 03:40:05,1,569,2323.990983,4.084343,141782.583481,3455.231233,FALSE,5062.150232,78,2017-10-26 05:22:07,1606.918999,6122,0.262482685233584,TRUE
"7771","A69-9006-1742",7771,"Noordzeekanaal","Noordzeekanaal","VR2W-114164",52.465232,4.633992,2017-10-26 05:09:35,2017-10-26 05:10:23,2,NA,NA,NA,141782.583481,3455.231233,TRUE,5062.150232,78,2017-10-26 05:22:07,1606.918999,752,2.13686037101064,TRUE
"7772","A69-9006-1742",7772,"Noordzeekanaal","Grote sluis NZK","VR2W-114178",52.467488,4.613347,2017-10-26 05:22:07,2017-10-26 05:22:07,1,704,1606.918999,2.282555,143389.50248,5062.150232,FALSE,NA,NA,NA,NA,NA,NA,TRUE
"7773","A69-9006-1742",7773,"Noordzeekanaal","Noordzeekanaal","VR2W-114164",52.465232,4.633992,2017-10-26 05:44:30,2017-10-26 05:44:30,1,1343,1606.918999,1.196515,144996.421479,3455.231233,TRUE,5779.222216,80,2017-10-26 16:18:19,2323.990983,38029,0.0611110200899314,TRUE
"7774","A69-9006-1742",7774,"Noordzeekanaal","Middensluis NZK","VR2W-132417",52.465373,4.601803,2017-10-26 16:18:19,2017-10-26 18:29:01,14,38029,2323.990983,0.061111,147320.412462,5779.222216,FALSE,NA,NA,NA,NA,NA,NA,TRUE
"7775","A69-9006-1742",7775,"Noordzeekanaal","Noordzeekanaal","VR2W-114164",52.465232,4.633992,2017-10-26 18:29:12,2017-10-26 18:29:12,1,11,2323.990983,211.271908,149644.403445,3455.231233,TRUE,5062.150232,82,2017-10-26 18:30:50,1606.918999,98,16.3971326428571,TRUE
"7776","A69-9006-1742",7776,"Noordzeekanaal","Grote sluis NZK","VR2W-114178",52.467488,4.613347,2017-10-26 18:30:50,2017-10-26 18:33:06,2,98,1606.918999,16.397133,151251.322444,5062.150232,FALSE,NA,NA,NA,NA,NA,NA,TRUE
"7777","A69-9006-1742",7777,"Noordzeekanaal","Noordzeekanaal","VR2W-114164",52.465232,4.633992,2017-10-26 18:34:09,2017-10-26 18:34:09,1,63,1606.918999,25.506651,152858.241443,3455.231233,TRUE,5062.150232,84,2017-10-26 18:36:28,1606.918999,139,11.5605683381295,TRUE
"7778","A69-9006-1742",7778,"Noordzeekanaal","Grote sluis NZK","VR2W-114178",52.467488,4.613347,2017-10-26 18:36:28,2017-10-26 18:36:28,1,139,1606.918999,11.560568,154465.160442,5062.150232,FALSE,NA,NA,NA,NA,NA,NA,TRUE
"7779","A69-9006-1742",7779,"Noordzeekanaal","Noordzeekanaal","VR2W-114164",52.465232,4.633992,2017-10-26 18:37:19,2017-10-26 18:37:19,1,51,1606.918999,31.508216,156072.079441,3455.231233,TRUE,5062.150232,86,2017-10-26 18:38:06,1606.918999,47,34.1897659361702,TRUE
"7780","A69-9006-1742",7780,"Noordzeekanaal","Grote sluis NZK","VR2W-114178",52.467488,4.613347,2017-10-26 18:38:06,2017-10-26 19:18:21,23,47,1606.918999,34.189766,157678.99844,5062.150232,FALSE,NA,NA,NA,NA,NA,NA,TRUE
"7781","A69-9006-1742",7781,"Noordzeekanaal","Noordzeekanaal","VR2W-114164",52.465232,4.633992,2017-10-26 19:19:22,2017-10-26 19:19:22,1,61,1606.918999,26.342934,159285.917439,3455.231233,TRUE,5062.150232,88,2017-10-26 19:57:45,1606.918999,2303,0.697750325227964,TRUE
"7782","A69-9006-1742",7782,"Noordzeekanaal","Grote sluis NZK","VR2W-114178",52.467488,4.613347,2017-10-26 19:57:45,2017-10-26 19:58:34,2,2303,1606.918999,0.69775,160892.836438,5062.150232,FALSE,NA,NA,NA,NA,NA,NA,TRUE
"7783","A69-9006-1742",7783,"Noordzeekanaal","Noordzeekanaal","VR2W-114164",52.465232,4.633992,2017-10-26 19:58:44,2017-10-26 19:58:44,1,10,1606.918999,160.6919,162499.755437,3455.231233,TRUE,5062.150232,90,2017-10-26 20:00:22,1606.918999,98,16.3971326428571,TRUE
"7784","A69-9006-1742",7784,"Noordzeekanaal","Grote sluis NZK","VR2W-114178",52.467488,4.613347,2017-10-26 20:00:22,2017-10-26 20:00:22,1,98,1606.918999,16.397133,164106.674436,5062.150232,FALSE,NA,NA,NA,NA,NA,NA,TRUE
"7785","A69-9006-1742",7785,"Noordzeekanaal","Noordzeekanaal","VR2W-114164",52.465232,4.633992,2017-10-26 20:00:27,2017-10-26 20:00:27,1,5,1606.918999,321.3838,165713.593435,3455.231233,TRUE,5779.222216,92,2017-10-26 20:02:43,2323.990983,136,17.0881689926471,TRUE
"7786","A69-9006-1742",7786,"Noordzeekanaal","Middensluis NZK","VR2W-132417",52.465373,4.601803,2017-10-26 20:02:43,2017-10-26 20:05:23,2,136,2323.990983,17.088169,168037.584418,5779.222216,FALSE,NA,NA,NA,NA,NA,NA,TRUE
"7787","A69-9006-1742",7787,"Noordzeekanaal","Noordzeekanaal","VR2W-114164",52.465232,4.633992,2017-10-26 20:08:37,2017-10-26 20:08:37,1,194,2323.990983,11.979335,170361.575401,3455.231233,TRUE,5779.222216,94,2017-10-26 20:13:37,2323.990983,300,7.74663661,TRUE
"7788","A69-9006-1742",7788,"Noordzeekanaal","Middensluis NZK","VR2W-132417",52.465373,4.601803,2017-10-26 20:13:37,2017-10-26 21:35:12,28,300,2323.990983,7.746637,172685.566384,5779.222216,FALSE,NA,NA,NA,NA,NA,NA,TRUE
"7789","A69-9006-1742",7789,"Noordzeekanaal","Middensluis NZK","VR2W-132417",52.465373,4.601803,2017-10-26 22:42:21,2017-10-26 23:42:46,14,NA,NA,NA,172685.566384,5779.222216,FALSE,NA,NA,NA,NA,NA,NA,TRUE
"7790","A69-9006-1742",7790,"Noordzeekanaal","Middensluis NZK","VR2W-132417",52.465373,4.601803,2017-10-27 02:31:39,2017-10-27 02:58:56,5,NA,NA,NA,172685.566384,5779.222216,FALSE,NA,NA,NA,NA,NA,NA,TRUE
"7791","A69-9006-1742",7791,"Noordzeekanaal","Noordzeekanaal","VR2W-114164",52.465232,4.633992,2017-10-27 04:39:26,2017-10-27 04:39:26,1,6030,2323.990983,0.385405,175009.557367,3455.231233,FALSE,5779.222216,98,2017-10-30 00:28:11,2323.990983,244125,0.00951967632565284,TRUE
"7792","A69-9006-1742",7792,"Noordzeekanaal","Middensluis NZK","VR2W-132417",52.465373,4.601803,2017-10-30 00:28:11,2017-10-30 01:16:29,5,244125,2323.990983,0.00952,177333.54835,5779.222216,FALSE,NA,NA,NA,NA,NA,NA,TRUE
"7793","A69-9006-1742",7793,"Noordzeekanaal","Noordzeekanaal","VR2W-114164",52.465232,4.633992,2017-10-30 01:23:36,2017-10-30 01:23:36,1,427,2323.990983,5.442602,179657.539333,3455.231233,TRUE,5062.150232,100,2017-10-30 01:24:27,1606.918999,51,31.5082156666667,TRUE
"7794","A69-9006-1742",7794,"Noordzeekanaal","Grote sluis NZK","VR2W-114178",52.467488,4.613347,2017-10-30 01:24:27,2017-10-30 01:24:27,1,51,1606.918999,31.508216,181264.458332,5062.150232,FALSE,NA,NA,NA,NA,NA,NA,TRUE
"7795","A69-9006-1742",7795,"Noordzeekanaal","Noordzeekanaal","VR2W-114164",52.465232,4.633992,2017-10-30 01:26:59,2017-10-30 01:26:59,1,152,1606.918999,10.571836,182871.377331,3455.231233,TRUE,5062.150232,102,2017-10-30 01:27:09,1606.918999,10,160.6918999,TRUE
"7796","A69-9006-1742",7796,"Noordzeekanaal","Grote sluis NZK","VR2W-114178",52.467488,4.613347,2017-10-30 01:27:09,2017-10-30 01:28:00,2,10,1606.918999,160.6919,184478.29633,5062.150232,FALSE,NA,NA,NA,NA,NA,NA,TRUE
"7797","A69-9006-1742",7797,"Noordzeekanaal","Noordzeekanaal","VR2W-114164",52.465232,4.633992,2017-10-30 01:28:49,2017-10-30 01:28:49,1,49,1606.918999,32.794265,186085.215329,3455.231233,TRUE,5062.150232,104,2017-10-30 01:29:40,1606.918999,51,31.5082156666667,TRUE
"7798","A69-9006-1742",7798,"Noordzeekanaal","Grote sluis NZK","VR2W-114178",52.467488,4.613347,2017-10-30 01:29:40,2017-10-30 01:29:40,1,51,1606.918999,31.508216,187692.134328,5062.150232,FALSE,NA,NA,NA,NA,NA,NA,TRUE
"7799","A69-9006-1742",7799,"Noordzeekanaal","Noordzeekanaal","VR2W-114164",52.465232,4.633992,2017-10-30 01:29:44,2017-10-30 01:29:44,1,4,1606.918999,401.72975,189299.053327,3455.231233,TRUE,5062.150232,106,2017-10-30 01:31:29,1606.918999,105,15.3039904666667,TRUE
"7800","A69-9006-1742",7800,"Noordzeekanaal","Grote sluis NZK","VR2W-114178",52.467488,4.613347,2017-10-30 01:31:29,2017-10-30 01:32:50,2,105,1606.918999,15.30399,190905.972326,5062.150232,FALSE,NA,NA,NA,NA,NA,NA,TRUE
"7801","A69-9006-1742",7801,"Noordzeekanaal","Noordzeekanaal","VR2W-114164",52.465232,4.633992,2017-10-30 01:33:08,2017-10-30 01:33:08,1,18,1606.918999,89.273278,192512.891325,3455.231233,TRUE,5062.150232,108,2017-10-30 01:33:13,1606.918999,5,321.3837998,TRUE
"7802","A69-9006-1742",7802,"Noordzeekanaal","Grote sluis NZK","VR2W-114178",52.467488,4.613347,2017-10-30 01:33:13,2017-10-30 01:33:58,2,5,1606.918999,321.3838,194119.810324,5062.150232,FALSE,NA,NA,NA,NA,NA,NA,TRUE
"7803","A69-9006-1742",7803,"Noordzeekanaal","Noordzeekanaal","VR2W-114164",52.465232,4.633992,2017-10-30 01:34:56,2017-10-30 01:34:56,1,58,1606.918999,27.7055,195726.729323,3455.231233,TRUE,5779.222216,110,2017-10-30 01:35:33,2323.990983,37,62.8105671081081,TRUE
"7804","A69-9006-1742",7804,"Noordzeekanaal","Middensluis NZK","VR2W-132417",52.465373,4.601803,2017-10-30 01:35:33,2017-10-30 01:35:33,1,37,2323.990983,62.810567,198050.720306,5779.222216,FALSE,NA,NA,NA,NA,NA,NA,TRUE
"7805","A69-9006-1742",7805,"Noordzeekanaal","Noordzeekanaal","VR2W-114164",52.465232,4.633992,2017-10-30 01:35:48,2017-10-30 01:35:48,1,15,2323.990983,154.932732,200374.711289,3455.231233,TRUE,5779.222216,112,2017-10-30 01:36:26,2323.990983,38,61.1576574473684,TRUE
"7806","A69-9006-1742",7806,"Noordzeekanaal","Middensluis NZK","VR2W-132417",52.465373,4.601803,2017-10-30 01:36:26,2017-10-30 01:36:26,1,38,2323.990983,61.157657,202698.702272,5779.222216,FALSE,NA,NA,NA,NA,NA,NA,TRUE
"7807","A69-9006-1742",7807,"Noordzeekanaal","Noordzeekanaal","VR2W-114164",52.465232,4.633992,2017-10-30 01:36:37,2017-10-30 01:36:37,1,11,2323.990983,211.271908,205022.693255,3455.231233,TRUE,5062.150232,114,2017-10-30 01:36:42,1606.918999,5,321.3837998,TRUE
"7808","A69-9006-1742",7808,"Noordzeekanaal","Grote sluis NZK","VR2W-114178",52.467488,4.613347,2017-10-30 01:36:42,2017-10-30 01:36:42,1,5,1606.918999,321.3838,206629.612254,5062.150232,FALSE,NA,NA,NA,NA,NA,NA,TRUE
"7809","A69-9006-1742",7809,"Noordzeekanaal","Noordzeekanaal","VR2W-114164",52.465232,4.633992,2017-10-30 01:37:19,2017-10-30 01:37:19,1,37,1606.918999,43.430243,208236.531253,3455.231233,TRUE,5062.150232,116,2017-10-30 01:39:05,1606.918999,106,15.1596131981132,TRUE
"7810","A69-9006-1742",7810,"Noordzeekanaal","Grote sluis NZK","VR2W-114178",52.467488,4.613347,2017-10-30 01:39:05,2017-10-30 01:41:23,2,106,1606.918999,15.159613,209843.450252,5062.150232,FALSE,NA,NA,NA,NA,NA,NA,TRUE
"7811","A69-9006-1742",7811,"Noordzeekanaal","Noordzeekanaal","VR2W-114164",52.465232,4.633992,2017-10-30 01:41:55,2017-10-30 01:41:55,1,32,1606.918999,50.216219,211450.369251,3455.231233,TRUE,5062.150232,118,2017-10-30 01:42:47,1606.918999,52,30.9022884423077,TRUE
"7812","A69-9006-1742",7812,"Noordzeekanaal","Grote sluis NZK","VR2W-114178",52.467488,4.613347,2017-10-30 01:42:47,2017-10-30 01:42:47,1,52,1606.918999,30.902288,213057.28825,5062.150232,FALSE,NA,NA,NA,NA,NA,NA,TRUE
"7813","A69-9006-1742",7813,"Noordzeekanaal","Noordzeekanaal","VR2W-114164",52.465232,4.633992,2017-10-30 01:45:02,2017-10-30 01:45:38,2,135,1606.918999,11.903104,214664.207249,3455.231233,TRUE,5062.150232,120,2017-10-30 01:46:02,1606.918999,60,26.7819833166667,TRUE
"7814","A69-9006-1742",7814,"Noordzeekanaal","Grote sluis NZK","VR2W-114178",52.467488,4.613347,2017-10-30 01:46:02,2017-10-30 01:46:02,1,24,1606.918999,66.954958,216271.126248,5062.150232,FALSE,NA,NA,NA,NA,NA,NA,TRUE
"7815","A69-9006-1742",7815,"Noordzeekanaal","Noordzeekanaal","VR2W-114164",52.465232,4.633992,2017-10-30 01:46:16,2017-10-30 01:46:16,1,14,1606.918999,114.779928,217878.045247,3455.231233,TRUE,5062.150232,122,2017-10-30 01:46:48,1606.918999,32,50.21621871875,TRUE
"7816","A69-9006-1742",7816,"Noordzeekanaal","Grote sluis NZK","VR2W-114178",52.467488,4.613347,2017-10-30 01:46:48,2017-10-30 01:46:48,1,32,1606.918999,50.216219,219484.964246,5062.150232,FALSE,NA,NA,NA,NA,NA,NA,TRUE
"7817","A69-9006-1742",7817,"Noordzeekanaal","Noordzeekanaal","VR2W-114164",52.465232,4.633992,2017-10-30 01:46:55,2017-10-30 01:48:29,3,7,1606.918999,229.559857,221091.883245,3455.231233,TRUE,5062.150232,124,2017-10-30 01:48:41,1606.918999,106,15.1596131981132,TRUE
"7818","A69-9006-1742",7818,"Noordzeekanaal","Grote sluis NZK","VR2W-114178",52.467488,4.613347,2017-10-30 01:48:41,2017-10-30 01:56:50,3,12,1606.918999,133.909917,222698.802244,5062.150232,FALSE,NA,NA,NA,NA,NA,NA,TRUE
"7819","A69-9006-1742",7819,"Noordzeekanaal","Grote sluis NZK","VR2W-114178",52.467488,4.613347,2017-10-30 03:10:30,2017-10-30 03:10:30,1,NA,NA,NA,222698.802244,5062.150232,FALSE,NA,NA,NA,NA,NA,NA,TRUE
"7820","A69-9006-1742",7820,"Noordzeekanaal","Noordzeekanaal","VR2W-114164",52.465232,4.633992,2017-10-30 03:20:19,2017-10-30 03:36:49,5,589,1606.918999,2.728216,224305.721243,3455.231233,TRUE,5779.222216,127,2017-10-30 04:27:16,2323.990983,4017,0.578538955190441,TRUE
"7821","A69-9006-1742",7821,"Noordzeekanaal","Middensluis NZK","VR2W-132417",52.465373,4.601803,2017-10-30 04:27:16,2017-10-30 04:37:57,3,3027,2323.990983,0.767754,226629.712226,5779.222216,FALSE,NA,NA,NA,NA,NA,NA,TRUE
"7822","A69-9006-1742",7822,"Noordzeekanaal","Noordzeekanaal","VR2W-114164",52.465232,4.633992,2017-10-30 04:39:42,2017-10-30 04:39:42,1,105,2323.990983,22.133247,228953.703209,3455.231233,TRUE,5062.150232,129,2017-10-30 04:39:49,1606.918999,7,229.559857,TRUE
"7823","A69-9006-1742",7823,"Noordzeekanaal","Grote sluis NZK","VR2W-114178",52.467488,4.613347,2017-10-30 04:39:49,2017-10-30 04:46:16,4,7,1606.918999,229.559857,230560.622208,5062.150232,FALSE,NA,NA,NA,NA,NA,NA,TRUE
"7824","A69-9006-1742",7824,"Noordzeekanaal","Noordzeekanaal","VR2W-114164",52.465232,4.633992,2017-10-30 04:46:28,2017-10-30 04:46:28,1,12,1606.918999,133.909917,232167.541207,3455.231233,TRUE,5062.150232,131,2017-10-30 05:45:31,1606.918999,3543,0.45354755828394,TRUE
"7825","A69-9006-1742",7825,"Noordzeekanaal","Grote sluis NZK","VR2W-114178",52.467488,4.613347,2017-10-30 05:45:31,2017-10-30 05:45:31,1,3543,1606.918999,0.453548,233774.460206,5062.150232,FALSE,NA,NA,NA,NA,NA,NA,TRUE
"7826","A69-9006-1742",7826,"Noordzeekanaal","Grote sluis NZK","VR2W-114178",52.467488,4.613347,2017-10-30 20:01:47,2017-10-30 20:01:47,1,NA,NA,NA,233774.460206,5062.150232,FALSE,NA,NA,NA,NA,NA,NA,TRUE
"7827","A69-9006-1742",7827,"Noordzeekanaal","Noordzeekanaal","VR2W-114164",52.465232,4.633992,2017-10-30 20:19:20,2017-10-30 20:19:20,1,1053,1606.918999,1.526039,235381.379205,3455.231233,TRUE,5062.150232,134,2017-10-30 20:21:07,1606.918999,107,15.0179345700935,TRUE
"7828","A69-9006-1742",7828,"Noordzeekanaal","Grote sluis NZK","VR2W-114178",52.467488,4.613347,2017-10-30 20:21:07,2017-10-30 20:22:58,2,107,1606.918999,15.017935,236988.298204,5062.150232,FALSE,NA,NA,NA,NA,NA,NA,TRUE
"7829","A69-9006-1742",7829,"Noordzeekanaal","Noordzeekanaal","VR2W-114164",52.465232,4.633992,2017-10-30 20:56:42,2017-10-30 20:56:42,1,2024,1606.918999,0.793932,238595.217203,3455.231233,TRUE,5779.222216,136,2017-10-30 21:18:52,2323.990983,1330,1.74736164135338,TRUE
"7830","A69-9006-1742",7830,"Noordzeekanaal","Middensluis NZK","VR2W-132417",52.465373,4.601803,2017-10-30 21:18:52,2017-10-30 21:20:33,3,1330,2323.990983,1.747362,240919.208186,5779.222216,FALSE,NA,NA,NA,NA,NA,NA,TRUE
"7831","A69-9006-1742",7831,"Noordzeekanaal","Grote sluis NZK","VR2W-114178",52.467488,4.613347,2017-10-30 22:29:51,2017-10-30 23:55:57,15,4158,882.739291,0.212299,241801.947477,5062.150232,NA,NA,NA,NA,NA,NA,NA,TRUE
"7832","A69-9006-1742",7832,"Noordzeekanaal","Middensluis NZK","VR2W-132417",52.465373,4.601803,2017-10-31 00:56:58,2017-10-31 00:56:58,1,3661,882.739291,0.24112,242684.686768,5779.222216,FALSE,NA,NA,NA,NA,NA,NA,TRUE
"7833","A69-9006-1742",7833,"Noordzeekanaal","Grote sluis NZK","VR2W-114178",52.467488,4.613347,2017-10-31 04:08:02,2017-10-31 04:08:02,1,11464,882.739291,0.077001,243567.426059,5062.150232,NA,NA,NA,NA,NA,NA,NA,TRUE
"7834","A69-9006-1742",7834,"Noordzeekanaal","Middensluis NZK","VR2W-132417",52.465373,4.601803,2017-10-31 20:31:20,2017-10-31 20:32:31,2,58998,882.739291,0.014962,244450.16535,5779.222216,FALSE,NA,NA,NA,NA,NA,NA,TRUE
"7835","A69-9006-1742",7835,"Noordzeekanaal","Middensluis NZK","VR2W-132417",52.465373,4.601803,2017-11-01 00:32:57,2017-11-01 01:22:02,13,NA,NA,NA,244450.16535,5779.222216,FALSE,NA,NA,NA,NA,NA,NA,TRUE
"7836","A69-9006-1742",7836,"Noordzeekanaal","Noordzeekanaal","VR2W-114164",52.465232,4.633992,2017-11-01 01:36:52,2017-11-01 01:36:52,1,890,2323.990983,2.611226,246774.156333,3455.231233,TRUE,5062.150232,143,2017-11-01 01:39:32,1606.918999,160,10.04324374375,TRUE
"7837","A69-9006-1742",7837,"Noordzeekanaal","Grote sluis NZK","VR2W-114178",52.467488,4.613347,2017-11-01 01:39:32,2017-11-01 02:07:19,17,160,1606.918999,10.043244,248381.075332,5062.150232,FALSE,NA,NA,NA,NA,NA,NA,TRUE
"7838","A69-9006-1742",7838,"Noordzeekanaal","Noordzeekanaal","VR2W-114164",52.465232,4.633992,2017-11-01 02:07:35,2017-11-01 02:07:35,1,16,1606.918999,100.432437,249987.994331,3455.231233,TRUE,5062.150232,145,2017-11-01 02:07:58,1606.918999,23,69.8660434347826,TRUE
"7839","A69-9006-1742",7839,"Noordzeekanaal","Grote sluis NZK","VR2W-114178",52.467488,4.613347,2017-11-01 02:07:58,2017-11-01 02:07:58,1,23,1606.918999,69.866043,251594.91333,5062.150232,FALSE,NA,NA,NA,NA,NA,NA,TRUE
"7840","A69-9006-1742",7840,"Noordzeekanaal","Noordzeekanaal","VR2W-114164",52.465232,4.633992,2017-11-01 02:08:12,2017-11-01 02:08:12,1,14,1606.918999,114.779928,253201.832329,3455.231233,TRUE,5062.150232,147,2017-11-01 02:08:39,1606.918999,27,59.5155184814815,TRUE
"7841","A69-9006-1742",7841,"Noordzeekanaal","Grote sluis NZK","VR2W-114178",52.467488,4.613347,2017-11-01 02:08:39,2017-11-01 02:08:39,1,27,1606.918999,59.515518,254808.751328,5062.150232,FALSE,NA,NA,NA,NA,NA,NA,TRUE
"7842","A69-9006-1742",7842,"Noordzeekanaal","Noordzeekanaal","VR2W-114164",52.465232,4.633992,2017-11-01 02:08:50,2017-11-01 02:08:50,1,11,1606.918999,146.083545,256415.670327,3455.231233,TRUE,5062.150232,149,2017-11-01 02:09:26,1606.918999,36,44.6366388611111,TRUE
"7843","A69-9006-1742",7843,"Noordzeekanaal","Grote sluis NZK","VR2W-114178",52.467488,4.613347,2017-11-01 02:09:26,2017-11-01 02:09:26,1,36,1606.918999,44.636639,258022.589326,5062.150232,FALSE,NA,NA,NA,NA,NA,NA,TRUE
"7844","A69-9006-1742",7844,"Noordzeekanaal","Noordzeekanaal","VR2W-114164",52.465232,4.633992,2017-11-01 02:10:15,2017-11-01 02:10:15,1,49,1606.918999,32.794265,259629.508325,3455.231233,TRUE,5779.222216,151,2017-11-01 02:10:54,2323.990983,39,59.5895123846154,TRUE
"7845","A69-9006-1742",7845,"Noordzeekanaal","Middensluis NZK","VR2W-132417",52.465373,4.601803,2017-11-01 02:10:54,2017-11-01 02:11:21,2,39,2323.990983,59.589512,261953.499308,5779.222216,FALSE,NA,NA,NA,NA,NA,NA,TRUE
"7846","A69-9006-1742",7846,"Noordzeekanaal","Noordzeekanaal","VR2W-114164",52.465232,4.633992,2017-11-01 02:13:29,2017-11-01 02:13:29,1,128,2323.990983,18.15618,264277.490291,3455.231233,TRUE,5779.222216,153,2017-11-01 02:19:21,2323.990983,352,6.60224711079545,TRUE
"7847","A69-9006-1742",7847,"Noordzeekanaal","Middensluis NZK","VR2W-132417",52.465373,4.601803,2017-11-01 02:19:21,2017-11-01 02:29:49,8,352,2323.990983,6.602247,266601.481274,5779.222216,FALSE,NA,NA,NA,NA,NA,NA,TRUE
"7848","A69-9006-1742",7848,"Noordzeekanaal","Noordzeekanaal","VR2W-114164",52.465232,4.633992,2017-11-01 02:53:27,2017-11-01 02:53:27,1,1418,2323.990983,1.638922,268925.472257,3455.231233,TRUE,5779.222216,155,2017-11-01 02:56:46,2323.990983,199,11.6783466482412,TRUE
"7849","A69-9006-1742",7849,"Noordzeekanaal","Middensluis NZK","VR2W-132417",52.465373,4.601803,2017-11-01 02:56:46,2017-11-01 02:56:46,1,199,2323.990983,11.678347,271249.46324,5779.222216,FALSE,NA,NA,NA,NA,NA,NA,TRUE
"7850","A69-9006-1742",7850,"Noordzeekanaal","Noordzeekanaal","VR2W-114164",52.465232,4.633992,2017-11-01 02:57:02,2017-11-01 02:57:02,1,16,2323.990983,145.249436,273573.454223,3455.231233,TRUE,5779.222216,157,2017-11-01 02:57:41,2323.990983,39,59.5895123846154,TRUE
"7851","A69-9006-1742",7851,"Noordzeekanaal","Middensluis NZK","VR2W-132417",52.465373,4.601803,2017-11-01 02:57:41,2017-11-01 02:59:28,3,39,2323.990983,59.589512,275897.445206,5779.222216,FALSE,NA,NA,NA,NA,NA,NA,TRUE
"7852","A69-9006-1742",7852,"Noordzeekanaal","Noordzeekanaal","VR2W-114164",52.465232,4.633992,2017-11-01 02:59:38,2017-11-01 02:59:38,1,10,2323.990983,232.399098,278221.436189,3455.231233,TRUE,5779.222216,159,2017-11-01 03:07:44,2323.990983,486,4.78187445061728,TRUE
"7853","A69-9006-1742",7853,"Noordzeekanaal","Middensluis NZK","VR2W-132417",52.465373,4.601803,2017-11-01 03:07:44,2017-11-01 03:07:44,1,486,2323.990983,4.781874,280545.427172,5779.222216,FALSE,NA,NA,NA,NA,NA,NA,TRUE
"7854","A69-9006-1742",7854,"Noordzeekanaal","Noordzeekanaal","VR2W-114164",52.465232,4.633992,2017-11-01 03:12:09,2017-11-01 03:12:09,1,265,2323.990983,8.769777,282869.418155,3455.231233,TRUE,5779.222216,161,2017-11-01 03:12:49,2323.990983,40,58.099774575,TRUE
"7855","A69-9006-1742",7855,"Noordzeekanaal","Middensluis NZK","VR2W-132417",52.465373,4.601803,2017-11-01 03:12:49,2017-11-01 03:15:25,2,40,2323.990983,58.099775,285193.409138,5779.222216,FALSE,NA,NA,NA,NA,NA,NA,TRUE
"7856","A69-9006-1742",7856,"Noordzeekanaal","Noordzeekanaal","VR2W-114164",52.465232,4.633992,2017-11-01 03:16:36,2017-11-01 03:34:16,4,71,2323.990983,32.732267,287517.400121,3455.231233,TRUE,5062.150232,163,2017-11-01 03:45:30,1606.918999,1734,0.926712225490196,TRUE
"7857","A69-9006-1742",7857,"Noordzeekanaal","Grote sluis NZK","VR2W-114178",52.467488,4.613347,2017-11-01 03:45:30,2017-11-01 03:45:30,1,674,1606.918999,2.384153,289124.31912,5062.150232,FALSE,NA,NA,NA,NA,NA,NA,TRUE
"7858","A69-9006-1742",7858,"Noordzeekanaal","Noordzeekanaal","VR2W-114164",52.465232,4.633992,2017-11-01 03:47:17,2017-11-01 03:50:36,3,107,1606.918999,15.017935,290731.238119,3455.231233,TRUE,5062.150232,165,2017-11-01 03:50:46,1606.918999,209,7.6886076507177,TRUE
"7859","A69-9006-1742",7859,"Noordzeekanaal","Grote sluis NZK","VR2W-114178",52.467488,4.613347,2017-11-01 03:50:46,2017-11-01 03:51:38,2,10,1606.918999,160.6919,292338.157118,5062.150232,FALSE,NA,NA,NA,NA,NA,NA,TRUE
"7860","A69-9006-1742",7860,"Noordzeekanaal","Noordzeekanaal","VR2W-114164",52.465232,4.633992,2017-11-01 03:54:41,2017-11-01 03:54:41,1,183,1606.918999,8.780978,293945.076117,3455.231233,TRUE,5062.150232,167,2017-11-01 04:18:41,1606.918999,1440,1.11591597152778,TRUE
"7861","A69-9006-1742",7861,"Noordzeekanaal","Grote sluis NZK","VR2W-114178",52.467488,4.613347,2017-11-01 04:18:41,2017-11-01 04:18:41,1,1440,1606.918999,1.115916,295551.995116,5062.150232,NA,NA,NA,NA,NA,NA,NA,TRUE
"7862","A69-9006-1742",7862,"Noordzeekanaal","Middensluis NZK","VR2W-132417",52.465373,4.601803,2017-11-01 06:13:35,2017-11-01 06:13:35,1,6894,882.739291,0.128045,296434.734407,5779.222216,FALSE,NA,NA,NA,NA,NA,NA,TRUE
"7863","A69-9006-1742",7863,"Noordzeekanaal","Middensluis NZK","VR2W-132417",52.465373,4.601803,2017-11-01 16:48:01,2017-11-01 17:25:45,5,NA,NA,NA,296434.734407,5779.222216,FALSE,NA,NA,NA,NA,NA,NA,TRUE
"7864","A69-9006-1742",7864,"Noordzeekanaal","Noordzeekanaal","VR2W-114164",52.465232,4.633992,2017-11-01 18:39:24,2017-11-01 19:26:25,4,4419,2323.990983,0.525909,298758.72539,3455.231233,TRUE,5779.222216,171,2017-11-01 19:29:19,2323.990983,2995,0.775956922537563,TRUE
"7865","A69-9006-1742",7865,"Noordzeekanaal","Middensluis NZK","VR2W-132417",52.465373,4.601803,2017-11-01 19:29:19,2017-11-01 19:29:19,1,174,2323.990983,13.35627,301082.716373,5779.222216,FALSE,NA,NA,NA,NA,NA,NA,TRUE
"7866","A69-9006-1742",7866,"Noordzeekanaal","Noordzeekanaal","VR2W-114164",52.465232,4.633992,2017-11-01 19:48:56,2017-11-01 19:48:56,1,1177,2323.990983,1.974504,303406.707356,3455.231233,TRUE,5779.222216,173,2017-11-01 20:18:16,2323.990983,1760,1.32044942215909,TRUE
"7867","A69-9006-1742",7867,"Noordzeekanaal","Middensluis NZK","VR2W-132417",52.465373,4.601803,2017-11-01 20:18:16,2017-11-01 20:28:34,3,1760,2323.990983,1.320449,305730.698339,5779.222216,FALSE,NA,NA,NA,NA,NA,NA,TRUE
"7868","A69-9006-1742",7868,"Noordzeekanaal","Noordzeekanaal","VR2W-114164",52.465232,4.633992,2017-11-01 20:30:05,2017-11-01 20:30:05,1,91,2323.990983,25.538362,308054.689322,3455.231233,TRUE,5779.222216,175,2017-11-01 20:33:54,2323.990983,229,10.1484322401747,TRUE
"7869","A69-9006-1742",7869,"Noordzeekanaal","Middensluis NZK","VR2W-132417",52.465373,4.601803,2017-11-01 20:33:54,2017-11-01 20:35:30,3,229,2323.990983,10.148432,310378.680305,5779.222216,FALSE,NA,NA,NA,NA,NA,NA,TRUE
"7870","A69-9006-1742",7870,"Noordzeekanaal","Noordzeekanaal","VR2W-114164",52.465232,4.633992,2017-11-01 20:37:35,2017-11-01 20:37:35,1,125,2323.990983,18.591928,312702.671288,3455.231233,TRUE,5779.222216,177,2017-11-01 20:38:15,2323.990983,40,58.099774575,TRUE
"7871","A69-9006-1742",7871,"Noordzeekanaal","Middensluis NZK","VR2W-132417",52.465373,4.601803,2017-11-01 20:38:15,2017-11-01 20:38:15,1,40,2323.990983,58.099775,315026.662271,5779.222216,FALSE,NA,NA,NA,NA,NA,NA,TRUE
"7872","A69-9006-1742",7872,"Noordzeekanaal","Noordzeekanaal","VR2W-114164",52.465232,4.633992,2017-11-01 20:38:29,2017-11-01 20:38:29,1,14,2323.990983,165.999356,317350.653254,3455.231233,TRUE,5779.222216,179,2017-11-01 20:40:52,2323.990983,143,16.2516851958042,TRUE
"7873","A69-9006-1742",7873,"Noordzeekanaal","Middensluis NZK","VR2W-132417",52.465373,4.601803,2017-11-01 20:40:52,2017-11-01 21:12:07,3,143,2323.990983,16.251685,319674.644237,5779.222216,FALSE,NA,NA,NA,NA,NA,NA,TRUE
"7874","A69-9006-1742",7874,"Noordzeekanaal","Noordzeekanaal","VR2W-114164",52.465232,4.633992,2017-11-01 21:15:13,2017-11-01 21:56:38,15,186,2323.990983,12.494575,321998.63522,3455.231233,TRUE,5779.222216,181,2017-11-01 21:57:18,2323.990983,2525,0.920392468514852,TRUE
"7875","A69-9006-1742",7875,"Noordzeekanaal","Middensluis NZK","VR2W-132417",52.465373,4.601803,2017-11-01 21:57:18,2017-11-01 21:57:18,1,40,2323.990983,58.099775,324322.626203,5779.222216,FALSE,NA,NA,NA,NA,NA,NA,TRUE
"7876","A69-9006-1742",7876,"Noordzeekanaal","Noordzeekanaal","VR2W-114164",52.465232,4.633992,2017-11-01 22:01:03,2017-11-01 22:01:03,1,225,2323.990983,10.328849,326646.617186,3455.231233,FALSE,5062.150232,184,2017-11-01 23:48:21,1606.918999,6438,0.249599098943771,TRUE
"7877","A69-9006-1742",7877,"Noordzeekanaal","Noordzeekanaal","VR2W-114164",52.465232,4.633992,2017-11-01 23:15:49,2017-11-01 23:20:05,2,NA,NA,NA,326646.617186,3455.231233,TRUE,5062.150232,184,2017-11-01 23:48:21,1606.918999,1952,0.823216700307377,TRUE
"7878","A69-9006-1742",7878,"Noordzeekanaal","Grote sluis NZK","VR2W-114178",52.467488,4.613347,2017-11-01 23:48:21,2017-11-01 23:48:21,1,1696,1606.918999,0.947476,328253.536185,5062.150232,FALSE,NA,NA,NA,NA,NA,NA,TRUE
"7879","A69-9006-1742",7879,"Noordzeekanaal","Noordzeekanaal","VR2W-114164",52.465232,4.633992,2017-11-01 23:57:09,2017-11-02 01:04:56,4,528,1606.918999,3.043407,329860.455184,3455.231233,TRUE,5779.222216,186,2017-11-02 01:17:13,2323.990983,4804,0.483761653413822,TRUE
"7880","A69-9006-1742",7880,"Noordzeekanaal","Middensluis NZK","VR2W-132417",52.465373,4.601803,2017-11-02 01:17:13,2017-11-02 01:17:13,1,737,2323.990983,3.153312,332184.446167,5779.222216,FALSE,NA,NA,NA,NA,NA,NA,TRUE
"7881","A69-9006-1742",7881,"Noordzeekanaal","Noordzeekanaal","VR2W-114164",52.465232,4.633992,2017-11-02 01:18:20,2017-11-02 01:33:24,2,67,2323.990983,34.686433,334508.43715,3455.231233,TRUE,5779.222216,188,2017-11-02 02:13:11,2323.990983,3291,0.706165597994531,TRUE
"7882","A69-9006-1742",7882,"Noordzeekanaal","Middensluis NZK","VR2W-132417",52.465373,4.601803,2017-11-02 02:13:11,2017-11-02 02:13:11,1,2387,2323.990983,0.973603,336832.428133,5779.222216,FALSE,NA,NA,NA,NA,NA,NA,TRUE
"7883","A69-9006-1742",7883,"Noordzeekanaal","Middensluis NZK","VR2W-132417",52.465373,4.601803,2017-11-02 03:20:46,2017-11-02 04:02:07,6,NA,NA,NA,336832.428133,5779.222216,FALSE,NA,NA,NA,NA,NA,NA,TRUE
"7884","A69-9006-1742",7884,"Noordzeekanaal","Middensluis NZK","VR2W-132417",52.465373,4.601803,2017-11-02 06:01:45,2017-11-02 06:17:41,2,NA,NA,NA,336832.428133,5779.222216,FALSE,NA,NA,NA,NA,NA,NA,TRUE
"7885","A69-9006-1742",7885,"Noordzeekanaal","Noordzeekanaal","VR2W-114164",52.465232,4.633992,2017-11-02 17:08:51,2017-11-02 17:10:21,2,39070,2323.990983,0.059483,339156.419116,3455.231233,TRUE,5779.222216,192,2017-11-02 17:46:30,2323.990983,2259,1.02876980212483,TRUE
"7886","A69-9006-1742",7886,"Noordzeekanaal","Middensluis NZK","VR2W-132417",52.465373,4.601803,2017-11-02 17:46:30,2017-11-02 18:18:35,7,2169,2323.990983,1.071457,341480.410099,5779.222216,FALSE,NA,NA,NA,NA,NA,NA,TRUE
"7887","A69-9006-1742",7887,"Noordzeekanaal","Noordzeekanaal","VR2W-114164",52.465232,4.633992,2017-11-02 18:20:18,2017-11-02 18:20:18,1,103,2323.990983,22.563019,343804.401082,3455.231233,TRUE,5779.222216,194,2017-11-02 18:21:47,2323.990983,89,26.1122582359551,TRUE
"7888","A69-9006-1742",7888,"Noordzeekanaal","Middensluis NZK","VR2W-132417",52.465373,4.601803,2017-11-02 18:21:47,2017-11-02 18:21:47,1,89,2323.990983,26.112258,346128.392065,5779.222216,FALSE,NA,NA,NA,NA,NA,NA,TRUE
"7889","A69-9006-1742",7889,"Noordzeekanaal","Middensluis NZK","VR2W-132417",52.465373,4.601803,2017-11-02 19:22:24,2017-11-02 19:22:24,1,NA,NA,NA,346128.392065,5779.222216,FALSE,NA,NA,NA,NA,NA,NA,TRUE
"7890","A69-9006-1742",7890,"Noordzeekanaal","Noordzeekanaal","VR2W-114164",52.465232,4.633992,2017-11-02 19:26:47,2017-11-02 19:26:47,1,263,2323.990983,8.836468,348452.383048,3455.231233,TRUE,5779.222216,197,2017-11-02 20:05:55,2323.990983,2348,0.989774694633731,TRUE
"7891","A69-9006-1742",7891,"Noordzeekanaal","Middensluis NZK","VR2W-132417",52.465373,4.601803,2017-11-02 20:05:55,2017-11-02 20:05:55,1,2348,2323.990983,0.989775,350776.374031,5779.222216,FALSE,NA,NA,NA,NA,NA,NA,TRUE
"7892","A69-9006-1742",7892,"Noordzeekanaal","Noordzeekanaal","VR2W-114164",52.465232,4.633992,2017-11-02 21:17:25,2017-11-02 21:17:25,1,4290,2323.990983,0.541723,353100.365014,3455.231233,TRUE,5779.222216,199,2017-11-02 21:33:43,2323.990983,978,2.37626889877301,TRUE
"7893","A69-9006-1742",7893,"Noordzeekanaal","Middensluis NZK","VR2W-132417",52.465373,4.601803,2017-11-02 21:33:43,2017-11-02 22:08:50,6,978,2323.990983,2.376269,355424.355997,5779.222216,FALSE,NA,NA,NA,NA,NA,NA,TRUE
"7894","A69-9006-1742",7894,"Noordzeekanaal","Noordzeekanaal","VR2W-114164",52.465232,4.633992,2017-11-02 22:24:32,2017-11-02 22:35:33,4,942,2323.990983,2.467082,357748.34698,3455.231233,TRUE,5779.222216,201,2017-11-02 22:53:12,2323.990983,1720,1.35115754825581,TRUE
"7895","A69-9006-1742",7895,"Noordzeekanaal","Middensluis NZK","VR2W-132417",52.465373,4.601803,2017-11-02 22:53:12,2017-11-02 22:53:12,1,1059,2323.990983,2.194515,360072.337963,5779.222216,FALSE,NA,NA,NA,NA,NA,NA,TRUE
"7896","A69-9006-1742",7896,"Noordzeekanaal","Noordzeekanaal","VR2W-114164",52.465232,4.633992,2017-11-02 23:16:18,2017-11-02 23:18:34,4,1386,2323.990983,1.676761,362396.328946,3455.231233,TRUE,5779.222216,203,2017-11-02 23:24:05,2323.990983,467,4.97642608779443,TRUE
"7897","A69-9006-1742",7897,"Noordzeekanaal","Middensluis NZK","VR2W-132417",52.465373,4.601803,2017-11-02 23:24:05,2017-11-02 23:24:05,1,331,2323.990983,7.021121,364720.319929,5779.222216,FALSE,NA,NA,NA,NA,NA,NA,TRUE
"7898","A69-9006-1742",7898,"Noordzeekanaal","Noordzeekanaal","VR2W-114164",52.465232,4.633992,2017-11-02 23:25:33,2017-11-02 23:25:33,1,88,2323.990983,26.408988,367044.310912,3455.231233,TRUE,5779.222216,205,2017-11-02 23:27:04,2323.990983,91,25.5383624505495,TRUE
"7899","A69-9006-1742",7899,"Noordzeekanaal","Middensluis NZK","VR2W-132417",52.465373,4.601803,2017-11-02 23:27:04,2017-11-02 23:27:04,1,91,2323.990983,25.538362,369368.301895,5779.222216,FALSE,NA,NA,NA,NA,NA,NA,TRUE
"7900","A69-9006-1742",7900,"Noordzeekanaal","Noordzeekanaal","VR2W-114164",52.465232,4.633992,2017-11-02 23:30:18,2017-11-02 23:30:18,1,194,2323.990983,11.979335,371692.292878,3455.231233,TRUE,5779.222216,207,2017-11-02 23:34:58,2323.990983,280,8.29996779642857,TRUE
"7901","A69-9006-1742",7901,"Noordzeekanaal","Middensluis NZK","VR2W-132417",52.465373,4.601803,2017-11-02 23:34:58,2017-11-02 23:34:58,1,280,2323.990983,8.299968,374016.283861,5779.222216,FALSE,NA,NA,NA,NA,NA,NA,TRUE
"7902","A69-9006-1742",7902,"Noordzeekanaal","Noordzeekanaal","VR2W-114164",52.465232,4.633992,2017-11-02 23:36:31,2017-11-02 23:38:32,2,93,2323.990983,24.98915,376340.274844,3455.231233,TRUE,5779.222216,209,2017-11-02 23:39:13,2323.990983,162,14.3456233518519,TRUE
"7903","A69-9006-1742",7903,"Noordzeekanaal","Middensluis NZK","VR2W-132417",52.465373,4.601803,2017-11-02 23:39:13,2017-11-02 23:41:31,2,41,2323.990983,56.682707,378664.265827,5779.222216,FALSE,NA,NA,NA,NA,NA,NA,TRUE
"7904","A69-9006-1742",7904,"Noordzeekanaal","Noordzeekanaal","VR2W-114164",52.465232,4.633992,2017-11-02 23:42:25,2017-11-03 00:01:22,11,54,2323.990983,43.03687,380988.25681,3455.231233,TRUE,5779.222216,211,2017-11-03 00:02:03,2323.990983,1178,1.97282765959253,TRUE
"7905","A69-9006-1742",7905,"Noordzeekanaal","Middensluis NZK","VR2W-132417",52.465373,4.601803,2017-11-03 00:02:03,2017-11-03 00:02:03,1,41,2323.990983,56.682707,383312.247793,5779.222216,FALSE,NA,NA,NA,NA,NA,NA,TRUE
"7906","A69-9006-1742",7906,"Noordzeekanaal","Noordzeekanaal","VR2W-114164",52.465232,4.633992,2017-11-03 00:08:25,2017-11-03 00:09:11,2,382,2323.990983,6.083746,385636.238776,3455.231233,TRUE,5779.222216,213,2017-11-03 00:09:52,2323.990983,87,26.7125400344828,TRUE
"7907","A69-9006-1742",7907,"Noordzeekanaal","Middensluis NZK","VR2W-132417",52.465373,4.601803,2017-11-03 00:09:52,2017-11-03 00:11:46,2,41,2323.990983,56.682707,387960.229759,5779.222216,FALSE,NA,NA,NA,NA,NA,NA,TRUE
"7908","A69-9006-1742",7908,"Noordzeekanaal","Noordzeekanaal","VR2W-114164",52.465232,4.633992,2017-11-03 00:14:18,2017-11-03 00:14:18,1,152,2323.990983,15.289414,390284.220742,3455.231233,TRUE,5779.222216,215,2017-11-03 00:22:26,2323.990983,488,4.7622766045082,TRUE
"7909","A69-9006-1742",7909,"Noordzeekanaal","Middensluis NZK","VR2W-132417",52.465373,4.601803,2017-11-03 00:22:26,2017-11-03 00:36:19,2,488,2323.990983,4.762277,392608.211725,5779.222216,FALSE,NA,NA,NA,NA,NA,NA,TRUE
"7910","A69-9006-1742",7910,"Noordzeekanaal","Noordzeekanaal","VR2W-114164",52.465232,4.633992,2017-11-03 00:58:52,2017-11-03 01:38:33,11,1353,2323.990983,1.717658,394932.202708,3455.231233,TRUE,5779.222216,217,2017-11-03 01:51:55,2323.990983,3183,0.730125976437323,TRUE
"7911","A69-9006-1742",7911,"Noordzeekanaal","Middensluis NZK","VR2W-132417",52.465373,4.601803,2017-11-03 01:51:55,2017-11-03 02:54:35,6,802,2323.990983,2.897744,397256.193691,5779.222216,FALSE,NA,NA,NA,NA,NA,NA,TRUE
"7912","A69-9006-1742",7912,"Noordzeekanaal","Noordzeekanaal","VR2W-114164",52.465232,4.633992,2017-11-03 03:05:21,2017-11-03 03:05:21,1,646,2323.990983,3.597509,399580.184674,3455.231233,TRUE,5779.222216,219,2017-11-03 03:10:50,2323.990983,329,7.06380237993921,TRUE
"7913","A69-9006-1742",7913,"Noordzeekanaal","Middensluis NZK","VR2W-132417",52.465373,4.601803,2017-11-03 03:10:50,2017-11-03 03:10:50,1,329,2323.990983,7.063802,401904.175657,5779.222216,FALSE,NA,NA,NA,NA,NA,NA,TRUE
"7914","A69-9006-1742",7914,"Noordzeekanaal","Noordzeekanaal","VR2W-114164",52.465232,4.633992,2017-11-03 03:10:55,2017-11-03 03:46:18,2,5,2323.990983,464.798197,404228.16664,3455.231233,TRUE,5779.222216,221,2017-11-03 05:21:13,2323.990983,7818,0.297261573676132,TRUE
"7915","A69-9006-1742",7915,"Noordzeekanaal","Middensluis NZK","VR2W-132417",52.465373,4.601803,2017-11-03 05:21:13,2017-11-03 05:48:34,3,5695,2323.990983,0.408076,406552.157623,5779.222216,FALSE,NA,NA,NA,NA,NA,NA,TRUE
"7916","A69-9006-1742",7916,"Noordzeekanaal","Grote sluis NZK","VR2W-114178",52.467488,4.613347,2017-11-03 16:40:20,2017-11-03 17:00:49,9,39106,882.739291,0.022573,407434.896914,5062.150232,FALSE,NA,NA,NA,NA,NA,NA,TRUE
"7917","A69-9006-1742",7917,"Noordzeekanaal","Noordzeekanaal","VR2W-114164",52.465232,4.633992,2017-11-03 17:02:24,2017-11-03 17:06:31,6,95,1606.918999,16.914937,409041.815913,3455.231233,TRUE,5779.222216,224,2017-11-03 18:09:53,2323.990983,4049,0.573966654235614,TRUE
"7918","A69-9006-1742",7918,"Noordzeekanaal","Middensluis NZK","VR2W-132417",52.465373,4.601803,2017-11-03 18:09:53,2017-11-03 18:35:35,7,3802,2323.990983,0.611255,411365.806896,5779.222216,FALSE,NA,NA,NA,NA,NA,NA,TRUE
"7919","A69-9006-1742",7919,"Noordzeekanaal","Noordzeekanaal","VR2W-114164",52.465232,4.633992,2017-11-03 19:04:12,2017-11-03 19:55:33,4,1717,2323.990983,1.353518,413689.797879,3455.231233,TRUE,5779.222216,226,2017-11-03 20:00:05,2323.990983,3353,0.693107957948106,TRUE
"7920","A69-9006-1742",7920,"Noordzeekanaal","Middensluis NZK","VR2W-132417",52.465373,4.601803,2017-11-03 20:00:05,2017-11-03 20:00:05,1,272,2323.990983,8.544084,416013.788862,5779.222216,FALSE,NA,NA,NA,NA,NA,NA,TRUE
"7921","A69-9006-1742",7921,"Noordzeekanaal","Noordzeekanaal","VR2W-114164",52.465232,4.633992,2017-11-03 20:03:48,2017-11-03 20:06:15,4,223,2323.990983,10.421484,418337.779845,3455.231233,TRUE,5779.222216,228,2017-11-03 20:06:57,2323.990983,189,12.2962485873016,TRUE
"7922","A69-9006-1742",7922,"Noordzeekanaal","Middensluis NZK","VR2W-132417",52.465373,4.601803,2017-11-03 20:06:57,2017-11-03 20:06:57,1,42,2323.990983,55.333119,420661.770828,5779.222216,FALSE,NA,NA,NA,NA,NA,NA,TRUE
"7923","A69-9006-1742",7923,"Noordzeekanaal","Noordzeekanaal","VR2W-114164",52.465232,4.633992,2017-11-03 20:07:00,2017-11-03 20:07:00,1,3,2323.990983,774.663661,422985.761811,3455.231233,TRUE,5779.222216,230,2017-11-03 20:08:36,2323.990983,96,24.20823940625,TRUE
"7924","A69-9006-1742",7924,"Noordzeekanaal","Middensluis NZK","VR2W-132417",52.465373,4.601803,2017-11-03 20:08:36,2017-11-03 20:08:36,1,96,2323.990983,24.208239,425309.752794,5779.222216,FALSE,NA,NA,NA,NA,NA,NA,TRUE
"7925","A69-9006-1742",7925,"Noordzeekanaal","Noordzeekanaal","VR2W-114164",52.465232,4.633992,2017-11-03 20:08:47,2017-11-03 20:10:16,3,11,2323.990983,211.271908,427633.743777,3455.231233,TRUE,5779.222216,232,2017-11-03 20:10:58,2323.990983,131,17.7403891832061,TRUE
"7926","A69-9006-1742",7926,"Noordzeekanaal","Middensluis NZK","VR2W-132417",52.465373,4.601803,2017-11-03 20:10:58,2017-11-03 20:10:58,1,42,2323.990983,55.333119,429957.73476,5779.222216,FALSE,NA,NA,NA,NA,NA,NA,TRUE
"7927","A69-9006-1742",7927,"Noordzeekanaal","Noordzeekanaal","VR2W-114164",52.465232,4.633992,2017-11-03 20:11:05,2017-11-03 20:11:05,1,7,2323.990983,331.998712,432281.725743,3455.231233,TRUE,5779.222216,234,2017-11-03 20:11:46,2323.990983,41,56.682706902439,TRUE
"7928","A69-9006-1742",7928,"Noordzeekanaal","Middensluis NZK","VR2W-132417",52.465373,4.601803,2017-11-03 20:11:46,2017-11-03 20:16:48,4,41,2323.990983,56.682707,434605.716726,5779.222216,FALSE,NA,NA,NA,NA,NA,NA,TRUE
"7929","A69-9006-1742",7929,"Noordzeekanaal","Noordzeekanaal","VR2W-114164",52.465232,4.633992,2017-11-03 20:17:00,2017-11-03 20:17:00,1,12,2323.990983,193.665915,436929.707709,3455.231233,TRUE,5779.222216,236,2017-11-03 20:17:41,2323.990983,41,56.682706902439,TRUE
"7930","A69-9006-1742",7930,"Noordzeekanaal","Middensluis NZK","VR2W-132417",52.465373,4.601803,2017-11-03 20:17:41,2017-11-03 20:19:15,3,41,2323.990983,56.682707,439253.698692,5779.222216,FALSE,NA,NA,NA,NA,NA,NA,TRUE
"7931","A69-9006-1742",7931,"Noordzeekanaal","Noordzeekanaal","VR2W-114164",52.465232,4.633992,2017-11-03 20:19:26,2017-11-03 20:47:28,12,11,2323.990983,211.271908,441577.689675,3455.231233,TRUE,5779.222216,238,2017-11-03 20:48:09,2323.990983,1723,1.34880498142774,TRUE
"7932","A69-9006-1742",7932,"Noordzeekanaal","Middensluis NZK","VR2W-132417",52.465373,4.601803,2017-11-03 20:48:09,2017-11-03 20:48:09,1,41,2323.990983,56.682707,443901.680658,5779.222216,FALSE,NA,NA,NA,NA,NA,NA,TRUE
"7933","A69-9006-1742",7933,"Noordzeekanaal","Noordzeekanaal","VR2W-114164",52.465232,4.633992,2017-11-03 20:50:20,2017-11-03 20:50:20,1,131,2323.990983,17.740389,446225.671641,3455.231233,TRUE,5779.222216,240,2017-11-03 20:51:01,2323.990983,41,56.682706902439,TRUE
"7934","A69-9006-1742",7934,"Noordzeekanaal","Middensluis NZK","VR2W-132417",52.465373,4.601803,2017-11-03 20:51:01,2017-11-03 20:51:01,1,41,2323.990983,56.682707,448549.662624,5779.222216,FALSE,NA,NA,NA,NA,NA,NA,TRUE
"7935","A69-9006-1742",7935,"Noordzeekanaal","Noordzeekanaal","VR2W-114164",52.465232,4.633992,2017-11-03 21:01:22,2017-11-03 21:01:22,1,621,2323.990983,3.742337,450873.653607,3455.231233,TRUE,5779.222216,242,2017-11-03 21:15:38,2323.990983,856,2.71494273714953,TRUE
"7936","A69-9006-1742",7936,"Noordzeekanaal","Middensluis NZK","VR2W-132417",52.465373,4.601803,2017-11-03 21:15:38,2017-11-03 21:15:38,1,856,2323.990983,2.714943,453197.64459,5779.222216,FALSE,NA,NA,NA,NA,NA,NA,TRUE
"7937","A69-9006-1742",7937,"Noordzeekanaal","Middensluis NZK","VR2W-132417",52.465373,4.601803,2017-11-03 22:26:07,2017-11-03 22:26:07,1,NA,NA,NA,453197.64459,5779.222216,FALSE,NA,NA,NA,NA,NA,NA,TRUE
"7938","A69-9006-1742",7938,"Noordzeekanaal","Noordzeekanaal","VR2W-114164",52.465232,4.633992,2017-11-03 22:28:33,2017-11-03 22:28:33,1,146,2323.990983,15.917746,455521.635573,3455.231233,TRUE,5779.222216,245,2017-11-03 22:41:17,2323.990983,764,3.04187301439791,TRUE
"7939","A69-9006-1742",7939,"Noordzeekanaal","Middensluis NZK","VR2W-132417",52.465373,4.601803,2017-11-03 22:41:17,2017-11-03 22:41:17,1,764,2323.990983,3.041873,457845.626556,5779.222216,FALSE,NA,NA,NA,NA,NA,NA,TRUE
"7940","A69-9006-1742",7940,"Noordzeekanaal","Noordzeekanaal","VR2W-114164",52.465232,4.633992,2017-11-03 22:47:26,2017-11-03 22:47:26,1,369,2323.990983,6.298079,460169.617539,3455.231233,TRUE,5779.222216,247,2017-11-03 22:52:38,2323.990983,312,7.44868904807692,TRUE
"7941","A69-9006-1742",7941,"Noordzeekanaal","Middensluis NZK","VR2W-132417",52.465373,4.601803,2017-11-03 22:52:38,2017-11-03 23:07:09,6,312,2323.990983,7.448689,462493.608522,5779.222216,FALSE,NA,NA,NA,NA,NA,NA,TRUE
"7942","A69-9006-1742",7942,"Noordzeekanaal","Noordzeekanaal","VR2W-114164",52.465232,4.633992,2017-11-03 23:56:44,2017-11-04 00:48:52,4,2975,2323.990983,0.781173,464817.599505,3455.231233,TRUE,5779.222216,249,2017-11-04 01:48:03,2323.990983,6679,0.347954930827968,TRUE
"7943","A69-9006-1742",7943,"Noordzeekanaal","Middensluis NZK","VR2W-132417",52.465373,4.601803,2017-11-04 01:48:03,2017-11-04 02:04:52,2,3551,2323.990983,0.654461,467141.590488,5779.222216,FALSE,NA,NA,NA,NA,NA,NA,TRUE
"7944","A69-9006-1742",7944,"Noordzeekanaal","Noordzeekanaal","VR2W-114164",52.465232,4.633992,2017-11-04 02:07:14,2017-11-04 02:13:31,3,142,2323.990983,16.366134,469465.581471,3455.231233,TRUE,5779.222216,251,2017-11-04 02:14:57,2323.990983,463,5.01941896976242,TRUE
"7945","A69-9006-1742",7945,"Noordzeekanaal","Middensluis NZK","VR2W-132417",52.465373,4.601803,2017-11-04 02:14:57,2017-11-04 02:17:19,2,86,2323.990983,27.023151,471789.572454,5779.222216,FALSE,NA,NA,NA,NA,NA,NA,TRUE
"7946","A69-9006-1742",7946,"Noordzeekanaal","Noordzeekanaal","VR2W-114164",52.465232,4.633992,2017-11-04 02:17:25,2017-11-04 02:32:59,2,6,2323.990983,387.331831,474113.563437,3455.231233,TRUE,5779.222216,253,2017-11-04 03:26:35,2323.990983,4150,0.559997827228916,TRUE
"7947","A69-9006-1742",7947,"Noordzeekanaal","Middensluis NZK","VR2W-132417",52.465373,4.601803,2017-11-04 03:26:35,2017-11-04 03:26:35,1,3216,2323.990983,0.722634,476437.55442,5779.222216,FALSE,NA,NA,NA,NA,NA,NA,TRUE
"7948","A69-9006-1742",7948,"Noordzeekanaal","Noordzeekanaal","VR2W-114164",52.465232,4.633992,2017-11-04 04:32:18,2017-11-04 05:29:37,4,3943,2323.990983,0.589397,478761.545403,3455.231233,TRUE,5779.222216,255,2017-11-04 05:31:46,2323.990983,3568,0.651342764293722,TRUE
"7949","A69-9006-1742",7949,"Noordzeekanaal","Middensluis NZK","VR2W-132417",52.465373,4.601803,2017-11-04 05:31:46,2017-11-04 05:36:07,4,129,2323.990983,18.015434,481085.536386,5779.222216,FALSE,NA,NA,NA,NA,NA,NA,TRUE
"7950","A69-9006-1742",7950,"Noordzeekanaal","Noordzeekanaal","VR2W-114164",52.465232,4.633992,2017-11-04 05:36:16,2017-11-04 05:36:16,1,9,2323.990983,258.22122,483409.527369,3455.231233,TRUE,5779.222216,257,2017-11-04 05:36:58,2323.990983,42,55.3331186428571,TRUE
"7951","A69-9006-1742",7951,"Noordzeekanaal","Middensluis NZK","VR2W-132417",52.465373,4.601803,2017-11-04 05:36:58,2017-11-04 05:36:58,1,42,2323.990983,55.333119,485733.518352,5779.222216,FALSE,NA,NA,NA,NA,NA,NA,TRUE
"7952","A69-9006-1742",7952,"Noordzeekanaal","Noordzeekanaal","VR2W-114164",52.465232,4.633992,2017-11-04 05:37:02,2017-11-04 05:38:15,3,4,2323.990983,580.997746,488057.509335,3455.231233,TRUE,5779.222216,259,2017-11-04 05:38:20,2323.990983,78,29.7947561923077,TRUE
"7953","A69-9006-1742",7953,"Noordzeekanaal","Middensluis NZK","VR2W-132417",52.465373,4.601803,2017-11-04 05:38:20,2017-11-04 05:38:20,1,5,2323.990983,464.798197,490381.500318,5779.222216,FALSE,NA,NA,NA,NA,NA,NA,TRUE
"7954","A69-9006-1742",7954,"Noordzeekanaal","Noordzeekanaal","VR2W-114164",52.465232,4.633992,2017-11-04 05:38:53,2017-11-04 05:38:53,1,33,2323.990983,70.423969,492705.491301,3455.231233,TRUE,5779.222216,261,2017-11-04 05:38:57,2323.990983,4,580.99774575,TRUE
"7955","A69-9006-1742",7955,"Noordzeekanaal","Middensluis NZK","VR2W-132417",52.465373,4.601803,2017-11-04 05:38:57,2017-11-04 05:38:57,1,4,2323.990983,580.997746,495029.482284,5779.222216,FALSE,NA,NA,NA,NA,NA,NA,TRUE
"7956","A69-9006-1742",7956,"Noordzeekanaal","Noordzeekanaal","VR2W-114164",52.465232,4.633992,2017-11-04 05:39:35,2017-11-04 05:39:35,1,38,2323.990983,61.157657,497353.473267,3455.231233,TRUE,5779.222216,263,2017-11-04 05:40:17,2323.990983,42,55.3331186428571,TRUE
"7957","A69-9006-1742",7957,"Noordzeekanaal","Middensluis NZK","VR2W-132417",52.465373,4.601803,2017-11-04 05:40:17,2017-11-04 05:43:51,6,42,2323.990983,55.333119,499677.46425,5779.222216,FALSE,NA,NA,NA,NA,NA,NA,TRUE
"7958","A69-9006-1742",7958,"Noordzeekanaal","Noordzeekanaal","VR2W-114164",52.465232,4.633992,2017-11-04 05:43:52,2017-11-04 05:46:23,3,1,2323.990983,2323.990983,502001.455233,3455.231233,TRUE,5779.222216,265,2017-11-04 05:47:59,2323.990983,247,9.40887037651822,TRUE
"7959","A69-9006-1742",7959,"Noordzeekanaal","Middensluis NZK","VR2W-132417",52.465373,4.601803,2017-11-04 05:47:59,2017-11-04 05:47:59,1,96,2323.990983,24.208239,504325.446216,5779.222216,FALSE,NA,NA,NA,NA,NA,NA,TRUE
"7960","A69-9006-1742",7960,"Noordzeekanaal","Noordzeekanaal","VR2W-114164",52.465232,4.633992,2017-11-04 05:48:11,2017-11-04 05:50:34,3,12,2323.990983,193.665915,506649.437199,3455.231233,TRUE,5779.222216,267,2017-11-04 05:51:16,2323.990983,185,12.5621134216216,TRUE
"7961","A69-9006-1742",7961,"Noordzeekanaal","Middensluis NZK","VR2W-132417",52.465373,4.601803,2017-11-04 05:51:16,2017-11-04 05:51:16,1,42,2323.990983,55.333119,508973.428182,5779.222216,FALSE,NA,NA,NA,NA,NA,NA,TRUE
"7962","A69-9006-1742",7962,"Noordzeekanaal","Noordzeekanaal","VR2W-114164",52.465232,4.633992,2017-11-04 05:52:03,2017-11-04 06:06:56,14,47,2323.990983,49.446617,511297.419165,3455.231233,TRUE,5779.222216,269,2017-11-04 06:09:49,2323.990983,1066,2.18010411163227,TRUE
"7963","A69-9006-1742",7963,"Noordzeekanaal","Middensluis NZK","VR2W-132417",52.465373,4.601803,2017-11-04 06:09:49,2017-11-04 06:09:49,1,173,2323.990983,13.433474,513621.410148,5779.222216,FALSE,NA,NA,NA,NA,NA,NA,TRUE
"7964","A69-9006-1742",7964,"Noordzeekanaal","Noordzeekanaal","VR2W-114164",52.465232,4.633992,2017-11-04 06:09:58,2017-11-04 06:09:58,1,9,2323.990983,258.22122,515945.401131,3455.231233,TRUE,5779.222216,271,2017-11-04 06:12:03,2323.990983,125,18.591927864,TRUE
"7965","A69-9006-1742",7965,"Noordzeekanaal","Middensluis NZK","VR2W-132417",52.465373,4.601803,2017-11-04 06:12:03,2017-11-04 06:13:24,2,125,2323.990983,18.591928,518269.392114,5779.222216,FALSE,NA,NA,NA,NA,NA,NA,TRUE
"7966","A69-9006-1742",7966,"Noordzeekanaal","Noordzeekanaal","VR2W-114164",52.465232,4.633992,2017-11-04 06:13:32,2017-11-04 06:13:32,1,8,2323.990983,290.498873,520593.383097,3455.231233,TRUE,5779.222216,273,2017-11-04 06:14:14,2323.990983,42,55.3331186428571,TRUE
"7967","A69-9006-1742",7967,"Noordzeekanaal","Middensluis NZK","VR2W-132417",52.465373,4.601803,2017-11-04 06:14:14,2017-11-04 06:14:14,1,42,2323.990983,55.333119,522917.37408,5779.222216,FALSE,NA,NA,NA,NA,NA,NA,TRUE
"7968","A69-9006-1742",7968,"Noordzeekanaal","Noordzeekanaal","VR2W-114164",52.465232,4.633992,2017-11-04 06:14:15,2017-11-04 06:19:00,4,1,2323.990983,2323.990983,525241.365063,3455.231233,TRUE,5779.222216,275,2017-11-04 06:21:58,2323.990983,463,5.01941896976242,TRUE
"7969","A69-9006-1742",7969,"Noordzeekanaal","Middensluis NZK","VR2W-132417",52.465373,4.601803,2017-11-04 06:21:58,2017-11-04 06:25:02,3,178,2323.990983,13.056129,527565.356046,5779.222216,FALSE,NA,NA,NA,NA,NA,NA,TRUE
"7970","A69-9006-1742",7970,"Noordzeekanaal","Grote sluis NZK","VR2W-114178",52.467488,4.613347,2017-11-04 15:59:50,2017-11-04 16:05:45,2,34488,882.739291,0.025596,528448.095337,5062.150232,FALSE,NA,NA,NA,NA,NA,NA,TRUE
"7971","A69-9006-1742",7971,"Noordzeekanaal","Noordzeekanaal","VR2W-114164",52.465232,4.633992,2017-11-04 16:50:57,2017-11-04 17:54:13,23,2712,1606.918999,0.592522,530055.014336,3455.231233,TRUE,5779.222216,278,2017-11-04 21:58:24,2323.990983,18447,0.125982055781428,TRUE
"7972","A69-9006-1742",7972,"Noordzeekanaal","Middensluis NZK","VR2W-132417",52.465373,4.601803,2017-11-04 21:58:24,2017-11-04 21:58:24,1,14651,2323.990983,0.158623,532379.005319,5779.222216,FALSE,NA,NA,NA,NA,NA,NA,TRUE
"7973","A69-9006-1742",7973,"Noordzeekanaal","Noordzeekanaal","VR2W-114164",52.465232,4.633992,2017-11-04 22:04:08,2017-11-04 22:04:08,1,344,2323.990983,6.755788,534702.996302,3455.231233,TRUE,5779.222216,280,2017-11-05 01:54:46,2323.990983,13838,0.167942692802428,TRUE
"7974","A69-9006-1742",7974,"Noordzeekanaal","Middensluis NZK","VR2W-132417",52.465373,4.601803,2017-11-05 01:54:46,2017-11-05 01:56:03,2,13838,2323.990983,0.167943,537026.987285,5779.222216,FALSE,NA,NA,NA,NA,NA,NA,TRUE
"7975","A69-9006-1742",7975,"Noordzeekanaal","Grote sluis NZK","VR2W-114178",52.467488,4.613347,2017-11-05 13:34:18,2017-11-05 13:37:51,3,41895,882.739291,0.02107,537909.726576,5062.150232,NA,NA,NA,NA,NA,NA,NA,TRUE
"7976","A69-9006-1742",7976,"Noordzeekanaal","Middensluis NZK","VR2W-132417",52.465373,4.601803,2017-11-05 16:28:03,2017-11-05 16:28:03,1,10212,882.739291,0.086441,538792.465867,5779.222216,FALSE,NA,NA,NA,NA,NA,NA,TRUE
"7977","A69-9006-1742",7977,"Noordzeekanaal","Noordzeekanaal","VR2W-114164",52.465232,4.633992,2017-11-05 18:12:54,2017-11-05 18:12:54,1,6291,2323.990983,0.369415,541116.45685,3455.231233,TRUE,5779.222216,284,2017-11-05 19:08:27,2323.990983,3333,0.69726702160216,TRUE
"7978","A69-9006-1742",7978,"Noordzeekanaal","Middensluis NZK","VR2W-132417",52.465373,4.601803,2017-11-05 19:08:27,2017-11-05 19:08:27,1,3333,2323.990983,0.697267,543440.447833,5779.222216,FALSE,NA,NA,NA,NA,NA,NA,TRUE
"7979","A69-9006-1742",7979,"Noordzeekanaal","Grote sluis NZK","VR2W-114178",52.467488,4.613347,2017-11-05 20:17:37,2017-11-05 21:21:38,13,4150,882.739291,0.212708,544323.187124,5062.150232,FALSE,NA,NA,NA,NA,NA,NA,TRUE
"7980","A69-9006-1742",7980,"Noordzeekanaal","Noordzeekanaal","VR2W-114165",52.462798,4.633995,2017-11-05 21:23:40,2017-11-05 21:23:40,1,122,1606.918999,13.171467,545930.106123,3455.231233,TRUE,5779.222216,287,2017-11-05 21:25:08,2323.990983,88,26.4089884431818,TRUE
"7981","A69-9006-1742",7981,"Noordzeekanaal","Middensluis NZK","VR2W-132417",52.465373,4.601803,2017-11-05 21:25:08,2017-11-05 22:18:12,3,88,2323.990983,26.408988,548254.097106,5779.222216,FALSE,NA,NA,NA,NA,NA,NA,TRUE
"7982","A69-9006-1742",7982,"Noordzeekanaal","Noordzeekanaal","VR2W-114164",52.465232,4.633992,2017-11-05 22:18:18,2017-11-05 22:18:18,1,6,2323.990983,387.331831,550578.088089,3455.231233,TRUE,5779.222216,289,2017-11-05 22:20:40,2323.990983,142,16.3661336830986,TRUE
"7983","A69-9006-1742",7983,"Noordzeekanaal","Middensluis NZK","VR2W-132417",52.465373,4.601803,2017-11-05 22:20:40,2017-11-05 22:24:28,3,142,2323.990983,16.366134,552902.079072,5779.222216,FALSE,NA,NA,NA,NA,NA,NA,TRUE
"7984","A69-9006-1742",7984,"Noordzeekanaal","Middensluis NZK","VR2W-132417",52.465373,4.601803,2017-11-05 23:38:59,2017-11-05 23:38:59,1,NA,NA,NA,552902.079072,5779.222216,FALSE,NA,NA,NA,NA,NA,NA,TRUE
"7985","A69-9006-1742",7985,"Noordzeekanaal","Middensluis NZK","VR2W-132417",52.465373,4.601803,2017-11-06 17:41:11,2017-11-06 17:44:51,2,NA,NA,NA,552902.079072,5779.222216,FALSE,NA,NA,NA,NA,NA,NA,TRUE
"7986","A69-9006-1742",7986,"Noordzeekanaal","Noordzeekanaal","VR2W-114164",52.465232,4.633992,2017-11-06 17:46:27,2017-11-06 17:47:10,2,96,2323.990983,24.208239,555226.070055,3455.231233,TRUE,5779.222216,293,2017-11-06 17:47:11,2323.990983,44,52.8179768863636,TRUE
"7987","A69-9006-1742",7987,"Noordzeekanaal","Middensluis NZK","VR2W-132417",52.465373,4.601803,2017-11-06 17:47:11,2017-11-06 17:47:54,2,1,2323.990983,2323.990983,557550.061038,5779.222216,FALSE,NA,NA,NA,NA,NA,NA,TRUE
"7988","A69-9006-1742",7988,"Noordzeekanaal","Noordzeekanaal","VR2W-114164",52.465232,4.633992,2017-11-06 17:48:02,2017-11-06 17:48:02,1,8,2323.990983,290.498873,559874.052021,3455.231233,TRUE,5779.222216,295,2017-11-06 17:48:46,2323.990983,44,52.8179768863636,TRUE
"7989","A69-9006-1742",7989,"Noordzeekanaal","Middensluis NZK","VR2W-132417",52.465373,4.601803,2017-11-06 17:48:46,2017-11-06 17:52:15,7,44,2323.990983,52.817977,562198.043004,5779.222216,FALSE,NA,NA,NA,NA,NA,NA,TRUE
"7990","A69-9006-1742",7990,"Noordzeekanaal","Noordzeekanaal","VR2W-114164",52.465232,4.633992,2017-11-06 17:55:46,2017-11-06 17:56:26,2,211,2323.990983,11.014175,564522.033987,3455.231233,TRUE,5779.222216,297,2017-11-06 17:56:30,2323.990983,44,52.8179768863636,TRUE
"7991","A69-9006-1742",7991,"Noordzeekanaal","Middensluis NZK","VR2W-132417",52.465373,4.601803,2017-11-06 17:56:30,2017-11-06 17:56:30,1,4,2323.990983,580.997746,566846.02497,5779.222216,FALSE,NA,NA,NA,NA,NA,NA,TRUE
"7992","A69-9006-1742",7992,"Noordzeekanaal","Noordzeekanaal","VR2W-114164",52.465232,4.633992,2017-11-06 17:57:10,2017-11-06 17:58:02,2,40,2323.990983,58.099775,569170.015953,3455.231233,TRUE,5779.222216,299,2017-11-06 18:02:41,2323.990983,331,7.02112079456193,TRUE
"7993","A69-9006-1742",7993,"Noordzeekanaal","Middensluis NZK","VR2W-132417",52.465373,4.601803,2017-11-06 18:02:41,2017-11-06 18:06:30,5,279,2323.990983,8.329717,571494.006936,5779.222216,FALSE,NA,NA,NA,NA,NA,NA,TRUE
"7994","A69-9006-1742",7994,"Noordzeekanaal","Noordzeekanaal","VR2W-114164",52.465232,4.633992,2017-11-06 18:06:41,2017-11-06 18:06:41,1,11,2323.990983,211.271908,573817.997919,3455.231233,TRUE,5779.222216,301,2017-11-06 18:07:25,2323.990983,44,52.8179768863636,TRUE
"7995","A69-9006-1742",7995,"Noordzeekanaal","Middensluis NZK","VR2W-132417",52.465373,4.601803,2017-11-06 18:07:25,2017-11-06 18:07:25,1,44,2323.990983,52.817977,576141.988902,5779.222216,FALSE,NA,NA,NA,NA,NA,NA,TRUE
"7996","A69-9006-1742",7996,"Noordzeekanaal","Noordzeekanaal","VR2W-114164",52.465232,4.633992,2017-11-06 18:07:35,2017-11-06 18:07:35,1,10,2323.990983,232.399098,578465.979885,3455.231233,TRUE,5779.222216,303,2017-11-06 18:08:19,2323.990983,44,52.8179768863636,TRUE
"7997","A69-9006-1742",7997,"Noordzeekanaal","Middensluis NZK","VR2W-132417",52.465373,4.601803,2017-11-06 18:08:19,2017-11-06 18:08:19,1,44,2323.990983,52.817977,580789.970868,5779.222216,FALSE,NA,NA,NA,NA,NA,NA,TRUE
"7998","A69-9006-1742",7998,"Noordzeekanaal","Noordzeekanaal","VR2W-114164",52.465232,4.633992,2017-11-06 18:10:03,2017-11-06 18:10:03,1,104,2323.990983,22.346067,583113.961851,3455.231233,TRUE,5779.222216,305,2017-11-06 18:11:39,2323.990983,96,24.20823940625,TRUE
"7999","A69-9006-1742",7999,"Noordzeekanaal","Middensluis NZK","VR2W-132417",52.465373,4.601803,2017-11-06 18:11:39,2017-11-06 18:11:39,1,96,2323.990983,24.208239,585437.952834,5779.222216,FALSE,NA,NA,NA,NA,NA,NA,TRUE
"8000","A69-9006-1742",8000,"Noordzeekanaal","Noordzeekanaal","VR2W-114164",52.465232,4.633992,2017-11-06 18:11:44,2017-11-06 18:11:44,1,5,2323.990983,464.798197,587761.943817,3455.231233,TRUE,5779.222216,307,2017-11-06 18:18:37,2323.990983,413,5.62709681113802,TRUE
"8001","A69-9006-1742",8001,"Noordzeekanaal","Middensluis NZK","VR2W-132417",52.465373,4.601803,2017-11-06 18:18:37,2017-11-06 18:28:30,5,413,2323.990983,5.627097,590085.9348,5779.222216,FALSE,NA,NA,NA,NA,NA,NA,TRUE
"8002","A69-9006-1742",8002,"Noordzeekanaal","Noordzeekanaal","VR2W-114164",52.465232,4.633992,2017-11-06 18:37:02,2017-11-06 18:40:42,2,512,2323.990983,4.539045,592409.925783,3455.231233,TRUE,5779.222216,309,2017-11-06 18:48:33,2323.990983,691,3.36322862952243,TRUE
"8003","A69-9006-1742",8003,"Noordzeekanaal","Middensluis NZK","VR2W-132417",52.465373,4.601803,2017-11-06 18:48:33,2017-11-06 19:13:30,13,471,2323.990983,4.934163,594733.916766,5779.222216,FALSE,NA,NA,NA,NA,NA,NA,TRUE
"8004","A69-9006-1742",8004,"Noordzeekanaal","Noordzeekanaal","VR2W-114164",52.465232,4.633992,2017-11-06 19:14:15,2017-11-06 19:14:15,1,45,2323.990983,51.644244,597057.907749,3455.231233,TRUE,5779.222216,311,2017-11-06 19:14:59,2323.990983,44,52.8179768863636,TRUE
"8005","A69-9006-1742",8005,"Noordzeekanaal","Middensluis NZK","VR2W-132417",52.465373,4.601803,2017-11-06 19:14:59,2017-11-06 19:18:01,4,44,2323.990983,52.817977,599381.898732,5779.222216,FALSE,NA,NA,NA,NA,NA,NA,TRUE
"8006","A69-9006-1742",8006,"Noordzeekanaal","Noordzeekanaal","VR2W-114164",52.465232,4.633992,2017-11-06 19:18:35,2017-11-06 19:18:35,1,34,2323.990983,68.352676,601705.889715,3455.231233,TRUE,5779.222216,313,2017-11-06 19:18:39,2323.990983,4,580.99774575,TRUE
"8007","A69-9006-1742",8007,"Noordzeekanaal","Middensluis NZK","VR2W-132417",52.465373,4.601803,2017-11-06 19:18:39,2017-11-06 20:19:09,13,4,2323.990983,580.997746,604029.880698,5779.222216,FALSE,NA,NA,NA,NA,NA,NA,TRUE
"8008","A69-9006-1742",8008,"Noordzeekanaal","Noordzeekanaal","VR2W-114164",52.465232,4.633992,2017-11-06 20:19:50,2017-11-06 20:19:50,1,41,2323.990983,56.682707,606353.871681,3455.231233,TRUE,5062.150232,315,2017-11-06 20:20:29,1606.918999,39,41.2030512564103,TRUE
"8009","A69-9006-1742",8009,"Noordzeekanaal","Grote sluis NZK","VR2W-114178",52.467488,4.613347,2017-11-06 20:20:29,2017-11-06 20:23:18,4,39,1606.918999,41.203051,607960.79068,5062.150232,FALSE,NA,NA,NA,NA,NA,NA,TRUE
"8010","A69-9006-1742",8010,"Noordzeekanaal","Noordzeekanaal","VR2W-114164",52.465232,4.633992,2017-11-06 20:24:30,2017-11-06 20:24:30,1,72,1606.918999,22.318319,609567.709679,3455.231233,TRUE,5779.222216,317,2017-11-06 20:26:01,2323.990983,91,25.5383624505495,TRUE
"8011","A69-9006-1742",8011,"Noordzeekanaal","Middensluis NZK","VR2W-132417",52.465373,4.601803,2017-11-06 20:26:01,2017-11-06 20:43:54,17,91,2323.990983,25.538362,611891.700662,5779.222216,FALSE,NA,NA,NA,NA,NA,NA,TRUE
"8012","A69-9006-1742",8012,"Noordzeekanaal","Noordzeekanaal","VR2W-114164",52.465232,4.633992,2017-11-06 20:45:06,2017-11-06 20:49:40,2,72,2323.990983,32.277653,614215.691645,3455.231233,TRUE,5062.150232,319,2017-11-06 20:55:29,1606.918999,623,2.57932423595506,TRUE
"8013","A69-9006-1742",8013,"Noordzeekanaal","Grote sluis NZK","VR2W-114178",52.467488,4.613347,2017-11-06 20:55:29,2017-11-06 21:23:47,16,349,1606.918999,4.604352,615822.610644,5062.150232,FALSE,NA,NA,NA,NA,NA,NA,TRUE
"8014","A69-9006-1742",8014,"Noordzeekanaal","Noordzeekanaal","VR2W-114164",52.465232,4.633992,2017-11-06 21:46:58,2017-11-06 21:46:58,1,1391,1606.918999,1.155226,617429.529643,3455.231233,TRUE,5779.222216,321,2017-11-06 21:55:10,2323.990983,492,4.72355890853659,TRUE
"8015","A69-9006-1742",8015,"Noordzeekanaal","Middensluis NZK","VR2W-132417",52.465373,4.601803,2017-11-06 21:55:10,2017-11-06 21:59:16,2,492,2323.990983,4.723559,619753.520626,5779.222216,FALSE,NA,NA,NA,NA,NA,NA,TRUE
"8016","A69-9006-1742",8016,"Noordzeekanaal","Noordzeekanaal","VR2W-114164",52.465232,4.633992,2017-11-06 22:00:14,2017-11-06 22:00:14,1,58,2323.990983,40.06881,622077.511609,3455.231233,TRUE,5779.222216,323,2017-11-06 22:02:34,2323.990983,140,16.5999355928571,TRUE
"8017","A69-9006-1742",8017,"Noordzeekanaal","Middensluis NZK","VR2W-132417",52.465373,4.601803,2017-11-06 22:02:34,2017-11-06 22:02:34,1,140,2323.990983,16.599936,624401.502592,5779.222216,FALSE,NA,NA,NA,NA,NA,NA,TRUE
"8018","A69-9006-1742",8018,"Noordzeekanaal","Noordzeekanaal","VR2W-114164",52.465232,4.633992,2017-11-06 22:04:12,2017-11-06 22:04:12,1,98,2323.990983,23.714194,626725.493575,3455.231233,TRUE,5779.222216,325,2017-11-06 22:05:41,2323.990983,89,26.1122582359551,TRUE
"8019","A69-9006-1742",8019,"Noordzeekanaal","Middensluis NZK","VR2W-132417",52.465373,4.601803,2017-11-06 22:05:41,2017-11-06 22:05:41,1,89,2323.990983,26.112258,629049.484558,5779.222216,FALSE,NA,NA,NA,NA,NA,NA,TRUE
"8020","A69-9006-1742",8020,"Noordzeekanaal","Noordzeekanaal","VR2W-114164",52.465232,4.633992,2017-11-06 22:05:51,2017-11-06 22:05:51,1,10,2323.990983,232.399098,631373.475541,3455.231233,TRUE,5779.222216,327,2017-11-06 22:06:35,2323.990983,44,52.8179768863636,TRUE
"8021","A69-9006-1742",8021,"Noordzeekanaal","Middensluis NZK","VR2W-132417",52.465373,4.601803,2017-11-06 22:06:35,2017-11-06 22:06:35,1,44,2323.990983,52.817977,633697.466524,5779.222216,FALSE,NA,NA,NA,NA,NA,NA,TRUE
"8022","A69-9006-1742",8022,"Noordzeekanaal","Noordzeekanaal","VR2W-114164",52.465232,4.633992,2017-11-06 22:06:43,2017-11-06 22:06:43,1,8,2323.990983,290.498873,636021.457507,3455.231233,TRUE,5062.150232,329,2017-11-06 22:07:01,1606.918999,18,89.2732777222222,TRUE
"8023","A69-9006-1742",8023,"Noordzeekanaal","Grote sluis NZK","VR2W-114178",52.467488,4.613347,2017-11-06 22:07:01,2017-11-06 22:07:28,2,18,1606.918999,89.273278,637628.376506,5062.150232,FALSE,NA,NA,NA,NA,NA,NA,TRUE
"8024","A69-9006-1742",8024,"Noordzeekanaal","Noordzeekanaal","VR2W-114164",52.465232,4.633992,2017-11-06 22:07:32,2017-11-06 22:09:47,3,4,1606.918999,401.72975,639235.295505,3455.231233,TRUE,5779.222216,331,2017-11-06 22:10:32,2323.990983,180,12.9110610166667,TRUE
"8025","A69-9006-1742",8025,"Noordzeekanaal","Middensluis NZK","VR2W-132417",52.465373,4.601803,2017-11-06 22:10:32,2017-11-06 22:10:32,1,45,2323.990983,51.644244,641559.286488,5779.222216,FALSE,NA,NA,NA,NA,NA,NA,TRUE
"8026","A69-9006-1742",8026,"Noordzeekanaal","Noordzeekanaal","VR2W-114164",52.465232,4.633992,2017-11-06 22:12:01,2017-11-06 22:12:38,2,89,2323.990983,26.112258,643883.277471,3455.231233,TRUE,5779.222216,333,2017-11-06 22:12:45,2323.990983,44,52.8179768863636,TRUE
"8027","A69-9006-1742",8027,"Noordzeekanaal","Middensluis NZK","VR2W-132417",52.465373,4.601803,2017-11-06 22:12:45,2017-11-06 22:12:45,1,7,2323.990983,331.998712,646207.268454,5779.222216,FALSE,NA,NA,NA,NA,NA,NA,TRUE
"8028","A69-9006-1742",8028,"Noordzeekanaal","Noordzeekanaal","VR2W-114164",52.465232,4.633992,2017-11-06 22:13:16,2017-11-06 22:13:16,1,31,2323.990983,74.967451,648531.259437,3455.231233,TRUE,5062.150232,335,2017-11-06 22:13:28,1606.918999,12,133.909916583333,TRUE
"8029","A69-9006-1742",8029,"Noordzeekanaal","Grote sluis NZK","VR2W-114178",52.467488,4.613347,2017-11-06 22:13:28,2017-11-06 22:56:22,10,12,1606.918999,133.909917,650138.178436,5062.150232,FALSE,NA,NA,NA,NA,NA,NA,TRUE
"8030","A69-9006-1742",8030,"Noordzeekanaal","Noordzeekanaal","VR2W-114164",52.465232,4.633992,2017-11-06 22:57:19,2017-11-06 22:57:19,1,57,1606.918999,28.191561,651745.097435,3455.231233,TRUE,5062.150232,337,2017-11-06 22:57:42,1606.918999,23,69.8660434347826,TRUE
"8031","A69-9006-1742",8031,"Noordzeekanaal","Grote sluis NZK","VR2W-114178",52.467488,4.613347,2017-11-06 22:57:42,2017-11-06 22:57:42,1,23,1606.918999,69.866043,653352.016434,5062.150232,FALSE,NA,NA,NA,NA,NA,NA,TRUE
"8032","A69-9006-1742",8032,"Noordzeekanaal","Noordzeekanaal","VR2W-114164",52.465232,4.633992,2017-11-06 22:58:03,2017-11-06 22:58:03,1,21,1606.918999,76.519952,654958.935433,3455.231233,TRUE,5779.222216,339,2017-11-06 22:59:38,2323.990983,95,24.4630629789474,TRUE
"8033","A69-9006-1742",8033,"Noordzeekanaal","Middensluis NZK","VR2W-132417",52.465373,4.601803,2017-11-06 22:59:38,2017-11-06 23:08:28,8,95,2323.990983,24.463063,657282.926416,5779.222216,FALSE,NA,NA,NA,NA,NA,NA,TRUE
"8034","A69-9006-1742",8034,"Noordzeekanaal","Noordzeekanaal","VR2W-114164",52.465232,4.633992,2017-11-06 23:10:17,2017-11-06 23:10:57,2,109,2323.990983,21.321018,659606.917399,3455.231233,TRUE,5779.222216,341,2017-11-06 23:11:01,2323.990983,44,52.8179768863636,TRUE
"8035","A69-9006-1742",8035,"Noordzeekanaal","Middensluis NZK","VR2W-132417",52.465373,4.601803,2017-11-06 23:11:01,2017-11-06 23:11:01,1,4,2323.990983,580.997746,661930.908382,5779.222216,FALSE,NA,NA,NA,NA,NA,NA,TRUE
"8036","A69-9006-1742",8036,"Noordzeekanaal","Noordzeekanaal","VR2W-114164",52.465232,4.633992,2017-11-06 23:16:21,2017-11-06 23:17:01,2,320,2323.990983,7.262472,664254.899365,3455.231233,TRUE,5779.222216,343,2017-11-06 23:20:05,2323.990983,224,10.3749597455357,TRUE
"8037","A69-9006-1742",8037,"Noordzeekanaal","Middensluis NZK","VR2W-132417",52.465373,4.601803,2017-11-06 23:20:05,2017-11-06 23:20:05,1,184,2323.990983,12.630386,666578.890348,5779.222216,FALSE,NA,NA,NA,NA,NA,NA,TRUE
"8038","A69-9006-1742",8038,"Noordzeekanaal","Noordzeekanaal","VR2W-114164",52.465232,4.633992,2017-11-06 23:22:41,2017-11-06 23:22:41,1,156,2323.990983,14.897378,668902.881331,3455.231233,TRUE,5062.150232,345,2017-11-06 23:23:17,1606.918999,36,44.6366388611111,TRUE
"8039","A69-9006-1742",8039,"Noordzeekanaal","Grote sluis NZK","VR2W-114178",52.467488,4.613347,2017-11-06 23:23:17,2017-11-06 23:34:21,13,36,1606.918999,44.636639,670509.80033,5062.150232,FALSE,NA,NA,NA,NA,NA,NA,TRUE
"8040","A69-9006-1742",8040,"Noordzeekanaal","Noordzeekanaal","VR2W-114164",52.465232,4.633992,2017-11-06 23:36:23,2017-11-06 23:36:23,1,122,1606.918999,13.171467,672116.719329,3455.231233,TRUE,5062.150232,347,2017-11-06 23:36:49,1606.918999,26,61.8045768846154,TRUE
"8041","A69-9006-1742",8041,"Noordzeekanaal","Grote sluis NZK","VR2W-114178",52.467488,4.613347,2017-11-06 23:36:49,2017-11-06 23:39:59,3,26,1606.918999,61.804577,673723.638328,5062.150232,FALSE,NA,NA,NA,NA,NA,NA,TRUE
"8042","A69-9006-1742",8042,"Noordzeekanaal","Noordzeekanaal","VR2W-114164",52.465232,4.633992,2017-11-06 23:40:03,2017-11-06 23:40:03,1,4,1606.918999,401.72975,675330.557327,3455.231233,TRUE,5062.150232,349,2017-11-06 23:42:07,1606.918999,124,12.9590241854839,TRUE
"8043","A69-9006-1742",8043,"Noordzeekanaal","Grote sluis NZK","VR2W-114178",52.467488,4.613347,2017-11-06 23:42:07,2017-11-06 23:43:01,2,124,1606.918999,12.959024,676937.476326,5062.150232,FALSE,NA,NA,NA,NA,NA,NA,TRUE
"8044","A69-9006-1742",8044,"Noordzeekanaal","Noordzeekanaal","VR2W-114164",52.465232,4.633992,2017-11-06 23:43:03,2017-11-06 23:43:03,1,2,1606.918999,803.459499,678544.395325,3455.231233,TRUE,5779.222216,351,2017-11-06 23:44:27,2323.990983,84,27.6665593214286,TRUE
"8045","A69-9006-1742",8045,"Noordzeekanaal","Middensluis NZK","VR2W-132417",52.465373,4.601803,2017-11-06 23:44:27,2017-11-06 23:48:01,4,84,2323.990983,27.666559,680868.386308,5779.222216,FALSE,NA,NA,NA,NA,NA,NA,TRUE
"8046","A69-9006-1742",8046,"Noordzeekanaal","Noordzeekanaal","VR2W-114164",52.465232,4.633992,2017-11-06 23:48:40,2017-11-06 23:48:40,1,39,2323.990983,59.589512,683192.377291,3455.231233,TRUE,5779.222216,353,2017-11-06 23:51:36,2323.990983,176,13.2044942215909,TRUE
"8047","A69-9006-1742",8047,"Noordzeekanaal","Middensluis NZK","VR2W-132417",52.465373,4.601803,2017-11-06 23:51:36,2017-11-07 00:33:02,15,176,2323.990983,13.204494,685516.368274,5779.222216,FALSE,NA,NA,NA,NA,NA,NA,TRUE
"8048","A69-9006-1742",8048,"Noordzeekanaal","Noordzeekanaal","VR2W-114164",52.465232,4.633992,2017-11-07 00:34:50,2017-11-07 00:34:50,1,108,2323.990983,21.518435,687840.359257,3455.231233,TRUE,5062.150232,355,2017-11-07 00:35:16,1606.918999,26,61.8045768846154,TRUE
"8049","A69-9006-1742",8049,"Noordzeekanaal","Grote sluis NZK","VR2W-114178",52.467488,4.613347,2017-11-07 00:35:16,2017-11-07 01:05:25,7,26,1606.918999,61.804577,689447.278256,5062.150232,FALSE,NA,NA,NA,NA,NA,NA,TRUE
"8050","A69-9006-1742",8050,"Noordzeekanaal","Noordzeekanaal","VR2W-114164",52.465232,4.633992,2017-11-07 01:05:28,2017-11-07 01:05:28,1,3,1606.918999,535.639666,691054.197255,3455.231233,TRUE,5779.222216,357,2017-11-07 01:09:25,2323.990983,237,9.80586912658228,TRUE
"8051","A69-9006-1742",8051,"Noordzeekanaal","Middensluis NZK","VR2W-132417",52.465373,4.601803,2017-11-07 01:09:25,2017-11-07 01:09:52,2,237,2323.990983,9.805869,693378.188238,5779.222216,FALSE,NA,NA,NA,NA,NA,NA,TRUE
"8052","A69-9006-1742",8052,"Noordzeekanaal","Noordzeekanaal","VR2W-114164",52.465232,4.633992,2017-11-07 01:23:47,2017-11-07 01:24:59,3,835,2323.990983,2.783223,695702.179221,3455.231233,TRUE,5062.150232,359,2017-11-07 01:28:54,1606.918999,307,5.23426384039088,TRUE
"8053","A69-9006-1742",8053,"Noordzeekanaal","Grote sluis NZK","VR2W-114178",52.467488,4.613347,2017-11-07 01:28:54,2017-11-07 01:36:19,3,235,1606.918999,6.837953,697309.09822,5062.150232,FALSE,NA,NA,NA,NA,NA,NA,TRUE
"8054","A69-9006-1742",8054,"Noordzeekanaal","Noordzeekanaal","VR2W-114164",52.465232,4.633992,2017-11-07 01:36:32,2017-11-07 01:36:32,1,13,1606.918999,123.609154,698916.017219,3455.231233,TRUE,5062.150232,361,2017-11-07 01:37:11,1606.918999,39,41.2030512564103,TRUE
"8055","A69-9006-1742",8055,"Noordzeekanaal","Grote sluis NZK","VR2W-114178",52.467488,4.613347,2017-11-07 01:37:11,2017-11-07 01:37:17,2,39,1606.918999,41.203051,700522.936218,5062.150232,FALSE,NA,NA,NA,NA,NA,NA,TRUE
"8056","A69-9006-1742",8056,"Noordzeekanaal","Noordzeekanaal","VR2W-114164",52.465232,4.633992,2017-11-07 01:38:46,2017-11-07 01:38:46,1,89,1606.918999,18.05527,702129.855217,3455.231233,TRUE,5779.222216,363,2017-11-07 01:38:48,2323.990983,2,1161.9954915,TRUE
"8057","A69-9006-1742",8057,"Noordzeekanaal","Middensluis NZK","VR2W-132417",52.465373,4.601803,2017-11-07 01:38:48,2017-11-07 02:30:15,23,2,2323.990983,1161.995492,704453.8462,5779.222216,FALSE,NA,NA,NA,NA,NA,NA,TRUE
"8058","A69-9006-1742",8058,"Noordzeekanaal","Noordzeekanaal","VR2W-114164",52.465232,4.633992,2017-11-07 02:30:16,2017-11-07 02:30:16,1,1,2323.990983,2323.990983,706777.837183,3455.231233,TRUE,5779.222216,365,2017-11-07 02:34:10,2323.990983,234,9.9315853974359,TRUE
"8059","A69-9006-1742",8059,"Noordzeekanaal","Middensluis NZK","VR2W-132417",52.465373,4.601803,2017-11-07 02:34:10,2017-11-07 02:52:32,10,234,2323.990983,9.931585,709101.828166,5779.222216,FALSE,NA,NA,NA,NA,NA,NA,TRUE
"8060","A69-9006-1742",8060,"Noordzeekanaal","Grote sluis NZK","VR2W-114178",52.467488,4.613347,2017-11-07 04:05:05,2017-11-07 04:41:21,12,4353,882.739291,0.202789,709984.567457,5062.150232,FALSE,NA,NA,NA,NA,NA,NA,TRUE
"8061","A69-9006-1742",8061,"Noordzeekanaal","Noordzeekanaal","VR2W-114164",52.465232,4.633992,2017-11-07 04:44:14,2017-11-07 04:44:14,1,173,1606.918999,9.288549,711591.486456,3455.231233,TRUE,5779.222216,368,2017-11-07 04:44:59,2323.990983,45,51.6442440666667,TRUE
"8062","A69-9006-1742",8062,"Noordzeekanaal","Middensluis NZK","VR2W-132417",52.465373,4.601803,2017-11-07 04:44:59,2017-11-07 04:44:59,1,45,2323.990983,51.644244,713915.477439,5779.222216,FALSE,NA,NA,NA,NA,NA,NA,TRUE
"8063","A69-9006-1742",8063,"Noordzeekanaal","Noordzeekanaal","VR2W-114164",52.465232,4.633992,2017-11-07 04:46:43,2017-11-07 04:46:43,1,104,2323.990983,22.346067,716239.468422,3455.231233,TRUE,5779.222216,370,2017-11-07 04:49:45,2323.990983,182,12.7691812252747,TRUE
"8064","A69-9006-1742",8064,"Noordzeekanaal","Middensluis NZK","VR2W-132417",52.465373,4.601803,2017-11-07 04:49:45,2017-11-07 04:56:00,4,182,2323.990983,12.769181,718563.459405,5779.222216,FALSE,NA,NA,NA,NA,NA,NA,TRUE
"8065","A69-9006-1742",8065,"Noordzeekanaal","Noordzeekanaal","VR2W-114164",52.465232,4.633992,2017-11-07 05:00:01,2017-11-07 05:00:01,1,241,2323.990983,9.643116,720887.450388,3455.231233,TRUE,5779.222216,372,2017-11-07 05:00:45,2323.990983,44,52.8179768863636,TRUE
"8066","A69-9006-1742",8066,"Noordzeekanaal","Middensluis NZK","VR2W-132417",52.465373,4.601803,2017-11-07 05:00:45,2017-11-07 06:15:11,12,44,2323.990983,52.817977,723211.441371,5779.222216,FALSE,NA,NA,NA,NA,NA,NA,TRUE
"8067","A69-9006-1742",8067,"Noordzeekanaal","Noordzeekanaal","VR2W-114164",52.465232,4.633992,2017-11-10 17:39:48,2017-11-10 17:40:31,2,300277,2323.990983,0.007739,725535.432354,3455.231233,FALSE,5062.150232,376,2017-11-11 21:59:08,1606.918999,101960,0.0157602883385641,TRUE
"8068","A69-9006-1742",8068,"Noordzeekanaal","Noordzeekanaal","VR2W-114164",52.465232,4.633992,2017-11-11 01:28:41,2017-11-11 06:20:27,184,NA,NA,NA,725535.432354,3455.231233,FALSE,5062.150232,376,2017-11-11 21:59:08,1606.918999,73827,0.021766007002858,TRUE
"8069","A69-9006-1742",8069,"Noordzeekanaal","Noordzeekanaal","VR2W-114165",52.462798,4.633995,2017-11-11 17:07:44,2017-11-11 21:58:16,162,NA,NA,NA,725535.432354,3455.231233,TRUE,5062.150232,376,2017-11-11 21:59:08,1606.918999,17484,0.0919079729466941,TRUE
"8070","A69-9006-1742",8070,"Noordzeekanaal","Grote sluis NZK","VR2W-114178",52.467488,4.613347,2017-11-11 21:59:08,2017-11-11 21:59:08,1,52,1606.918999,30.902288,727142.351353,5062.150232,FALSE,NA,NA,NA,NA,NA,NA,TRUE
"8071","A69-9006-1742",8071,"Noordzeekanaal","Noordzeekanaal","VR2W-114165",52.462798,4.633995,2017-11-11 21:59:48,2017-11-11 22:02:50,3,40,1606.918999,40.172975,728749.270352,3455.231233,TRUE,5062.150232,378,2017-11-11 22:02:55,1606.918999,187,8.59314972727273,TRUE
"8072","A69-9006-1742",8072,"Noordzeekanaal","Grote sluis NZK","VR2W-114178",52.467488,4.613347,2017-11-11 22:02:55,2017-11-11 22:02:55,1,5,1606.918999,321.3838,730356.189351,5062.150232,FALSE,NA,NA,NA,NA,NA,NA,TRUE
"8073","A69-9006-1742",8073,"Noordzeekanaal","Noordzeekanaal","VR2W-114165",52.462798,4.633995,2017-11-11 22:03:34,2017-11-11 22:03:34,1,39,1606.918999,41.203051,731963.10835,3455.231233,TRUE,5062.150232,380,2017-11-11 22:03:47,1606.918999,13,123.609153769231,TRUE
"8074","A69-9006-1742",8074,"Noordzeekanaal","Grote sluis NZK","VR2W-114178",52.467488,4.613347,2017-11-11 22:03:47,2017-11-11 22:03:47,1,13,1606.918999,123.609154,733570.027349,5062.150232,FALSE,NA,NA,NA,NA,NA,NA,TRUE
"8075","A69-9006-1742",8075,"Noordzeekanaal","Noordzeekanaal","VR2W-114165",52.462798,4.633995,2017-11-11 22:04:24,2017-11-11 22:10:07,7,37,1606.918999,43.430243,735176.946348,3455.231233,TRUE,5062.150232,382,2017-11-11 22:10:09,1606.918999,345,4.65773622898551,TRUE
"8076","A69-9006-1742",8076,"Noordzeekanaal","Grote sluis NZK","VR2W-114178",52.467488,4.613347,2017-11-11 22:10:09,2017-11-11 22:13:15,2,2,1606.918999,803.459499,736783.865347,5062.150232,FALSE,NA,NA,NA,NA,NA,NA,TRUE
"8077","A69-9006-1742",8077,"Noordzeekanaal","Noordzeekanaal","VR2W-114165",52.462798,4.633995,2017-11-11 22:17:09,2017-11-11 22:17:09,1,234,1606.918999,6.867175,738390.784346,3455.231233,TRUE,5062.150232,384,2017-11-11 22:17:49,1606.918999,40,40.172974975,TRUE
"8078","A69-9006-1742",8078,"Noordzeekanaal","Grote sluis NZK","VR2W-114178",52.467488,4.613347,2017-11-11 22:17:49,2017-11-11 22:17:49,1,40,1606.918999,40.172975,739997.703345,5062.150232,FALSE,NA,NA,NA,NA,NA,NA,TRUE
"8079","A69-9006-1742",8079,"Noordzeekanaal","Noordzeekanaal","VR2W-114165",52.462798,4.633995,2017-11-11 22:18:50,2017-11-11 22:33:54,2,61,1606.918999,26.342934,741604.622344,3455.231233,TRUE,5627.770357,386,2017-11-12 00:45:30,2172.539124,8800,0.246879445909091,TRUE
"8080","A69-9006-1742",8080,"Noordzeekanaal","Spuisluis NZK","VR2W-114167",52.470646,4.607811,2017-11-12 00:45:30,2017-11-12 00:54:14,10,7896,2172.539123,0.275144,743777.161467,5627.770357,FALSE,NA,NA,NA,NA,NA,NA,TRUE
"8081","A69-9006-1742",8081,"Noordzeekanaal","Noordzeekanaal","VR2W-114165",52.462798,4.633995,2017-11-12 01:50:17,2017-11-12 01:51:06,2,3363,2172.539123,0.646012,745949.70059,3455.231233,TRUE,5062.150232,388,2017-11-12 02:11:59,1606.918999,1302,1.23419277956989,TRUE
"8082","A69-9006-1742",8082,"Noordzeekanaal","Grote sluis NZK","VR2W-114178",52.467488,4.613347,2017-11-12 02:11:59,2017-11-12 02:11:59,1,1253,1606.918999,1.282457,747556.619589,5062.150232,FALSE,NA,NA,NA,NA,NA,NA,TRUE
"8083","A69-9006-1742",8083,"Noordzeekanaal","Noordzeekanaal","VR2W-114165",52.462798,4.633995,2017-11-12 02:15:06,2017-11-12 02:15:06,1,187,1606.918999,8.59315,749163.538588,3455.231233,TRUE,5062.150232,390,2017-11-12 02:23:05,1606.918999,479,3.35473694989562,TRUE
"8084","A69-9006-1742",8084,"Noordzeekanaal","Grote sluis NZK","VR2W-114178",52.467488,4.613347,2017-11-12 02:23:05,2017-11-12 02:36:17,12,479,1606.918999,3.354737,750770.457587,5062.150232,FALSE,NA,NA,NA,NA,NA,NA,TRUE
"8085","A69-9006-1742",8085,"Noordzeekanaal","Noordzeekanaal","VR2W-114165",52.462798,4.633995,2017-11-12 03:33:41,2017-11-12 03:33:41,1,3444,1606.918999,0.466585,752377.376586,3455.231233,TRUE,5062.150232,392,2017-11-12 03:49:20,1606.918999,939,1.71130883812567,TRUE
"8086","A69-9006-1742",8086,"Noordzeekanaal","Grote sluis NZK","VR2W-114178",52.467488,4.613347,2017-11-12 03:49:20,2017-11-12 05:14:09,35,939,1606.918999,1.711309,753984.295585,5062.150232,FALSE,NA,NA,NA,NA,NA,NA,TRUE
"8087","A69-9006-1742",8087,"Noordzeekanaal","Grote sluis NZK","VR2W-114178",52.467488,4.613347,2017-11-12 06:59:18,2017-11-12 07:09:53,3,NA,NA,NA,753984.295585,5062.150232,NA,NA,NA,NA,NA,NA,NA,TRUE
"8088","A69-9006-1742",8088,"Noordzeekanaal","Middensluis NZK","VR2W-132417",52.465373,4.601803,2017-11-12 15:40:46,2017-11-12 15:40:46,1,30653,882.739291,0.028798,754867.034876,5779.222216,FALSE,NA,NA,NA,NA,NA,NA,TRUE
"8089","A69-9006-1742",8089,"Noordzeekanaal","Noordzeekanaal","VR2W-114164",52.465232,4.633992,2017-11-12 16:24:18,2017-11-12 18:17:39,19,2612,2323.990983,0.889736,757191.025859,3455.231233,TRUE,5062.150232,396,2017-11-12 18:49:44,1606.918999,8726,0.184152990946596,TRUE
"8090","A69-9006-1742",8090,"Noordzeekanaal","Grote sluis NZK","VR2W-114178",52.467488,4.613347,2017-11-12 18:49:44,2017-11-12 19:20:49,8,1925,1606.918999,0.834763,758797.944858,5062.150232,FALSE,NA,NA,NA,NA,NA,NA,TRUE
"8091","A69-9006-1742",8091,"Noordzeekanaal","Noordzeekanaal","VR2W-114164",52.465232,4.633992,2017-11-12 19:55:00,2017-11-13 01:29:35,106,2051,1606.918999,0.783481,760404.863857,3455.231233,TRUE,5062.150232,398,2017-11-13 01:39:58,1606.918999,20698,0.0776364382549039,TRUE
"8092","A69-9006-1742",8092,"Noordzeekanaal","Grote sluis NZK","VR2W-114178",52.467488,4.613347,2017-11-13 01:39:58,2017-11-13 01:39:58,1,623,1606.918999,2.579324,762011.782856,5062.150232,FALSE,NA,NA,NA,NA,NA,NA,TRUE
"8093","A69-9006-1742",8093,"Noordzeekanaal","Noordzeekanaal","VR2W-114164",52.465232,4.633992,2017-11-13 01:50:37,2017-11-13 06:18:43,98,639,1606.918999,2.51474,763618.701855,3455.231233,TRUE,5062.150232,400,2017-11-13 19:33:22,1606.918999,63765,0.0252006429702815,TRUE
"8094","A69-9006-1742",8094,"Noordzeekanaal","Grote sluis NZK","VR2W-114178",52.467488,4.613347,2017-11-13 19:33:22,2017-11-13 20:31:47,11,47679,1606.918999,0.033703,765225.620854,5062.150232,FALSE,NA,NA,NA,NA,NA,NA,TRUE
"8095","A69-9006-1742",8095,"Noordzeekanaal","Noordzeekanaal","VR2W-114164",52.465232,4.633992,2017-11-13 21:59:13,2017-11-13 21:59:13,1,5246,1606.918999,0.306313,766832.539853,3455.231233,TRUE,5779.222216,402,2017-11-13 22:10:29,2323.990983,676,3.43785648372781,TRUE
"8096","A69-9006-1742",8096,"Noordzeekanaal","Middensluis NZK","VR2W-132417",52.465373,4.601803,2017-11-13 22:10:29,2017-11-13 22:10:29,1,676,2323.990983,3.437856,769156.530836,5779.222216,FALSE,NA,NA,NA,NA,NA,NA,TRUE
"8097","A69-9006-1742",8097,"Noordzeekanaal","Middensluis NZK","VR2W-132417",52.465373,4.601803,2017-11-14 00:12:44,2017-11-14 00:46:50,9,NA,NA,NA,769156.530836,5779.222216,FALSE,NA,NA,NA,NA,NA,NA,TRUE
"8098","A69-9006-1742",8098,"Noordzeekanaal","Noordzeekanaal","VR2W-114164",52.465232,4.633992,2017-11-14 00:49:01,2017-11-14 00:49:01,1,131,2323.990983,17.740389,771480.521819,3455.231233,TRUE,5062.150232,405,2017-11-14 00:52:47,1606.918999,226,7.11026105752212,TRUE
"8099","A69-9006-1742",8099,"Noordzeekanaal","Grote sluis NZK","VR2W-114178",52.467488,4.613347,2017-11-14 00:52:47,2017-11-14 01:07:28,2,226,1606.918999,7.110261,773087.440818,5062.150232,FALSE,NA,NA,NA,NA,NA,NA,TRUE
"8100","A69-9006-1742",8100,"Noordzeekanaal","Grote sluis NZK","VR2W-114178",52.467488,4.613347,2017-11-14 03:29:28,2017-11-14 03:29:28,1,NA,NA,NA,773087.440818,5062.150232,NA,NA,NA,NA,NA,NA,NA,TRUE
"8101","A69-9006-1742",8101,"Noordzeekanaal","Middensluis NZK","VR2W-132417",52.465373,4.601803,2017-11-14 16:27:25,2017-11-14 18:45:27,42,46677,882.739291,0.018912,773970.180109,5779.222216,FALSE,NA,NA,NA,NA,NA,NA,TRUE
"8102","A69-9006-1742",8102,"Noordzeekanaal","Noordzeekanaal","VR2W-114164",52.465232,4.633992,2017-11-14 19:10:41,2017-11-14 22:46:00,191,1514,2323.990983,1.535001,776294.171092,3455.231233,TRUE,5062.150232,409,2017-11-14 22:46:06,1606.918999,12925,0.124326421586074,TRUE
"8103","A69-9006-1742",8103,"Noordzeekanaal","Grote sluis NZK","VR2W-114178",52.467488,4.613347,2017-11-14 22:46:06,2017-11-14 22:46:06,1,6,1606.918999,267.819833,777901.090091,5062.150232,FALSE,NA,NA,NA,NA,NA,NA,TRUE
"8104","A69-9006-1742",8104,"Noordzeekanaal","Noordzeekanaal","VR2W-114164",52.465232,4.633992,2017-11-14 22:46:42,2017-11-15 05:30:27,320,36,1606.918999,44.636639,779508.00909,3455.231233,TRUE,5779.222216,411,2017-11-15 06:37:33,2323.990983,28251,0.0822622556015716,TRUE
"8105","A69-9006-1742",8105,"Noordzeekanaal","Middensluis NZK","VR2W-132417",52.465373,4.601803,2017-11-15 06:37:33,2017-11-15 06:37:33,1,4026,2323.990983,0.577246,781832.000073,5779.222216,FALSE,NA,NA,NA,NA,NA,NA,TRUE
"8106","A69-9006-1742",8106,"Noordzeekanaal","Middensluis NZK","VR2W-132417",52.465373,4.601803,2017-11-15 13:41:17,2017-11-15 15:16:03,21,NA,NA,NA,781832.000073,5779.222216,FALSE,NA,NA,NA,NA,NA,NA,TRUE
"8107","A69-9006-1742",8107,"Noordzeekanaal","Noordzeekanaal","VR2W-114165",52.462798,4.633995,2017-11-15 15:28:33,2017-11-15 15:38:25,4,750,2323.990983,3.098655,784155.991056,3455.231233,TRUE,5062.150232,414,2017-11-15 15:39:28,1606.918999,655,2.45331144885496,TRUE
"8108","A69-9006-1742",8108,"Noordzeekanaal","Grote sluis NZK","VR2W-114178",52.467488,4.613347,2017-11-15 15:39:28,2017-11-15 16:16:08,8,63,1606.918999,25.506651,785762.910055,5062.150232,FALSE,NA,NA,NA,NA,NA,NA,TRUE
"8109","A69-9006-1742",8109,"Noordzeekanaal","Noordzeekanaal","VR2W-114165",52.462798,4.633995,2017-11-15 16:18:20,2017-11-15 16:19:45,3,132,1606.918999,12.173629,787369.829054,3455.231233,TRUE,5062.150232,416,2017-11-15 16:51:23,1606.918999,1983,0.810347452849218,TRUE
"8110","A69-9006-1742",8110,"Noordzeekanaal","Grote sluis NZK","VR2W-114178",52.467488,4.613347,2017-11-15 16:51:23,2017-11-15 16:51:23,1,1898,1606.918999,0.846638,788976.748053,5062.150232,FALSE,NA,NA,NA,NA,NA,NA,TRUE
"8111","A69-9006-1742",8111,"Noordzeekanaal","Noordzeekanaal","VR2W-114164",52.465232,4.633992,2017-11-15 16:52:41,2017-11-15 19:59:33,138,78,1606.918999,20.601526,790583.667052,3455.231233,TRUE,5062.150232,418,2017-11-15 20:00:17,1606.918999,11256,0.142761105099502,TRUE
"8112","A69-9006-1742",8112,"Noordzeekanaal","Grote sluis NZK","VR2W-114178",52.467488,4.613347,2017-11-15 20:00:17,2017-11-15 20:00:17,1,44,1606.918999,36.520886,792190.586051,5062.150232,FALSE,NA,NA,NA,NA,NA,NA,TRUE
"8113","A69-9006-1742",8113,"Noordzeekanaal","Noordzeekanaal","VR2W-114165",52.462798,4.633995,2017-11-15 20:01:17,2017-11-16 05:07:58,525,60,1606.918999,26.781983,793797.50505,3455.231233,TRUE,5062.150232,420,2017-11-16 06:49:49,1606.918999,38912,0.041296232498972,TRUE
"8114","A69-9006-1742",8114,"Noordzeekanaal","Grote sluis NZK","VR2W-114178",52.467488,4.613347,2017-11-16 06:49:49,2017-11-16 07:09:14,4,6111,1606.918999,0.262955,795404.424049,5062.150232,FALSE,NA,NA,NA,NA,NA,NA,TRUE
"8115","A69-9006-1742",8115,"Noordzeekanaal","Grote sluis NZK","VR2W-114178",52.467488,4.613347,2017-11-16 15:35:02,2017-11-16 17:50:41,61,NA,NA,NA,795404.424049,5062.150232,NA,NA,NA,NA,NA,NA,NA,TRUE
"8116","A69-9006-1742",8116,"Noordzeekanaal","Spuisluis NZK","VR2W-114167",52.470646,4.607811,2017-11-16 18:57:12,2017-11-16 19:58:44,49,3991,565.620125,0.141724,795970.044174,5627.770357,FALSE,NA,NA,NA,NA,NA,NA,TRUE
"8117","A69-9006-1742",8117,"Noordzeekanaal","Spuisluis NZK","VR2W-114167",52.470646,4.607811,2017-11-17 06:21:53,2017-11-17 06:46:14,5,NA,NA,NA,795970.044174,5627.770357,FALSE,NA,NA,NA,NA,NA,NA,TRUE
"8118","A69-9006-1742",8118,"Noordzeekanaal","Spuisluis NZK","VR2W-114167",52.470646,4.607811,2017-11-17 10:56:26,2017-11-17 11:04:32,3,NA,NA,NA,795970.044174,5627.770357,FALSE,NA,NA,NA,NA,NA,NA,TRUE
"8119","A69-9006-1742",8119,"Noordzeekanaal","Spuisluis NZK","VR2W-114167",52.470646,4.607811,2017-11-17 16:22:49,2017-11-17 16:46:15,2,NA,NA,NA,795970.044174,5627.770357,FALSE,NA,NA,NA,NA,NA,NA,TRUE
"8120","A69-9006-1742",8120,"Noordzeekanaal","Spuisluis NZK","VR2W-114167",52.470646,4.607811,2017-11-17 19:41:19,2017-11-17 22:20:30,120,NA,NA,NA,795970.044174,5627.770357,FALSE,NA,NA,NA,NA,NA,NA,TRUE
"8121","A69-9006-1742",8121,"Noordzeekanaal","Spuisluis NZK","VR2W-114167",52.470646,4.607811,2017-11-18 01:49:42,2017-11-18 04:37:20,84,NA,NA,NA,795970.044174,5627.770357,FALSE,NA,NA,NA,NA,NA,NA,TRUE
"8122","A69-9006-1742",8122,"Noordzeekanaal","Spuisluis NZK","VR2W-114167",52.470646,4.607811,2017-11-18 20:05:55,2017-11-18 21:03:32,5,NA,NA,NA,795970.044174,5627.770357,FALSE,NA,NA,NA,NA,NA,NA,TRUE
"8123","A69-9006-1742",8123,"Noordzeekanaal","Spuisluis NZK","VR2W-114167",52.470646,4.607811,2017-11-19 06:31:41,2017-11-19 06:31:41,1,NA,NA,NA,795970.044174,5627.770357,FALSE,NA,NA,NA,NA,NA,NA,TRUE
"8124","A69-9006-1742",8124,"Noordzeekanaal","Spuisluis NZK","VR2W-114167",52.470646,4.607811,2017-11-19 16:07:34,2017-11-20 00:29:33,319,NA,NA,NA,795970.044174,5627.770357,FALSE,NA,NA,NA,NA,NA,NA,TRUE
"8125","A69-9006-1742",8125,"Noordzeekanaal","Spuisluis NZK","VR2W-114167",52.470646,4.607811,2017-11-20 22:47:45,2017-11-20 23:56:13,3,NA,NA,NA,795970.044174,5627.770357,FALSE,NA,NA,NA,NA,NA,NA,TRUE
"8126","A69-9006-1742",8126,"Noordzeekanaal","Spuisluis NZK","VR2W-114167",52.470646,4.607811,2017-11-21 23:52:20,2017-11-22 02:04:08,29,NA,NA,NA,795970.044174,5627.770357,FALSE,NA,NA,NA,NA,NA,NA,TRUE
"8127","A69-9006-1742",8127,"Noordzeekanaal","Spuisluis NZK","VR2W-114167",52.470646,4.607811,2017-11-22 15:11:42,2017-11-23 00:44:35,306,NA,NA,NA,795970.044174,5627.770357,NA,NA,NA,NA,NA,NA,NA,TRUE
"8128","A69-9006-1742",8128,"Noordzeekanaal","Grote sluis Noordzee","VR2W-132414",52.466907,4.600546,2017-11-23 01:46:48,2017-11-23 02:59:46,46,3733,707.025156,0.189399,796677.06933,5920.627248,NA,NA,NA,NA,NA,NA,NA,TRUE
"8129","A69-9006-1743",8129,"Noordzeekanaal","rel_noordzeekanaal1","none",52.452208,4.678779,2017-11-06 14:00:00,2017-11-06 14:00:00,1,NA,NA,NA,0,0,TRUE,3455.231233,2,2017-11-06 15:23:46,3455.231233,5026,0.68747139534421,TRUE
"8130","A69-9006-1743",8130,"Noordzeekanaal","Noordzeekanaal","VR2W-114165",52.462798,4.633995,2017-11-06 15:23:46,2017-11-06 15:49:43,21,5026,3455.231233,0.687471,3455.231233,3455.231233,TRUE,5062.150232,3,2017-11-06 16:10:32,1606.918999,2806,0.572672487170349,TRUE
"8131","A69-9006-1743",8131,"Noordzeekanaal","Grote sluis NZK","VR2W-114178",52.467488,4.613347,2017-11-06 16:10:32,2017-11-06 17:51:02,60,1249,1606.918999,1.286564,5062.150232,5062.150232,TRUE,6486.247372,4,2017-11-06 17:58:35,1424.09714,6483,0.219666379762456,TRUE
"8132","A69-9006-1743",8132,"Noordzeekanaal","Spuisluis Noordzee","VR2W-132409",52.471207,4.595198,2017-11-06 17:58:35,2017-11-06 18:03:56,3,453,1424.097141,3.143702,6486.247373,6486.247372,NA,NA,NA,NA,NA,NA,NA,TRUE
"8133","A69-9006-1744",8133,"Noordzeekanaal","rel_noordzeekanaal1","none",52.452208,4.678779,2017-11-06 14:00:00,2017-11-06 14:00:00,1,NA,NA,NA,0,0,TRUE,3455.231233,2,2017-11-06 16:02:50,3455.231233,7370,0.468823776526459,TRUE
"8134","A69-9006-1744",8134,"Noordzeekanaal","Noordzeekanaal","VR2W-114165",52.462798,4.633995,2017-11-06 16:02:50,2017-11-06 16:18:03,15,7370,3455.231233,0.468824,3455.231233,3455.231233,TRUE,5062.150232,3,2017-11-06 17:12:20,1606.918999,4170,0.38535227793765,TRUE
"8135","A69-9006-1744",8135,"Noordzeekanaal","Grote sluis NZK","VR2W-114178",52.467488,4.613347,2017-11-06 17:12:20,2017-11-06 17:16:57,6,3257,1606.918999,0.493374,5062.150232,5062.150232,FALSE,NA,NA,NA,NA,NA,NA,TRUE
"8136","A69-9006-1744",8136,"Noordzeekanaal","Noordzeekanaal","VR2W-114165",52.462798,4.633995,2017-11-06 17:19:20,2017-11-06 17:25:23,3,143,1606.918999,11.237196,6669.069231,3455.231233,TRUE,5062.150232,5,2017-11-06 18:51:55,1606.918999,5555,0.289274347254725,TRUE
"8137","A69-9006-1744",8137,"Noordzeekanaal","Grote sluis NZK","VR2W-114178",52.467488,4.613347,2017-11-06 18:51:55,2017-11-06 19:01:29,4,5192,1606.918999,0.309499,8275.98823,5062.150232,FALSE,NA,NA,NA,NA,NA,NA,TRUE
"8138","A69-9006-1744",8138,"Noordzeekanaal","Noordzeekanaal","VR2W-114165",52.462798,4.633995,2017-11-06 19:39:47,2017-11-06 22:03:21,49,2298,1606.918999,0.699268,9882.907229,3455.231233,TRUE,5779.222216,7,2017-11-06 22:13:47,2323.990983,9240,0.251514175649351,TRUE
"8139","A69-9006-1744",8139,"Noordzeekanaal","Middensluis NZK","VR2W-132417",52.465373,4.601803,2017-11-06 22:13:47,2017-11-06 23:23:03,24,626,2323.990983,3.712446,12206.898212,5779.222216,FALSE,NA,NA,NA,NA,NA,NA,TRUE
"8140","A69-9006-1744",8140,"Noordzeekanaal","Noordzeekanaal","VR2W-114165",52.462798,4.633995,2017-11-06 23:36:05,2017-11-06 23:37:34,3,782,2323.990983,2.971855,14530.889195,3455.231233,TRUE,5062.150232,9,2017-11-07 00:00:25,1606.918999,1460,1.10062945136986,TRUE
"8141","A69-9006-1744",8141,"Noordzeekanaal","Grote sluis NZK","VR2W-114178",52.467488,4.613347,2017-11-07 00:00:25,2017-11-07 00:51:14,16,1371,1606.918999,1.172078,16137.808194,5062.150232,FALSE,NA,NA,NA,NA,NA,NA,TRUE
"8142","A69-9006-1744",8142,"Noordzeekanaal","Noordzeekanaal","VR2W-114165",52.462798,4.633995,2017-11-07 00:58:48,2017-11-07 00:59:39,2,454,1606.918999,3.539469,17744.727193,3455.231233,TRUE,5062.150232,11,2017-11-07 01:00:15,1606.918999,87,18.4703333218391,TRUE
"8143","A69-9006-1744",8143,"Noordzeekanaal","Grote sluis NZK","VR2W-114178",52.467488,4.613347,2017-11-07 01:00:15,2017-11-07 01:00:58,2,36,1606.918999,44.636639,19351.646192,5062.150232,FALSE,NA,NA,NA,NA,NA,NA,TRUE
"8144","A69-9006-1744",8144,"Noordzeekanaal","Noordzeekanaal","VR2W-114165",52.462798,4.633995,2017-11-07 01:01:04,2017-11-07 01:01:04,1,6,1606.918999,267.819833,20958.565191,3455.231233,TRUE,5062.150232,13,2017-11-07 01:01:50,1606.918999,46,34.9330217173913,TRUE
"8145","A69-9006-1744",8145,"Noordzeekanaal","Grote sluis NZK","VR2W-114178",52.467488,4.613347,2017-11-07 01:01:50,2017-11-07 01:01:50,1,46,1606.918999,34.933022,22565.48419,5062.150232,FALSE,NA,NA,NA,NA,NA,NA,TRUE
"8146","A69-9006-1744",8146,"Noordzeekanaal","Noordzeekanaal","VR2W-114165",52.462798,4.633995,2017-11-07 01:03:09,2017-11-07 01:04:29,2,79,1606.918999,20.340747,24172.403189,3455.231233,TRUE,5062.150232,15,2017-11-07 01:04:43,1606.918999,94,17.0948829680851,TRUE
"8147","A69-9006-1744",8147,"Noordzeekanaal","Grote sluis NZK","VR2W-114178",52.467488,4.613347,2017-11-07 01:04:43,2017-11-07 01:08:49,4,14,1606.918999,114.779928,25779.322188,5062.150232,FALSE,NA,NA,NA,NA,NA,NA,TRUE
"8148","A69-9006-1744",8148,"Noordzeekanaal","Noordzeekanaal","VR2W-114165",52.462798,4.633995,2017-11-07 01:09:52,2017-11-07 01:09:52,1,63,1606.918999,25.506651,27386.241187,3455.231233,TRUE,5062.150232,17,2017-11-07 01:10:23,1606.918999,31,51.8360967419355,TRUE
"8149","A69-9006-1744",8149,"Noordzeekanaal","Grote sluis NZK","VR2W-114178",52.467488,4.613347,2017-11-07 01:10:23,2017-11-07 01:12:02,2,31,1606.918999,51.836097,28993.160186,5062.150232,FALSE,NA,NA,NA,NA,NA,NA,TRUE
"8150","A69-9006-1744",8150,"Noordzeekanaal","Noordzeekanaal","VR2W-114165",52.462798,4.633995,2017-11-07 01:13:05,2017-11-07 01:14:47,3,63,1606.918999,25.506651,30600.079185,3455.231233,TRUE,5062.150232,19,2017-11-07 01:17:40,1606.918999,275,5.84334181454545,TRUE
"8151","A69-9006-1744",8151,"Noordzeekanaal","Grote sluis NZK","VR2W-114178",52.467488,4.613347,2017-11-07 01:17:40,2017-11-07 01:17:40,1,173,1606.918999,9.288549,32206.998184,5062.150232,FALSE,NA,NA,NA,NA,NA,NA,TRUE
"8152","A69-9006-1744",8152,"Noordzeekanaal","Noordzeekanaal","VR2W-114165",52.462798,4.633995,2017-11-07 01:17:48,2017-11-07 01:17:48,1,8,1606.918999,200.864875,33813.917183,3455.231233,TRUE,5062.150232,21,2017-11-07 01:18:28,1606.918999,40,40.172974975,TRUE
"8153","A69-9006-1744",8153,"Noordzeekanaal","Grote sluis NZK","VR2W-114178",52.467488,4.613347,2017-11-07 01:18:28,2017-11-07 01:18:28,1,40,1606.918999,40.172975,35420.836182,5062.150232,FALSE,NA,NA,NA,NA,NA,NA,TRUE
"8154","A69-9006-1744",8154,"Noordzeekanaal","Noordzeekanaal","VR2W-114165",52.462798,4.633995,2017-11-07 01:18:29,2017-11-07 01:19:54,3,1,1606.918999,1606.918999,37027.755181,3455.231233,TRUE,5062.150232,23,2017-11-07 01:19:59,1606.918999,90,17.8546555444444,TRUE
"8155","A69-9006-1744",8155,"Noordzeekanaal","Grote sluis NZK","VR2W-114178",52.467488,4.613347,2017-11-07 01:19:59,2017-11-07 01:22:05,4,5,1606.918999,321.3838,38634.67418,5062.150232,FALSE,NA,NA,NA,NA,NA,NA,TRUE
"8156","A69-9006-1744",8156,"Noordzeekanaal","Noordzeekanaal","VR2W-114165",52.462798,4.633995,2017-11-07 01:22:11,2017-11-07 01:22:11,1,6,1606.918999,267.819833,40241.593179,3455.231233,TRUE,5062.150232,25,2017-11-07 01:22:45,1606.918999,34,47.2623235,TRUE
"8157","A69-9006-1744",8157,"Noordzeekanaal","Grote sluis NZK","VR2W-114178",52.467488,4.613347,2017-11-07 01:22:45,2017-11-07 01:23:29,2,34,1606.918999,47.262323,41848.512178,5062.150232,FALSE,NA,NA,NA,NA,NA,NA,TRUE
"8158","A69-9006-1744",8158,"Noordzeekanaal","Noordzeekanaal","VR2W-114165",52.462798,4.633995,2017-11-07 01:23:45,2017-11-07 01:23:45,1,16,1606.918999,100.432437,43455.431177,3455.231233,TRUE,5062.150232,27,2017-11-07 01:24:22,1606.918999,37,43.4302432162162,TRUE
"8159","A69-9006-1744",8159,"Noordzeekanaal","Grote sluis NZK","VR2W-114178",52.467488,4.613347,2017-11-07 01:24:22,2017-11-07 01:25:55,2,37,1606.918999,43.430243,45062.350176,5062.150232,FALSE,NA,NA,NA,NA,NA,NA,TRUE
"8160","A69-9006-1744",8160,"Noordzeekanaal","Noordzeekanaal","VR2W-114165",52.462798,4.633995,2017-11-07 01:26:08,2017-11-07 01:27:45,3,13,1606.918999,123.609154,46669.269175,3455.231233,TRUE,5062.150232,29,2017-11-07 01:28:19,1606.918999,131,12.2665572442748,TRUE
"8161","A69-9006-1744",8161,"Noordzeekanaal","Grote sluis NZK","VR2W-114178",52.467488,4.613347,2017-11-07 01:28:19,2017-11-07 01:28:19,1,34,1606.918999,47.262323,48276.188174,5062.150232,FALSE,NA,NA,NA,NA,NA,NA,TRUE
"8162","A69-9006-1744",8162,"Noordzeekanaal","Noordzeekanaal","VR2W-114165",52.462798,4.633995,2017-11-07 01:29:00,2017-11-07 01:29:00,1,41,1606.918999,39.193146,49883.107173,3455.231233,TRUE,5062.150232,31,2017-11-07 01:29:10,1606.918999,10,160.6918999,TRUE
"8163","A69-9006-1744",8163,"Noordzeekanaal","Grote sluis NZK","VR2W-114178",52.467488,4.613347,2017-11-07 01:29:10,2017-11-07 01:29:10,1,10,1606.918999,160.6919,51490.026172,5062.150232,FALSE,NA,NA,NA,NA,NA,NA,TRUE
"8164","A69-9006-1744",8164,"Noordzeekanaal","Noordzeekanaal","VR2W-114165",52.462798,4.633995,2017-11-07 01:29:41,2017-11-07 01:29:41,1,31,1606.918999,51.836097,53096.945171,3455.231233,TRUE,5062.150232,33,2017-11-07 01:29:56,1606.918999,15,107.127933266667,TRUE
"8165","A69-9006-1744",8165,"Noordzeekanaal","Grote sluis NZK","VR2W-114178",52.467488,4.613347,2017-11-07 01:29:56,2017-11-07 01:29:56,1,15,1606.918999,107.127933,54703.86417,5062.150232,FALSE,NA,NA,NA,NA,NA,NA,TRUE
"8166","A69-9006-1744",8166,"Noordzeekanaal","Noordzeekanaal","VR2W-114165",52.462798,4.633995,2017-11-07 01:30:26,2017-11-07 01:30:26,1,30,1606.918999,53.563967,56310.783169,3455.231233,TRUE,5062.150232,35,2017-11-07 01:30:33,1606.918999,7,229.559857,TRUE
"8167","A69-9006-1744",8167,"Noordzeekanaal","Grote sluis NZK","VR2W-114178",52.467488,4.613347,2017-11-07 01:30:33,2017-11-07 01:31:52,2,7,1606.918999,229.559857,57917.702168,5062.150232,FALSE,NA,NA,NA,NA,NA,NA,TRUE
"8168","A69-9006-1744",8168,"Noordzeekanaal","Noordzeekanaal","VR2W-114165",52.462798,4.633995,2017-11-07 01:33:55,2017-11-07 01:34:36,2,123,1606.918999,13.064382,59524.621167,3455.231233,TRUE,5062.150232,37,2017-11-07 01:36:06,1606.918999,131,12.2665572442748,TRUE
"8169","A69-9006-1744",8169,"Noordzeekanaal","Grote sluis NZK","VR2W-114178",52.467488,4.613347,2017-11-07 01:36:06,2017-11-07 01:36:06,1,90,1606.918999,17.854656,61131.540166,5062.150232,FALSE,NA,NA,NA,NA,NA,NA,TRUE
"8170","A69-9006-1744",8170,"Noordzeekanaal","Noordzeekanaal","VR2W-114165",52.462798,4.633995,2017-11-07 01:37:12,2017-11-07 01:37:51,2,66,1606.918999,24.347258,62738.459165,3455.231233,TRUE,5062.150232,39,2017-11-07 01:38:08,1606.918999,56,28.694982125,TRUE
"8171","A69-9006-1744",8171,"Noordzeekanaal","Grote sluis NZK","VR2W-114178",52.467488,4.613347,2017-11-07 01:38:08,2017-11-07 01:38:08,1,17,1606.918999,94.524647,64345.378164,5062.150232,FALSE,NA,NA,NA,NA,NA,NA,TRUE
"8172","A69-9006-1744",8172,"Noordzeekanaal","Noordzeekanaal","VR2W-114165",52.462798,4.633995,2017-11-07 01:39:25,2017-11-07 01:39:25,1,77,1606.918999,20.869078,65952.297163,3455.231233,TRUE,5062.150232,41,2017-11-07 01:40:02,1606.918999,37,43.4302432162162,TRUE
"8173","A69-9006-1744",8173,"Noordzeekanaal","Grote sluis NZK","VR2W-114178",52.467488,4.613347,2017-11-07 01:40:02,2017-11-07 01:40:02,1,37,1606.918999,43.430243,67559.216162,5062.150232,FALSE,NA,NA,NA,NA,NA,NA,TRUE
"8174","A69-9006-1744",8174,"Noordzeekanaal","Noordzeekanaal","VR2W-114165",52.462798,4.633995,2017-11-07 01:40:10,2017-11-07 01:40:10,1,8,1606.918999,200.864875,69166.135161,3455.231233,TRUE,5062.150232,43,2017-11-07 01:40:45,1606.918999,35,45.9119714,TRUE
"8175","A69-9006-1744",8175,"Noordzeekanaal","Grote sluis NZK","VR2W-114178",52.467488,4.613347,2017-11-07 01:40:45,2017-11-07 01:40:45,1,35,1606.918999,45.911971,70773.05416,5062.150232,FALSE,NA,NA,NA,NA,NA,NA,TRUE
"8176","A69-9006-1744",8176,"Noordzeekanaal","Noordzeekanaal","VR2W-114165",52.462798,4.633995,2017-11-07 01:42:53,2017-11-07 01:42:53,1,128,1606.918999,12.554055,72379.973159,3455.231233,TRUE,5062.150232,45,2017-11-07 01:43:16,1606.918999,23,69.8660434347826,TRUE
"8177","A69-9006-1744",8177,"Noordzeekanaal","Grote sluis NZK","VR2W-114178",52.467488,4.613347,2017-11-07 01:43:16,2017-11-07 01:54:08,6,23,1606.918999,69.866043,73986.892158,5062.150232,FALSE,NA,NA,NA,NA,NA,NA,TRUE
"8178","A69-9006-1744",8178,"Noordzeekanaal","Noordzeekanaal","VR2W-114165",52.462798,4.633995,2017-11-07 01:55:10,2017-11-07 02:29:47,10,62,1606.918999,25.918048,75593.811157,3455.231233,TRUE,5062.150232,47,2017-11-07 02:36:08,1606.918999,2458,0.653750609845403,TRUE
"8179","A69-9006-1744",8179,"Noordzeekanaal","Grote sluis NZK","VR2W-114178",52.467488,4.613347,2017-11-07 02:36:08,2017-11-07 02:36:08,1,381,1606.918999,4.217635,77200.730156,5062.150232,FALSE,NA,NA,NA,NA,NA,NA,TRUE
"8180","A69-9006-1744",8180,"Noordzeekanaal","Noordzeekanaal","VR2W-114165",52.462798,4.633995,2017-11-07 02:36:28,2017-11-07 02:39:23,2,20,1606.918999,80.34595,78807.649155,3455.231233,TRUE,5062.150232,49,2017-11-07 02:40:55,1606.918999,267,6.01842321722846,TRUE
"8181","A69-9006-1744",8181,"Noordzeekanaal","Grote sluis NZK","VR2W-114178",52.467488,4.613347,2017-11-07 02:40:55,2017-11-07 02:41:33,2,92,1606.918999,17.466511,80414.568154,5062.150232,FALSE,NA,NA,NA,NA,NA,NA,TRUE
"8182","A69-9006-1744",8182,"Noordzeekanaal","Noordzeekanaal","VR2W-114165",52.462798,4.633995,2017-11-07 02:41:44,2017-11-07 02:41:44,1,11,1606.918999,146.083545,82021.487153,3455.231233,TRUE,5062.150232,51,2017-11-07 02:42:14,1606.918999,30,53.5639666333333,TRUE
"8183","A69-9006-1744",8183,"Noordzeekanaal","Grote sluis NZK","VR2W-114178",52.467488,4.613347,2017-11-07 02:42:14,2017-11-07 02:54:43,7,30,1606.918999,53.563967,83628.406152,5062.150232,FALSE,NA,NA,NA,NA,NA,NA,TRUE
"8184","A69-9006-1744",8184,"Noordzeekanaal","Noordzeekanaal","VR2W-114165",52.462798,4.633995,2017-11-07 02:54:54,2017-11-07 02:54:54,1,11,1606.918999,146.083545,85235.325151,3455.231233,TRUE,5062.150232,53,2017-11-07 02:57:44,1606.918999,170,9.4524647,TRUE
"8185","A69-9006-1744",8185,"Noordzeekanaal","Grote sluis NZK","VR2W-114178",52.467488,4.613347,2017-11-07 02:57:44,2017-11-07 03:15:42,4,170,1606.918999,9.452465,86842.24415,5062.150232,FALSE,NA,NA,NA,NA,NA,NA,TRUE
"8186","A69-9006-1744",8186,"Noordzeekanaal","Noordzeekanaal","VR2W-114165",52.462798,4.633995,2017-11-07 03:24:41,2017-11-07 03:24:41,1,539,1606.918999,2.981297,88449.163149,3455.231233,TRUE,5062.150232,55,2017-11-07 03:34:31,1606.918999,590,2.72359152372881,TRUE
"8187","A69-9006-1744",8187,"Noordzeekanaal","Grote sluis NZK","VR2W-114178",52.467488,4.613347,2017-11-07 03:34:31,2017-11-07 03:34:31,1,590,1606.918999,2.723592,90056.082148,5062.150232,FALSE,NA,NA,NA,NA,NA,NA,TRUE
"8188","A69-9006-1744",8188,"Noordzeekanaal","Noordzeekanaal","VR2W-114165",52.462798,4.633995,2017-11-07 03:36:31,2017-11-07 03:36:31,1,120,1606.918999,13.390992,91663.001147,3455.231233,TRUE,5062.150232,57,2017-11-07 03:43:14,1606.918999,403,3.98739205707196,TRUE
"8189","A69-9006-1744",8189,"Noordzeekanaal","Grote sluis NZK","VR2W-114178",52.467488,4.613347,2017-11-07 03:43:14,2017-11-07 03:43:14,1,403,1606.918999,3.987392,93269.920146,5062.150232,FALSE,NA,NA,NA,NA,NA,NA,TRUE
"8190","A69-9006-1744",8190,"Noordzeekanaal","Noordzeekanaal","VR2W-114165",52.462798,4.633995,2017-11-07 03:45:41,2017-11-07 04:48:43,3,147,1606.918999,10.931422,94876.839145,3455.231233,TRUE,5062.150232,59,2017-11-07 04:50:07,1606.918999,3866,0.415654164252457,TRUE
"8191","A69-9006-1744",8191,"Noordzeekanaal","Grote sluis NZK","VR2W-114178",52.467488,4.613347,2017-11-07 04:50:07,2017-11-07 04:55:49,5,84,1606.918999,19.129988,96483.758144,5062.150232,FALSE,NA,NA,NA,NA,NA,NA,TRUE
"8192","A69-9006-1744",8192,"Noordzeekanaal","Noordzeekanaal","VR2W-114165",52.462798,4.633995,2017-11-07 04:56:33,2017-11-07 04:56:33,1,44,1606.918999,36.520886,98090.677143,3455.231233,TRUE,5062.150232,61,2017-11-07 04:56:36,1606.918999,3,535.639666333333,TRUE
"8193","A69-9006-1744",8193,"Noordzeekanaal","Grote sluis NZK","VR2W-114178",52.467488,4.613347,2017-11-07 04:56:36,2017-11-07 04:56:36,1,3,1606.918999,535.639666,99697.596142,5062.150232,FALSE,NA,NA,NA,NA,NA,NA,TRUE
"8194","A69-9006-1744",8194,"Noordzeekanaal","Noordzeekanaal","VR2W-114165",52.462798,4.633995,2017-11-07 04:58:45,2017-11-07 04:58:45,1,129,1606.918999,12.456736,101304.515141,3455.231233,TRUE,5062.150232,63,2017-11-07 05:00:56,1606.918999,131,12.2665572442748,TRUE
"8195","A69-9006-1744",8195,"Noordzeekanaal","Grote sluis NZK","VR2W-114178",52.467488,4.613347,2017-11-07 05:00:56,2017-11-07 05:02:29,3,131,1606.918999,12.266557,102911.43414,5062.150232,FALSE,NA,NA,NA,NA,NA,NA,TRUE
"8196","A69-9006-1744",8196,"Noordzeekanaal","Noordzeekanaal","VR2W-114165",52.462798,4.633995,2017-11-07 05:03:38,2017-11-07 05:03:38,1,69,1606.918999,23.288681,104518.353139,3455.231233,TRUE,5062.150232,65,2017-11-07 05:03:53,1606.918999,15,107.127933266667,TRUE
"8197","A69-9006-1744",8197,"Noordzeekanaal","Grote sluis NZK","VR2W-114178",52.467488,4.613347,2017-11-07 05:03:53,2017-11-07 05:05:08,2,15,1606.918999,107.127933,106125.272138,5062.150232,FALSE,NA,NA,NA,NA,NA,NA,TRUE
"8198","A69-9006-1744",8198,"Noordzeekanaal","Noordzeekanaal","VR2W-114165",52.462798,4.633995,2017-11-07 05:06:48,2017-11-07 05:07:24,2,100,1606.918999,16.06919,107732.191137,3455.231233,TRUE,5062.150232,67,2017-11-07 05:08:23,1606.918999,95,16.9149368315789,TRUE
"8199","A69-9006-1744",8199,"Noordzeekanaal","Grote sluis NZK","VR2W-114178",52.467488,4.613347,2017-11-07 05:08:23,2017-11-07 05:08:23,1,59,1606.918999,27.235915,109339.110136,5062.150232,FALSE,NA,NA,NA,NA,NA,NA,TRUE
"8200","A69-9006-1744",8200,"Noordzeekanaal","Noordzeekanaal","VR2W-114165",52.462798,4.633995,2017-11-07 05:09:23,2017-11-07 05:27:28,14,60,1606.918999,26.781983,110946.029135,3455.231233,TRUE,5062.150232,69,2017-11-07 05:27:31,1606.918999,1088,1.476947609375,TRUE
"8201","A69-9006-1744",8201,"Noordzeekanaal","Grote sluis NZK","VR2W-114178",52.467488,4.613347,2017-11-07 05:27:31,2017-11-07 05:27:31,1,3,1606.918999,535.639666,112552.948134,5062.150232,FALSE,NA,NA,NA,NA,NA,NA,TRUE
"8202","A69-9006-1744",8202,"Noordzeekanaal","Noordzeekanaal","VR2W-114165",52.462798,4.633995,2017-11-07 05:28:08,2017-11-07 05:28:08,1,37,1606.918999,43.430243,114159.867133,3455.231233,TRUE,5062.150232,71,2017-11-07 05:31:55,1606.918999,227,7.0789383215859,TRUE
"8203","A69-9006-1744",8203,"Noordzeekanaal","Grote sluis NZK","VR2W-114178",52.467488,4.613347,2017-11-07 05:31:55,2017-11-07 05:55:21,2,227,1606.918999,7.078938,115766.786132,5062.150232,FALSE,NA,NA,NA,NA,NA,NA,TRUE
"8204","A69-9006-1744",8204,"Noordzeekanaal","Noordzeekanaal","VR2W-114165",52.462798,4.633995,2017-11-07 06:08:47,2017-11-07 06:34:55,8,806,1606.918999,1.993696,117373.705131,3455.231233,TRUE,5062.150232,73,2017-11-07 06:35:51,1606.918999,1624,0.989482142241379,TRUE
"8205","A69-9006-1744",8205,"Noordzeekanaal","Grote sluis NZK","VR2W-114178",52.467488,4.613347,2017-11-07 06:35:51,2017-11-07 06:35:51,1,56,1606.918999,28.694982,118980.62413,5062.150232,FALSE,NA,NA,NA,NA,NA,NA,TRUE
"8206","A69-9006-1744",8206,"Noordzeekanaal","Noordzeekanaal","VR2W-114165",52.462798,4.633995,2017-11-07 06:38:10,2017-11-07 06:38:10,1,139,1606.918999,11.560568,120587.543129,3455.231233,TRUE,5062.150232,75,2017-11-07 08:47:10,1606.918999,7740,0.20761227377261,TRUE
"8207","A69-9006-1744",8207,"Noordzeekanaal","Grote sluis NZK","VR2W-114178",52.467488,4.613347,2017-11-07 08:47:10,2017-11-07 08:47:10,1,7740,1606.918999,0.207612,122194.462128,5062.150232,FALSE,NA,NA,NA,NA,NA,NA,TRUE
"8208","A69-9006-1744",8208,"Noordzeekanaal","Noordzeekanaal","VR2W-114165",52.462798,4.633995,2017-11-07 09:09:35,2017-11-07 12:00:07,109,1345,1606.918999,1.194735,123801.381127,3455.231233,FALSE,5779.222216,78,2017-11-07 16:04:22,2323.990983,24887,0.093381724715715,TRUE
"8209","A69-9006-1744",8209,"Noordzeekanaal","Noordzeekanaal","VR2W-114165",52.462798,4.633995,2017-11-07 13:26:20,2017-11-07 13:47:29,12,NA,NA,NA,123801.381127,3455.231233,TRUE,5779.222216,78,2017-11-07 16:04:22,2323.990983,9482,0.245095020354356,TRUE
"8210","A69-9006-1744",8210,"Noordzeekanaal","Middensluis NZK","VR2W-132417",52.465373,4.601803,2017-11-07 16:04:22,2017-11-07 16:04:22,1,8213,2323.990983,0.282965,126125.37211,5779.222216,FALSE,NA,NA,NA,NA,NA,NA,TRUE
"8211","A69-9006-1744",8211,"Noordzeekanaal","Grote sluis NZK","VR2W-114178",52.467488,4.613347,2017-11-07 17:05:11,2017-11-07 21:53:13,140,3649,882.739291,0.241913,127008.111401,5062.150232,FALSE,NA,NA,NA,NA,NA,NA,TRUE
"8212","A69-9006-1744",8212,"Noordzeekanaal","Noordzeekanaal","VR2W-114165",52.462798,4.633995,2017-11-07 21:55:40,2017-11-07 21:57:51,4,147,1606.918999,10.931422,128615.0304,3455.231233,TRUE,5062.150232,81,2017-11-07 21:58:33,1606.918999,173,9.28854912716763,TRUE
"8213","A69-9006-1744",8213,"Noordzeekanaal","Grote sluis NZK","VR2W-114178",52.467488,4.613347,2017-11-07 21:58:33,2017-11-07 21:58:33,1,42,1606.918999,38.259976,130221.949399,5062.150232,FALSE,NA,NA,NA,NA,NA,NA,TRUE
"8214","A69-9006-1744",8214,"Noordzeekanaal","Noordzeekanaal","VR2W-114165",52.462798,4.633995,2017-11-07 21:58:34,2017-11-07 22:00:49,2,1,1606.918999,1606.918999,131828.868398,3455.231233,TRUE,5062.150232,83,2017-11-07 22:01:39,1606.918999,185,8.68604864324324,TRUE
"8215","A69-9006-1744",8215,"Noordzeekanaal","Grote sluis NZK","VR2W-114178",52.467488,4.613347,2017-11-07 22:01:39,2017-11-07 22:01:39,1,50,1606.918999,32.13838,133435.787397,5062.150232,FALSE,NA,NA,NA,NA,NA,NA,TRUE
"8216","A69-9006-1744",8216,"Noordzeekanaal","Noordzeekanaal","VR2W-114165",52.462798,4.633995,2017-11-07 22:03:33,2017-11-07 22:06:16,2,114,1606.918999,14.095781,135042.706396,3455.231233,TRUE,5062.150232,85,2017-11-07 22:06:27,1606.918999,174,9.23516666091954,TRUE
"8217","A69-9006-1744",8217,"Noordzeekanaal","Grote sluis NZK","VR2W-114178",52.467488,4.613347,2017-11-07 22:06:27,2017-11-07 22:06:27,1,11,1606.918999,146.083545,136649.625395,5062.150232,FALSE,NA,NA,NA,NA,NA,NA,TRUE
"8218","A69-9006-1744",8218,"Noordzeekanaal","Noordzeekanaal","VR2W-114165",52.462798,4.633995,2017-11-07 22:08:26,2017-11-07 22:09:11,2,119,1606.918999,13.503521,138256.544394,3455.231233,TRUE,5062.150232,87,2017-11-07 22:10:39,1606.918999,133,12.0820977368421,TRUE
"8219","A69-9006-1744",8219,"Noordzeekanaal","Grote sluis NZK","VR2W-114178",52.467488,4.613347,2017-11-07 22:10:39,2017-11-07 22:10:39,1,88,1606.918999,18.260443,139863.463393,5062.150232,FALSE,NA,NA,NA,NA,NA,NA,TRUE
"8220","A69-9006-1744",8220,"Noordzeekanaal","Noordzeekanaal","VR2W-114165",52.462798,4.633995,2017-11-07 22:11:55,2017-11-07 22:16:46,5,76,1606.918999,21.143671,141470.382392,3455.231233,TRUE,5062.150232,89,2017-11-07 22:17:27,1606.918999,332,4.84011746686747,TRUE
"8221","A69-9006-1744",8221,"Noordzeekanaal","Grote sluis NZK","VR2W-114178",52.467488,4.613347,2017-11-07 22:17:27,2017-11-07 22:17:27,1,41,1606.918999,39.193146,143077.301391,5062.150232,FALSE,NA,NA,NA,NA,NA,NA,TRUE
"8222","A69-9006-1744",8222,"Noordzeekanaal","Noordzeekanaal","VR2W-114165",52.462798,4.633995,2017-11-07 22:18:21,2017-11-07 22:21:55,4,54,1606.918999,29.757759,144684.22039,3455.231233,TRUE,5062.150232,91,2017-11-07 22:23:17,1606.918999,296,5.42878040202703,TRUE
"8223","A69-9006-1744",8223,"Noordzeekanaal","Grote sluis NZK","VR2W-114178",52.467488,4.613347,2017-11-07 22:23:17,2017-11-07 22:23:17,1,82,1606.918999,19.596573,146291.139389,5062.150232,FALSE,NA,NA,NA,NA,NA,NA,TRUE
"8224","A69-9006-1744",8224,"Noordzeekanaal","Noordzeekanaal","VR2W-114165",52.462798,4.633995,2017-11-07 22:26:11,2017-11-07 22:29:11,3,174,1606.918999,9.235167,147898.058388,3455.231233,TRUE,5062.150232,93,2017-11-07 22:29:54,1606.918999,223,7.20591479372197,TRUE
"8225","A69-9006-1744",8225,"Noordzeekanaal","Grote sluis NZK","VR2W-114178",52.467488,4.613347,2017-11-07 22:29:54,2017-11-07 22:29:54,1,43,1606.918999,37.370209,149504.977387,5062.150232,FALSE,NA,NA,NA,NA,NA,NA,TRUE
"8226","A69-9006-1744",8226,"Noordzeekanaal","Noordzeekanaal","VR2W-114165",52.462798,4.633995,2017-11-07 22:30:38,2017-11-07 22:30:38,1,44,1606.918999,36.520886,151111.896386,3455.231233,TRUE,5062.150232,95,2017-11-07 22:34:26,1606.918999,228,7.04789034649123,TRUE
"8227","A69-9006-1744",8227,"Noordzeekanaal","Grote sluis NZK","VR2W-114178",52.467488,4.613347,2017-11-07 22:34:26,2017-11-07 22:34:26,1,228,1606.918999,7.04789,152718.815385,5062.150232,FALSE,NA,NA,NA,NA,NA,NA,TRUE
"8228","A69-9006-1744",8228,"Noordzeekanaal","Noordzeekanaal","VR2W-114165",52.462798,4.633995,2017-11-07 22:35:06,2017-11-07 22:35:06,1,40,1606.918999,40.172975,154325.734384,3455.231233,TRUE,5062.150232,97,2017-11-07 22:35:13,1606.918999,7,229.559857,TRUE
"8229","A69-9006-1744",8229,"Noordzeekanaal","Grote sluis NZK","VR2W-114178",52.467488,4.613347,2017-11-07 22:35:13,2017-11-07 22:35:13,1,7,1606.918999,229.559857,155932.653383,5062.150232,FALSE,NA,NA,NA,NA,NA,NA,TRUE
"8230","A69-9006-1744",8230,"Noordzeekanaal","Noordzeekanaal","VR2W-114165",52.462798,4.633995,2017-11-07 22:35:44,2017-11-07 22:37:59,4,31,1606.918999,51.836097,157539.572382,3455.231233,TRUE,5062.150232,99,2017-11-07 22:38:36,1606.918999,172,9.34255231976744,TRUE
"8231","A69-9006-1744",8231,"Noordzeekanaal","Grote sluis NZK","VR2W-114178",52.467488,4.613347,2017-11-07 22:38:36,2017-11-07 22:38:36,1,37,1606.918999,43.430243,159146.491381,5062.150232,FALSE,NA,NA,NA,NA,NA,NA,TRUE
"8232","A69-9006-1744",8232,"Noordzeekanaal","Noordzeekanaal","VR2W-114165",52.462798,4.633995,2017-11-07 22:39:31,2017-11-07 22:45:04,4,55,1606.918999,29.216709,160753.41038,3455.231233,TRUE,5062.150232,101,2017-11-07 22:45:37,1606.918999,366,4.39048906830601,TRUE
"8233","A69-9006-1744",8233,"Noordzeekanaal","Grote sluis NZK","VR2W-114178",52.467488,4.613347,2017-11-07 22:45:37,2017-11-07 22:45:37,1,33,1606.918999,48.694515,162360.329379,5062.150232,FALSE,NA,NA,NA,NA,NA,NA,TRUE
"8234","A69-9006-1744",8234,"Noordzeekanaal","Noordzeekanaal","VR2W-114165",52.462798,4.633995,2017-11-07 22:45:57,2017-11-07 22:56:23,8,20,1606.918999,80.34595,163967.248378,3455.231233,TRUE,5062.150232,103,2017-11-07 22:56:57,1606.918999,660,2.43472575606061,TRUE
"8235","A69-9006-1744",8235,"Noordzeekanaal","Grote sluis NZK","VR2W-114178",52.467488,4.613347,2017-11-07 22:56:57,2017-11-07 22:56:57,1,34,1606.918999,47.262323,165574.167377,5062.150232,FALSE,NA,NA,NA,NA,NA,NA,TRUE
"8236","A69-9006-1744",8236,"Noordzeekanaal","Noordzeekanaal","VR2W-114165",52.462798,4.633995,2017-11-07 22:57:01,2017-11-07 22:59:10,4,4,1606.918999,401.72975,167181.086376,3455.231233,TRUE,5062.150232,105,2017-11-07 22:59:14,1606.918999,133,12.0820977368421,TRUE
"8237","A69-9006-1744",8237,"Noordzeekanaal","Grote sluis NZK","VR2W-114178",52.467488,4.613347,2017-11-07 22:59:14,2017-11-07 22:59:14,1,4,1606.918999,401.72975,168788.005375,5062.150232,FALSE,NA,NA,NA,NA,NA,NA,TRUE
"8238","A69-9006-1744",8238,"Noordzeekanaal","Noordzeekanaal","VR2W-114165",52.462798,4.633995,2017-11-07 22:59:55,2017-11-07 22:59:55,1,41,1606.918999,39.193146,170394.924374,3455.231233,TRUE,5062.150232,107,2017-11-07 22:59:56,1606.918999,1,1606.918999,TRUE
"8239","A69-9006-1744",8239,"Noordzeekanaal","Grote sluis NZK","VR2W-114178",52.467488,4.613347,2017-11-07 22:59:56,2017-11-07 23:00:43,2,1,1606.918999,1606.918999,172001.843373,5062.150232,FALSE,NA,NA,NA,NA,NA,NA,TRUE
"8240","A69-9006-1744",8240,"Noordzeekanaal","Noordzeekanaal","VR2W-114165",52.462798,4.633995,2017-11-07 23:03:00,2017-11-07 23:03:00,1,137,1606.918999,11.729336,173608.762372,3455.231233,TRUE,5062.150232,109,2017-11-07 23:03:52,1606.918999,52,30.9022884423077,TRUE
"8241","A69-9006-1744",8241,"Noordzeekanaal","Grote sluis NZK","VR2W-114178",52.467488,4.613347,2017-11-07 23:03:52,2017-11-07 23:03:52,1,52,1606.918999,30.902288,175215.681371,5062.150232,FALSE,NA,NA,NA,NA,NA,NA,TRUE
"8242","A69-9006-1744",8242,"Noordzeekanaal","Noordzeekanaal","VR2W-114165",52.462798,4.633995,2017-11-07 23:04:52,2017-11-07 23:06:54,2,60,1606.918999,26.781983,176822.60037,3455.231233,TRUE,5062.150232,111,2017-11-07 23:08:31,1606.918999,219,7.33752967579909,TRUE
"8243","A69-9006-1744",8243,"Noordzeekanaal","Grote sluis NZK","VR2W-114178",52.467488,4.613347,2017-11-07 23:08:31,2017-11-07 23:08:31,1,97,1606.918999,16.566175,178429.519369,5062.150232,FALSE,NA,NA,NA,NA,NA,NA,TRUE
"8244","A69-9006-1744",8244,"Noordzeekanaal","Noordzeekanaal","VR2W-114165",52.462798,4.633995,2017-11-07 23:08:46,2017-11-07 23:08:46,1,15,1606.918999,107.127933,180036.438368,3455.231233,TRUE,5062.150232,113,2017-11-07 23:12:25,1606.918999,219,7.33752967579909,TRUE
"8245","A69-9006-1744",8245,"Noordzeekanaal","Grote sluis NZK","VR2W-114178",52.467488,4.613347,2017-11-07 23:12:25,2017-11-07 23:13:37,3,219,1606.918999,7.33753,181643.357367,5062.150232,FALSE,NA,NA,NA,NA,NA,NA,TRUE
"8246","A69-9006-1744",8246,"Noordzeekanaal","Noordzeekanaal","VR2W-114165",52.462798,4.633995,2017-11-07 23:15:34,2017-11-07 23:26:32,12,117,1606.918999,13.73435,183250.276366,3455.231233,TRUE,5062.150232,115,2017-11-07 23:26:42,1606.918999,668,2.40556736377246,TRUE
"8247","A69-9006-1744",8247,"Noordzeekanaal","Grote sluis NZK","VR2W-114178",52.467488,4.613347,2017-11-07 23:26:42,2017-11-07 23:32:41,5,10,1606.918999,160.6919,184857.195365,5062.150232,FALSE,NA,NA,NA,NA,NA,NA,TRUE
"8248","A69-9006-1744",8248,"Noordzeekanaal","Noordzeekanaal","VR2W-114165",52.462798,4.633995,2017-11-07 23:32:48,2017-11-07 23:32:48,1,7,1606.918999,229.559857,186464.114364,3455.231233,TRUE,5062.150232,117,2017-11-07 23:33:21,1606.918999,33,48.6945151212121,TRUE
"8249","A69-9006-1744",8249,"Noordzeekanaal","Grote sluis NZK","VR2W-114178",52.467488,4.613347,2017-11-07 23:33:21,2017-11-07 23:33:21,1,33,1606.918999,48.694515,188071.033363,5062.150232,FALSE,NA,NA,NA,NA,NA,NA,TRUE
"8250","A69-9006-1744",8250,"Noordzeekanaal","Noordzeekanaal","VR2W-114165",52.462798,4.633995,2017-11-07 23:34:36,2017-11-07 23:34:36,1,75,1606.918999,21.425587,189677.952362,3455.231233,TRUE,5062.150232,119,2017-11-07 23:35:01,1606.918999,25,64.27675996,TRUE
"8251","A69-9006-1744",8251,"Noordzeekanaal","Grote sluis NZK","VR2W-114178",52.467488,4.613347,2017-11-07 23:35:01,2017-11-07 23:35:01,1,25,1606.918999,64.27676,191284.871361,5062.150232,FALSE,NA,NA,NA,NA,NA,NA,TRUE
"8252","A69-9006-1744",8252,"Noordzeekanaal","Noordzeekanaal","VR2W-114165",52.462798,4.633995,2017-11-07 23:35:27,2017-11-07 23:37:32,4,26,1606.918999,61.804577,192891.79036,3455.231233,TRUE,5062.150232,121,2017-11-07 23:37:40,1606.918999,133,12.0820977368421,TRUE
"8253","A69-9006-1744",8253,"Noordzeekanaal","Grote sluis NZK","VR2W-114178",52.467488,4.613347,2017-11-07 23:37:40,2017-11-07 23:37:40,1,8,1606.918999,200.864875,194498.709359,5062.150232,FALSE,NA,NA,NA,NA,NA,NA,TRUE
"8254","A69-9006-1744",8254,"Noordzeekanaal","Noordzeekanaal","VR2W-114165",52.462798,4.633995,2017-11-07 23:39:10,2017-11-07 23:39:10,1,90,1606.918999,17.854656,196105.628358,3455.231233,TRUE,5062.150232,123,2017-11-07 23:39:45,1606.918999,35,45.9119714,TRUE
"8255","A69-9006-1744",8255,"Noordzeekanaal","Grote sluis NZK","VR2W-114178",52.467488,4.613347,2017-11-07 23:39:45,2017-11-07 23:39:45,1,35,1606.918999,45.911971,197712.547357,5062.150232,FALSE,NA,NA,NA,NA,NA,NA,TRUE
"8256","A69-9006-1744",8256,"Noordzeekanaal","Noordzeekanaal","VR2W-114165",52.462798,4.633995,2017-11-07 23:42:53,2017-11-07 23:44:50,2,188,1606.918999,8.547441,199319.466356,3455.231233,TRUE,5062.150232,125,2017-11-07 23:45:06,1606.918999,133,12.0820977368421,TRUE
"8257","A69-9006-1744",8257,"Noordzeekanaal","Grote sluis NZK","VR2W-114178",52.467488,4.613347,2017-11-07 23:45:06,2017-11-07 23:45:06,1,16,1606.918999,100.432437,200926.385355,5062.150232,FALSE,NA,NA,NA,NA,NA,NA,TRUE
"8258","A69-9006-1744",8258,"Noordzeekanaal","Noordzeekanaal","VR2W-114165",52.462798,4.633995,2017-11-07 23:46:16,2017-11-07 23:46:16,1,70,1606.918999,22.955986,202533.304354,3455.231233,TRUE,5062.150232,127,2017-11-07 23:46:22,1606.918999,6,267.819833166667,TRUE
"8259","A69-9006-1744",8259,"Noordzeekanaal","Grote sluis NZK","VR2W-114178",52.467488,4.613347,2017-11-07 23:46:22,2017-11-07 23:47:03,2,6,1606.918999,267.819833,204140.223353,5062.150232,FALSE,NA,NA,NA,NA,NA,NA,TRUE
"8260","A69-9006-1744",8260,"Noordzeekanaal","Noordzeekanaal","VR2W-114165",52.462798,4.633995,2017-11-07 23:47:48,2017-11-07 23:47:48,1,45,1606.918999,35.709311,205747.142352,3455.231233,TRUE,5062.150232,129,2017-11-07 23:52:17,1606.918999,269,5.97367657620818,TRUE
"8261","A69-9006-1744",8261,"Noordzeekanaal","Grote sluis NZK","VR2W-114178",52.467488,4.613347,2017-11-07 23:52:17,2017-11-07 23:52:17,1,269,1606.918999,5.973677,207354.061351,5062.150232,FALSE,NA,NA,NA,NA,NA,NA,TRUE
"8262","A69-9006-1744",8262,"Noordzeekanaal","Noordzeekanaal","VR2W-114165",52.462798,4.633995,2017-11-07 23:52:28,2017-11-07 23:52:28,1,11,1606.918999,146.083545,208960.98035,3455.231233,TRUE,5062.150232,131,2017-11-07 23:53:09,1606.918999,41,39.1931463170732,TRUE
"8263","A69-9006-1744",8263,"Noordzeekanaal","Grote sluis NZK","VR2W-114178",52.467488,4.613347,2017-11-07 23:53:09,2017-11-07 23:54:41,3,41,1606.918999,39.193146,210567.899349,5062.150232,FALSE,NA,NA,NA,NA,NA,NA,TRUE
"8264","A69-9006-1744",8264,"Noordzeekanaal","Noordzeekanaal","VR2W-114165",52.462798,4.633995,2017-11-07 23:56:50,2017-11-08 00:00:21,5,129,1606.918999,12.456736,212174.818348,3455.231233,TRUE,5062.150232,133,2017-11-08 00:03:18,1606.918999,388,4.14154381185567,TRUE
"8265","A69-9006-1744",8265,"Noordzeekanaal","Grote sluis NZK","VR2W-114178",52.467488,4.613347,2017-11-08 00:03:18,2017-11-08 00:04:59,2,177,1606.918999,9.078638,213781.737347,5062.150232,FALSE,NA,NA,NA,NA,NA,NA,TRUE
"8266","A69-9006-1744",8266,"Noordzeekanaal","Noordzeekanaal","VR2W-114165",52.462798,4.633995,2017-11-08 00:05:00,2017-11-08 00:08:15,2,1,1606.918999,1606.918999,215388.656346,3455.231233,TRUE,5062.150232,135,2017-11-08 00:08:47,1606.918999,227,7.0789383215859,TRUE
"8267","A69-9006-1744",8267,"Noordzeekanaal","Grote sluis NZK","VR2W-114178",52.467488,4.613347,2017-11-08 00:08:47,2017-11-08 00:08:47,1,32,1606.918999,50.216219,216995.575345,5062.150232,FALSE,NA,NA,NA,NA,NA,NA,TRUE
"8268","A69-9006-1744",8268,"Noordzeekanaal","Noordzeekanaal","VR2W-114165",52.462798,4.633995,2017-11-08 00:09:48,2017-11-08 00:14:00,6,61,1606.918999,26.342934,218602.494344,3455.231233,TRUE,5062.150232,137,2017-11-08 00:14:35,1606.918999,287,5.59902090243902,TRUE
"8269","A69-9006-1744",8269,"Noordzeekanaal","Grote sluis NZK","VR2W-114178",52.467488,4.613347,2017-11-08 00:14:35,2017-11-08 00:14:35,1,35,1606.918999,45.911971,220209.413343,5062.150232,FALSE,NA,NA,NA,NA,NA,NA,TRUE
"8270","A69-9006-1744",8270,"Noordzeekanaal","Noordzeekanaal","VR2W-114165",52.462798,4.633995,2017-11-08 00:14:38,2017-11-08 00:15:19,2,3,1606.918999,535.639666,221816.332342,3455.231233,TRUE,5062.150232,139,2017-11-08 00:15:26,1606.918999,48,33.4774791458333,TRUE
"8271","A69-9006-1744",8271,"Noordzeekanaal","Grote sluis NZK","VR2W-114178",52.467488,4.613347,2017-11-08 00:15:26,2017-11-08 00:15:26,1,7,1606.918999,229.559857,223423.251341,5062.150232,FALSE,NA,NA,NA,NA,NA,NA,TRUE
"8272","A69-9006-1744",8272,"Noordzeekanaal","Noordzeekanaal","VR2W-114165",52.462798,4.633995,2017-11-08 00:17:19,2017-11-08 00:24:25,7,113,1606.918999,14.220522,225030.17034,3455.231233,TRUE,5062.150232,141,2017-11-08 00:24:38,1606.918999,439,3.66040774259681,TRUE
"8273","A69-9006-1744",8273,"Noordzeekanaal","Grote sluis NZK","VR2W-114178",52.467488,4.613347,2017-11-08 00:24:38,2017-11-08 00:24:38,1,13,1606.918999,123.609154,226637.089339,5062.150232,FALSE,NA,NA,NA,NA,NA,NA,TRUE
"8274","A69-9006-1744",8274,"Noordzeekanaal","Noordzeekanaal","VR2W-114165",52.462798,4.633995,2017-11-08 00:25:15,2017-11-08 00:25:15,1,37,1606.918999,43.430243,228244.008338,3455.231233,TRUE,5062.150232,143,2017-11-08 00:27:28,1606.918999,133,12.0820977368421,TRUE
"8275","A69-9006-1744",8275,"Noordzeekanaal","Grote sluis NZK","VR2W-114178",52.467488,4.613347,2017-11-08 00:27:28,2017-11-08 00:31:41,2,133,1606.918999,12.082098,229850.927337,5062.150232,FALSE,NA,NA,NA,NA,NA,NA,TRUE
"8276","A69-9006-1744",8276,"Noordzeekanaal","Noordzeekanaal","VR2W-114165",52.462798,4.633995,2017-11-08 00:32:31,2017-11-08 00:32:31,1,50,1606.918999,32.13838,231457.846336,3455.231233,TRUE,5062.150232,145,2017-11-08 00:33:04,1606.918999,33,48.6945151212121,TRUE
"8277","A69-9006-1744",8277,"Noordzeekanaal","Grote sluis NZK","VR2W-114178",52.467488,4.613347,2017-11-08 00:33:04,2017-11-08 00:33:04,1,33,1606.918999,48.694515,233064.765335,5062.150232,FALSE,NA,NA,NA,NA,NA,NA,TRUE
"8278","A69-9006-1744",8278,"Noordzeekanaal","Noordzeekanaal","VR2W-114165",52.462798,4.633995,2017-11-08 00:33:12,2017-11-08 00:34:35,3,8,1606.918999,200.864875,234671.684334,3455.231233,TRUE,5062.150232,147,2017-11-08 00:34:44,1606.918999,92,17.4665108586957,TRUE
"8279","A69-9006-1744",8279,"Noordzeekanaal","Grote sluis NZK","VR2W-114178",52.467488,4.613347,2017-11-08 00:34:44,2017-11-08 00:34:44,1,9,1606.918999,178.546555,236278.603333,5062.150232,FALSE,NA,NA,NA,NA,NA,NA,TRUE
"8280","A69-9006-1744",8280,"Noordzeekanaal","Noordzeekanaal","VR2W-114165",52.462798,4.633995,2017-11-08 00:35:14,2017-11-08 00:36:42,2,30,1606.918999,53.563967,237885.522332,3455.231233,TRUE,5062.150232,149,2017-11-08 00:36:48,1606.918999,94,17.0948829680851,TRUE
"8281","A69-9006-1744",8281,"Noordzeekanaal","Grote sluis NZK","VR2W-114178",52.467488,4.613347,2017-11-08 00:36:48,2017-11-08 00:36:48,1,6,1606.918999,267.819833,239492.441331,5062.150232,FALSE,NA,NA,NA,NA,NA,NA,TRUE
"8282","A69-9006-1744",8282,"Noordzeekanaal","Noordzeekanaal","VR2W-114165",52.462798,4.633995,2017-11-08 00:37:22,2017-11-08 00:37:22,1,34,1606.918999,47.262323,241099.36033,3455.231233,TRUE,5062.150232,151,2017-11-08 00:41:09,1606.918999,227,7.0789383215859,TRUE
"8283","A69-9006-1744",8283,"Noordzeekanaal","Grote sluis NZK","VR2W-114178",52.467488,4.613347,2017-11-08 00:41:09,2017-11-08 00:44:35,2,227,1606.918999,7.078938,242706.279329,5062.150232,FALSE,NA,NA,NA,NA,NA,NA,TRUE
"8284","A69-9006-1744",8284,"Noordzeekanaal","Noordzeekanaal","VR2W-114165",52.462798,4.633995,2017-11-08 01:20:05,2017-11-08 02:04:04,6,2130,1606.918999,0.754422,244313.198328,3455.231233,TRUE,5062.150232,153,2017-11-08 02:45:40,1606.918999,5135,0.312934566504382,TRUE
"8285","A69-9006-1744",8285,"Noordzeekanaal","Grote sluis NZK","VR2W-114178",52.467488,4.613347,2017-11-08 02:45:40,2017-11-08 02:45:40,1,2496,1606.918999,0.643798,245920.117327,5062.150232,FALSE,NA,NA,NA,NA,NA,NA,TRUE
"8286","A69-9006-1744",8286,"Noordzeekanaal","Noordzeekanaal","VR2W-114165",52.462798,4.633995,2017-11-08 02:52:09,2017-11-08 02:55:53,3,389,1606.918999,4.130897,247527.036326,3455.231233,TRUE,5062.150232,155,2017-11-08 03:04:33,1606.918999,744,2.15983736424731,TRUE
"8287","A69-9006-1744",8287,"Noordzeekanaal","Grote sluis NZK","VR2W-114178",52.467488,4.613347,2017-11-08 03:04:33,2017-11-08 03:15:21,4,520,1606.918999,3.090229,249133.955325,5062.150232,FALSE,NA,NA,NA,NA,NA,NA,TRUE
"8288","A69-9006-1744",8288,"Noordzeekanaal","Noordzeekanaal","VR2W-114165",52.462798,4.633995,2017-11-08 03:23:30,2017-11-08 03:23:30,1,489,1606.918999,3.286133,250740.874324,3455.231233,TRUE,5062.150232,157,2017-11-08 03:23:31,1606.918999,1,1606.918999,TRUE
"8289","A69-9006-1744",8289,"Noordzeekanaal","Grote sluis NZK","VR2W-114178",52.467488,4.613347,2017-11-08 03:23:31,2017-11-08 03:24:53,2,1,1606.918999,1606.918999,252347.793323,5062.150232,FALSE,NA,NA,NA,NA,NA,NA,TRUE
"8290","A69-9006-1744",8290,"Noordzeekanaal","Noordzeekanaal","VR2W-114165",52.462798,4.633995,2017-11-08 03:26:06,2017-11-08 03:26:06,1,73,1606.918999,22.012589,253954.712322,3455.231233,TRUE,5062.150232,159,2017-11-08 03:29:14,1606.918999,188,8.54744148404255,TRUE
"8291","A69-9006-1744",8291,"Noordzeekanaal","Grote sluis NZK","VR2W-114178",52.467488,4.613347,2017-11-08 03:29:14,2017-11-08 03:29:14,1,188,1606.918999,8.547441,255561.631321,5062.150232,FALSE,NA,NA,NA,NA,NA,NA,TRUE
"8292","A69-9006-1744",8292,"Noordzeekanaal","Noordzeekanaal","VR2W-114165",52.462798,4.633995,2017-11-08 03:34:41,2017-11-08 03:35:18,2,327,1606.918999,4.914125,257168.55032,3455.231233,TRUE,5062.150232,161,2017-11-08 03:35:27,1606.918999,46,34.9330217173913,TRUE
"8293","A69-9006-1744",8293,"Noordzeekanaal","Grote sluis NZK","VR2W-114178",52.467488,4.613347,2017-11-08 03:35:27,2017-11-08 03:35:27,1,9,1606.918999,178.546555,258775.469319,5062.150232,FALSE,NA,NA,NA,NA,NA,NA,TRUE
"8294","A69-9006-1744",8294,"Noordzeekanaal","Noordzeekanaal","VR2W-114165",52.462798,4.633995,2017-11-08 03:57:00,2017-11-08 03:59:11,4,1293,1606.918999,1.242783,260382.388318,3455.231233,TRUE,5062.150232,163,2017-11-08 04:06:04,1606.918999,544,2.95389521875,TRUE
"8295","A69-9006-1744",8295,"Noordzeekanaal","Grote sluis NZK","VR2W-114178",52.467488,4.613347,2017-11-08 04:06:04,2017-11-08 04:08:25,3,413,1606.918999,3.890845,261989.307317,5062.150232,FALSE,NA,NA,NA,NA,NA,NA,TRUE
"8296","A69-9006-1744",8296,"Noordzeekanaal","Noordzeekanaal","VR2W-114165",52.462798,4.633995,2017-11-08 04:11:08,2017-11-08 04:11:08,1,163,1606.918999,9.858399,263596.226316,3455.231233,TRUE,5062.150232,165,2017-11-08 04:11:38,1606.918999,30,53.5639666333333,TRUE
"8297","A69-9006-1744",8297,"Noordzeekanaal","Grote sluis NZK","VR2W-114178",52.467488,4.613347,2017-11-08 04:11:38,2017-11-08 04:11:38,1,30,1606.918999,53.563967,265203.145315,5062.150232,FALSE,NA,NA,NA,NA,NA,NA,TRUE
"8298","A69-9006-1744",8298,"Noordzeekanaal","Noordzeekanaal","VR2W-114165",52.462798,4.633995,2017-11-08 04:12:33,2017-11-08 04:36:44,20,55,1606.918999,29.216709,266810.064314,3455.231233,TRUE,5062.150232,167,2017-11-08 04:36:53,1606.918999,1460,1.10062945136986,TRUE
"8299","A69-9006-1744",8299,"Noordzeekanaal","Grote sluis NZK","VR2W-114178",52.467488,4.613347,2017-11-08 04:36:53,2017-11-08 04:36:53,1,9,1606.918999,178.546555,268416.983313,5062.150232,FALSE,NA,NA,NA,NA,NA,NA,TRUE
"8300","A69-9006-1744",8300,"Noordzeekanaal","Noordzeekanaal","VR2W-114165",52.462798,4.633995,2017-11-08 04:38:32,2017-11-08 04:39:25,2,99,1606.918999,16.231505,270023.902312,3455.231233,TRUE,5062.150232,169,2017-11-08 04:41:39,1606.918999,187,8.59314972727273,TRUE
"8301","A69-9006-1744",8301,"Noordzeekanaal","Grote sluis NZK","VR2W-114178",52.467488,4.613347,2017-11-08 04:41:39,2017-11-08 04:41:39,1,134,1606.918999,11.991933,271630.821311,5062.150232,FALSE,NA,NA,NA,NA,NA,NA,TRUE
"8302","A69-9006-1744",8302,"Noordzeekanaal","Noordzeekanaal","VR2W-114165",52.462798,4.633995,2017-11-08 04:42:35,2017-11-08 04:55:54,7,56,1606.918999,28.694982,273237.74031,3455.231233,TRUE,5062.150232,171,2017-11-08 04:55:57,1606.918999,802,2.00363964962593,TRUE
"8303","A69-9006-1744",8303,"Noordzeekanaal","Grote sluis NZK","VR2W-114178",52.467488,4.613347,2017-11-08 04:55:57,2017-11-08 04:58:59,3,3,1606.918999,535.639666,274844.659309,5062.150232,FALSE,NA,NA,NA,NA,NA,NA,TRUE
"8304","A69-9006-1744",8304,"Noordzeekanaal","Noordzeekanaal","VR2W-114165",52.462798,4.633995,2017-11-08 05:00:00,2017-11-08 05:00:00,1,61,1606.918999,26.342934,276451.578308,3455.231233,TRUE,5062.150232,173,2017-11-08 05:02:50,1606.918999,170,9.4524647,TRUE
"8305","A69-9006-1744",8305,"Noordzeekanaal","Grote sluis NZK","VR2W-114178",52.467488,4.613347,2017-11-08 05:02:50,2017-11-08 05:02:50,1,170,1606.918999,9.452465,278058.497307,5062.150232,FALSE,NA,NA,NA,NA,NA,NA,TRUE
"8306","A69-9006-1744",8306,"Noordzeekanaal","Noordzeekanaal","VR2W-114165",52.462798,4.633995,2017-11-08 05:03:03,2017-11-08 05:03:03,1,13,1606.918999,123.609154,279665.416306,3455.231233,TRUE,5062.150232,175,2017-11-08 05:03:26,1606.918999,23,69.8660434347826,TRUE
"8307","A69-9006-1744",8307,"Noordzeekanaal","Grote sluis NZK","VR2W-114178",52.467488,4.613347,2017-11-08 05:03:26,2017-11-08 05:03:26,1,23,1606.918999,69.866043,281272.335305,5062.150232,FALSE,NA,NA,NA,NA,NA,NA,TRUE
"8308","A69-9006-1744",8308,"Noordzeekanaal","Noordzeekanaal","VR2W-114165",52.462798,4.633995,2017-11-08 05:03:42,2017-11-08 05:07:06,4,16,1606.918999,100.432437,282879.254304,3455.231233,TRUE,5062.150232,177,2017-11-08 05:07:23,1606.918999,221,7.27112669230769,TRUE
"8309","A69-9006-1744",8309,"Noordzeekanaal","Grote sluis NZK","VR2W-114178",52.467488,4.613347,2017-11-08 05:07:23,2017-11-08 05:07:23,1,17,1606.918999,94.524647,284486.173303,5062.150232,FALSE,NA,NA,NA,NA,NA,NA,TRUE
"8310","A69-9006-1744",8310,"Noordzeekanaal","Noordzeekanaal","VR2W-114165",52.462798,4.633995,2017-11-08 05:07:52,2017-11-08 05:20:13,12,29,1606.918999,55.411,286093.092302,3455.231233,TRUE,5062.150232,179,2017-11-08 05:40:15,1606.918999,1943,0.827029850231601,TRUE
"8311","A69-9006-1744",8311,"Noordzeekanaal","Grote sluis NZK","VR2W-114178",52.467488,4.613347,2017-11-08 05:40:15,2017-11-08 05:42:44,3,1202,1606.918999,1.336871,287700.011301,5062.150232,FALSE,NA,NA,NA,NA,NA,NA,TRUE
"8312","A69-9006-1744",8312,"Noordzeekanaal","Noordzeekanaal","VR2W-114165",52.462798,4.633995,2017-11-08 05:46:57,2017-11-08 05:49:50,4,253,1606.918999,6.351458,289306.9303,3455.231233,TRUE,5062.150232,181,2017-11-08 05:52:04,1606.918999,307,5.23426384039088,TRUE
"8313","A69-9006-1744",8313,"Noordzeekanaal","Grote sluis NZK","VR2W-114178",52.467488,4.613347,2017-11-08 05:52:04,2017-11-08 05:56:46,2,134,1606.918999,11.991933,290913.849299,5062.150232,FALSE,NA,NA,NA,NA,NA,NA,TRUE
"8314","A69-9006-1744",8314,"Noordzeekanaal","Noordzeekanaal","VR2W-114165",52.462798,4.633995,2017-11-08 05:59:11,2017-11-08 05:59:11,1,145,1606.918999,11.0822,292520.768298,3455.231233,TRUE,5062.150232,183,2017-11-08 05:59:50,1606.918999,39,41.2030512564103,TRUE
"8315","A69-9006-1744",8315,"Noordzeekanaal","Grote sluis NZK","VR2W-114178",52.467488,4.613347,2017-11-08 05:59:50,2017-11-08 05:59:50,1,39,1606.918999,41.203051,294127.687297,5062.150232,FALSE,NA,NA,NA,NA,NA,NA,TRUE
"8316","A69-9006-1744",8316,"Noordzeekanaal","Noordzeekanaal","VR2W-114165",52.462798,4.633995,2017-11-08 06:00:04,2017-11-08 06:05:30,2,14,1606.918999,114.779928,295734.606296,3455.231233,TRUE,5062.150232,185,2017-11-08 06:05:33,1606.918999,329,4.88425227659574,TRUE
"8317","A69-9006-1744",8317,"Noordzeekanaal","Grote sluis NZK","VR2W-114178",52.467488,4.613347,2017-11-08 06:05:33,2017-11-08 06:05:33,1,3,1606.918999,535.639666,297341.525295,5062.150232,FALSE,NA,NA,NA,NA,NA,NA,TRUE
"8318","A69-9006-1744",8318,"Noordzeekanaal","Noordzeekanaal","VR2W-114165",52.462798,4.633995,2017-11-08 06:06:16,2017-11-08 06:09:22,2,43,1606.918999,37.370209,298948.444294,3455.231233,TRUE,5062.150232,187,2017-11-08 06:09:42,1606.918999,206,7.80057766504854,TRUE
"8319","A69-9006-1744",8319,"Noordzeekanaal","Grote sluis NZK","VR2W-114178",52.467488,4.613347,2017-11-08 06:09:42,2017-11-08 06:53:46,15,20,1606.918999,80.34595,300555.363293,5062.150232,FALSE,NA,NA,NA,NA,NA,NA,TRUE
"8320","A69-9006-1744",8320,"Noordzeekanaal","Noordzeekanaal","VR2W-114165",52.462798,4.633995,2017-11-08 06:56:47,2017-11-08 06:56:47,1,181,1606.918999,8.878006,302162.282292,3455.231233,TRUE,5062.150232,189,2017-11-08 06:56:54,1606.918999,7,229.559857,TRUE
"8321","A69-9006-1744",8321,"Noordzeekanaal","Grote sluis NZK","VR2W-114178",52.467488,4.613347,2017-11-08 06:56:54,2017-11-08 06:59:40,4,7,1606.918999,229.559857,303769.201291,5062.150232,FALSE,NA,NA,NA,NA,NA,NA,TRUE
"8322","A69-9006-1744",8322,"Noordzeekanaal","Noordzeekanaal","VR2W-114165",52.462798,4.633995,2017-11-08 07:00:14,2017-11-08 07:00:14,1,34,1606.918999,47.262323,305376.12029,3455.231233,TRUE,5062.150232,191,2017-11-08 07:00:21,1606.918999,7,229.559857,TRUE
"8323","A69-9006-1744",8323,"Noordzeekanaal","Grote sluis NZK","VR2W-114178",52.467488,4.613347,2017-11-08 07:00:21,2017-11-08 07:01:47,3,7,1606.918999,229.559857,306983.039289,5062.150232,FALSE,NA,NA,NA,NA,NA,NA,TRUE
"8324","A69-9006-1744",8324,"Noordzeekanaal","Noordzeekanaal","VR2W-114165",52.462798,4.633995,2017-11-08 07:02:26,2017-11-08 07:02:26,1,39,1606.918999,41.203051,308589.958288,3455.231233,TRUE,5062.150232,193,2017-11-08 07:02:28,1606.918999,2,803.4594995,TRUE
"8325","A69-9006-1744",8325,"Noordzeekanaal","Grote sluis NZK","VR2W-114178",52.467488,4.613347,2017-11-08 07:02:28,2017-11-08 07:19:03,6,2,1606.918999,803.459499,310196.877287,5062.150232,FALSE,NA,NA,NA,NA,NA,NA,TRUE
"8326","A69-9006-1744",8326,"Noordzeekanaal","Noordzeekanaal","VR2W-114165",52.462798,4.633995,2017-11-08 07:19:36,2017-11-08 07:21:11,2,33,1606.918999,48.694515,311803.796286,3455.231233,TRUE,5062.150232,195,2017-11-08 10:43:27,1606.918999,12231,0.131380835499959,TRUE
"8327","A69-9006-1744",8327,"Noordzeekanaal","Grote sluis NZK","VR2W-114178",52.467488,4.613347,2017-11-08 10:43:27,2017-11-08 10:43:27,1,12136,1606.918999,0.132409,313410.715285,5062.150232,FALSE,NA,NA,NA,NA,NA,NA,TRUE
"8328","A69-9006-1744",8328,"Noordzeekanaal","Noordzeekanaal","VR2W-114165",52.462798,4.633995,2017-11-08 10:49:27,2017-11-08 10:50:22,2,360,1606.918999,4.463664,315017.634284,3455.231233,TRUE,5062.150232,197,2017-11-08 12:22:42,1606.918999,5595,0.287206255406613,TRUE
"8329","A69-9006-1744",8329,"Noordzeekanaal","Grote sluis NZK","VR2W-114178",52.467488,4.613347,2017-11-08 12:22:42,2017-11-08 12:28:16,4,5540,1606.918999,0.290058,316624.553283,5062.150232,FALSE,6337.734618,251,2017-11-11 23:00:46,1275.584386,297484,0.00428790921864705,TRUE
"8330","A69-9006-1744",8330,"Noordzeekanaal","Grote sluis NZK","VR2W-114178",52.467488,4.613347,2017-11-08 13:37:17,2017-11-08 14:09:53,4,NA,NA,NA,316624.553283,5062.150232,FALSE,6337.734618,251,2017-11-11 23:00:46,1275.584386,293009,0.00435339660556502,TRUE
"8331","A69-9006-1744",8331,"Noordzeekanaal","Grote sluis NZK","VR2W-114178",52.467488,4.613347,2017-11-08 15:53:32,2017-11-08 15:59:19,4,NA,NA,NA,316624.553283,5062.150232,FALSE,NA,NA,NA,NA,NA,NA,TRUE
"8332","A69-9006-1744",8332,"Noordzeekanaal","Noordzeekanaal","VR2W-114165",52.462798,4.633995,2017-11-08 16:55:51,2017-11-08 18:34:15,12,3392,1606.918999,0.473738,318231.472282,3455.231233,TRUE,5062.150232,201,2017-11-08 18:35:50,1606.918999,5999,0.267864477246208,TRUE
"8333","A69-9006-1744",8333,"Noordzeekanaal","Grote sluis NZK","VR2W-114178",52.467488,4.613347,2017-11-08 18:35:50,2017-11-08 18:37:17,3,95,1606.918999,16.914937,319838.391281,5062.150232,FALSE,6337.734618,251,2017-11-11 23:00:46,1275.584386,275096,0.00463686998720447,TRUE
"8334","A69-9006-1744",8334,"Noordzeekanaal","Grote sluis NZK","VR2W-114178",52.467488,4.613347,2017-11-08 19:55:19,2017-11-08 22:44:45,39,NA,NA,NA,319838.391281,5062.150232,FALSE,NA,NA,NA,NA,NA,NA,TRUE
"8335","A69-9006-1744",8335,"Noordzeekanaal","Noordzeekanaal","VR2W-114165",52.462798,4.633995,2017-11-08 23:00:05,2017-11-08 23:15:44,3,920,1606.918999,1.746651,321445.31028,3455.231233,TRUE,5062.150232,204,2017-11-08 23:18:42,1606.918999,1117,1.43860250581916,TRUE
"8336","A69-9006-1744",8336,"Noordzeekanaal","Grote sluis NZK","VR2W-114178",52.467488,4.613347,2017-11-08 23:18:42,2017-11-08 23:25:43,6,178,1606.918999,9.027635,323052.229279,5062.150232,FALSE,NA,NA,NA,NA,NA,NA,TRUE
"8337","A69-9006-1744",8337,"Noordzeekanaal","Noordzeekanaal","VR2W-114165",52.462798,4.633995,2017-11-08 23:26:52,2017-11-08 23:26:52,1,69,1606.918999,23.288681,324659.148278,3455.231233,TRUE,5062.150232,206,2017-11-08 23:27:20,1606.918999,28,57.38996425,TRUE
"8338","A69-9006-1744",8338,"Noordzeekanaal","Grote sluis NZK","VR2W-114178",52.467488,4.613347,2017-11-08 23:27:20,2017-11-08 23:27:20,1,28,1606.918999,57.389964,326266.067277,5062.150232,FALSE,NA,NA,NA,NA,NA,NA,TRUE
"8339","A69-9006-1744",8339,"Noordzeekanaal","Noordzeekanaal","VR2W-114165",52.462798,4.633995,2017-11-08 23:28:08,2017-11-08 23:28:08,1,48,1606.918999,33.477479,327872.986276,3455.231233,TRUE,5062.150232,208,2017-11-08 23:28:31,1606.918999,23,69.8660434347826,TRUE
"8340","A69-9006-1744",8340,"Noordzeekanaal","Grote sluis NZK","VR2W-114178",52.467488,4.613347,2017-11-08 23:28:31,2017-11-08 23:46:11,10,23,1606.918999,69.866043,329479.905275,5062.150232,FALSE,NA,NA,NA,NA,NA,NA,TRUE
"8341","A69-9006-1744",8341,"Noordzeekanaal","Noordzeekanaal","VR2W-114165",52.462798,4.633995,2017-11-08 23:54:58,2017-11-08 23:54:58,1,527,1606.918999,3.049182,331086.824274,3455.231233,TRUE,5062.150232,210,2017-11-08 23:55:39,1606.918999,41,39.1931463170732,TRUE
"8342","A69-9006-1744",8342,"Noordzeekanaal","Grote sluis NZK","VR2W-114178",52.467488,4.613347,2017-11-08 23:55:39,2017-11-08 23:55:39,1,41,1606.918999,39.193146,332693.743273,5062.150232,FALSE,NA,NA,NA,NA,NA,NA,TRUE
"8343","A69-9006-1744",8343,"Noordzeekanaal","Noordzeekanaal","VR2W-114165",52.462798,4.633995,2017-11-08 23:55:44,2017-11-08 23:55:44,1,5,1606.918999,321.3838,334300.662272,3455.231233,TRUE,5062.150232,212,2017-11-08 23:58:00,1606.918999,136,11.815580875,TRUE
"8344","A69-9006-1744",8344,"Noordzeekanaal","Grote sluis NZK","VR2W-114178",52.467488,4.613347,2017-11-08 23:58:00,2017-11-08 23:58:00,1,136,1606.918999,11.815581,335907.581271,5062.150232,FALSE,NA,NA,NA,NA,NA,NA,TRUE
"8345","A69-9006-1744",8345,"Noordzeekanaal","Noordzeekanaal","VR2W-114165",52.462798,4.633995,2017-11-08 23:59:21,2017-11-08 23:59:21,1,81,1606.918999,19.838506,337514.50027,3455.231233,TRUE,5062.150232,214,2017-11-09 00:00:09,1606.918999,48,33.4774791458333,TRUE
"8346","A69-9006-1744",8346,"Noordzeekanaal","Grote sluis NZK","VR2W-114178",52.467488,4.613347,2017-11-09 00:00:09,2017-11-09 02:07:08,41,48,1606.918999,33.477479,339121.419269,5062.150232,FALSE,NA,NA,NA,NA,NA,NA,TRUE
"8347","A69-9006-1744",8347,"Noordzeekanaal","Noordzeekanaal","VR2W-114165",52.462798,4.633995,2017-11-09 02:20:57,2017-11-09 02:28:33,2,829,1606.918999,1.938382,340728.338268,3455.231233,TRUE,5062.150232,216,2017-11-09 02:29:13,1606.918999,496,3.23975604637097,TRUE
"8348","A69-9006-1744",8348,"Noordzeekanaal","Grote sluis NZK","VR2W-114178",52.467488,4.613347,2017-11-09 02:29:13,2017-11-09 03:10:58,3,40,1606.918999,40.172975,342335.257267,5062.150232,FALSE,NA,NA,NA,NA,NA,NA,TRUE
"8349","A69-9006-1744",8349,"Noordzeekanaal","Noordzeekanaal","VR2W-114165",52.462798,4.633995,2017-11-09 03:11:52,2017-11-09 03:15:26,3,54,1606.918999,29.757759,343942.176266,3455.231233,TRUE,5062.150232,218,2017-11-09 03:16:07,1606.918999,255,6.30164313333333,TRUE
"8350","A69-9006-1744",8350,"Noordzeekanaal","Grote sluis NZK","VR2W-114178",52.467488,4.613347,2017-11-09 03:16:07,2017-11-09 03:16:07,1,41,1606.918999,39.193146,345549.095265,5062.150232,FALSE,NA,NA,NA,NA,NA,NA,TRUE
"8351","A69-9006-1744",8351,"Noordzeekanaal","Noordzeekanaal","VR2W-114165",52.462798,4.633995,2017-11-09 03:16:21,2017-11-09 03:16:21,1,14,1606.918999,114.779928,347156.014264,3455.231233,TRUE,5062.150232,220,2017-11-09 03:20:22,1606.918999,241,6.66771368879668,TRUE
"8352","A69-9006-1744",8352,"Noordzeekanaal","Grote sluis NZK","VR2W-114178",52.467488,4.613347,2017-11-09 03:20:22,2017-11-09 03:23:28,3,241,1606.918999,6.667714,348762.933263,5062.150232,FALSE,NA,NA,NA,NA,NA,NA,TRUE
"8353","A69-9006-1744",8353,"Noordzeekanaal","Noordzeekanaal","VR2W-114165",52.462798,4.633995,2017-11-09 03:24:04,2017-11-09 04:07:34,4,36,1606.918999,44.636639,350369.852262,3455.231233,TRUE,5062.150232,222,2017-11-09 04:09:06,1606.918999,2702,0.594714655440414,TRUE
"8354","A69-9006-1744",8354,"Noordzeekanaal","Grote sluis NZK","VR2W-114178",52.467488,4.613347,2017-11-09 04:09:06,2017-11-09 04:13:06,3,92,1606.918999,17.466511,351976.771261,5062.150232,FALSE,NA,NA,NA,NA,NA,NA,TRUE
"8355","A69-9006-1744",8355,"Noordzeekanaal","Noordzeekanaal","VR2W-114165",52.462798,4.633995,2017-11-09 04:13:22,2017-11-09 04:13:22,1,16,1606.918999,100.432437,353583.69026,3455.231233,TRUE,5062.150232,224,2017-11-09 04:13:51,1606.918999,29,55.4109999655172,TRUE
"8356","A69-9006-1744",8356,"Noordzeekanaal","Grote sluis NZK","VR2W-114178",52.467488,4.613347,2017-11-09 04:13:51,2017-11-09 04:16:51,4,29,1606.918999,55.411,355190.609259,5062.150232,FALSE,NA,NA,NA,NA,NA,NA,TRUE
"8357","A69-9006-1744",8357,"Noordzeekanaal","Noordzeekanaal","VR2W-114165",52.462798,4.633995,2017-11-09 04:17:53,2017-11-09 04:20:51,3,62,1606.918999,25.918048,356797.528258,3455.231233,TRUE,5062.150232,226,2017-11-09 04:21:28,1606.918999,215,7.47404185581395,TRUE
"8358","A69-9006-1744",8358,"Noordzeekanaal","Grote sluis NZK","VR2W-114178",52.467488,4.613347,2017-11-09 04:21:28,2017-11-09 04:23:08,2,37,1606.918999,43.430243,358404.447257,5062.150232,FALSE,NA,NA,NA,NA,NA,NA,TRUE
"8359","A69-9006-1744",8359,"Noordzeekanaal","Noordzeekanaal","VR2W-114165",52.462798,4.633995,2017-11-09 04:23:19,2017-11-09 04:23:19,1,11,1606.918999,146.083545,360011.366256,3455.231233,TRUE,5062.150232,228,2017-11-09 04:24:01,1606.918999,42,38.2599761666667,TRUE
"8360","A69-9006-1744",8360,"Noordzeekanaal","Grote sluis NZK","VR2W-114178",52.467488,4.613347,2017-11-09 04:24:01,2017-11-09 04:24:01,1,42,1606.918999,38.259976,361618.285255,5062.150232,FALSE,NA,NA,NA,NA,NA,NA,TRUE
"8361","A69-9006-1744",8361,"Noordzeekanaal","Noordzeekanaal","VR2W-114165",52.462798,4.633995,2017-11-09 04:36:03,2017-11-09 04:37:42,2,722,1606.918999,2.22565,363225.204254,3455.231233,TRUE,5062.150232,230,2017-11-09 04:38:20,1606.918999,137,11.7293357591241,TRUE
"8362","A69-9006-1744",8362,"Noordzeekanaal","Grote sluis NZK","VR2W-114178",52.467488,4.613347,2017-11-09 04:38:20,2017-11-09 04:38:20,1,38,1606.918999,42.287342,364832.123253,5062.150232,FALSE,NA,NA,NA,NA,NA,NA,TRUE
"8363","A69-9006-1744",8363,"Noordzeekanaal","Noordzeekanaal","VR2W-114165",52.462798,4.633995,2017-11-09 04:38:34,2017-11-09 04:40:40,4,14,1606.918999,114.779928,366439.042252,3455.231233,TRUE,5062.150232,232,2017-11-09 04:40:50,1606.918999,136,11.815580875,TRUE
"8364","A69-9006-1744",8364,"Noordzeekanaal","Grote sluis NZK","VR2W-114178",52.467488,4.613347,2017-11-09 04:40:50,2017-11-09 04:40:50,1,10,1606.918999,160.6919,368045.961251,5062.150232,FALSE,NA,NA,NA,NA,NA,NA,TRUE
"8365","A69-9006-1744",8365,"Noordzeekanaal","Noordzeekanaal","VR2W-114165",52.462798,4.633995,2017-11-09 04:41:26,2017-11-09 04:41:26,1,36,1606.918999,44.636639,369652.88025,3455.231233,TRUE,5062.150232,234,2017-11-09 04:42:57,1606.918999,91,17.6584505384615,TRUE
"8366","A69-9006-1744",8366,"Noordzeekanaal","Grote sluis NZK","VR2W-114178",52.467488,4.613347,2017-11-09 04:42:57,2017-11-09 04:55:07,2,91,1606.918999,17.658451,371259.799249,5062.150232,FALSE,NA,NA,NA,NA,NA,NA,TRUE
"8367","A69-9006-1744",8367,"Noordzeekanaal","Noordzeekanaal","VR2W-114165",52.462798,4.633995,2017-11-09 04:56:06,2017-11-09 04:56:06,1,59,1606.918999,27.235915,372866.718248,3455.231233,TRUE,5062.150232,236,2017-11-09 04:56:33,1606.918999,27,59.5155184814815,TRUE
"8368","A69-9006-1744",8368,"Noordzeekanaal","Grote sluis NZK","VR2W-114178",52.467488,4.613347,2017-11-09 04:56:33,2017-11-09 04:56:33,1,27,1606.918999,59.515518,374473.637247,5062.150232,FALSE,NA,NA,NA,NA,NA,NA,TRUE
"8369","A69-9006-1744",8369,"Noordzeekanaal","Noordzeekanaal","VR2W-114165",52.462798,4.633995,2017-11-09 05:02:44,2017-11-09 05:02:44,1,371,1606.918999,4.331318,376080.556246,3455.231233,TRUE,5062.150232,238,2017-11-09 06:06:46,1606.918999,3842,0.418250650442478,TRUE
"8370","A69-9006-1744",8370,"Noordzeekanaal","Grote sluis NZK","VR2W-114178",52.467488,4.613347,2017-11-09 06:06:46,2017-11-09 06:06:46,1,3842,1606.918999,0.418251,377687.475245,5062.150232,FALSE,NA,NA,NA,NA,NA,NA,TRUE
"8371","A69-9006-1744",8371,"Noordzeekanaal","Noordzeekanaal","VR2W-114165",52.462798,4.633995,2017-11-09 06:14:44,2017-11-09 06:18:01,5,478,1606.918999,3.361755,379294.394244,3455.231233,TRUE,5062.150232,240,2017-11-09 06:19:03,1606.918999,259,6.20432045945946,TRUE
"8372","A69-9006-1744",8372,"Noordzeekanaal","Grote sluis NZK","VR2W-114178",52.467488,4.613347,2017-11-09 06:19:03,2017-11-09 06:19:03,1,62,1606.918999,25.918048,380901.313243,5062.150232,FALSE,NA,NA,NA,NA,NA,NA,TRUE
"8373","A69-9006-1744",8373,"Noordzeekanaal","Noordzeekanaal","VR2W-114165",52.462798,4.633995,2017-11-09 06:38:11,2017-11-09 07:01:21,24,1148,1606.918999,1.399755,382508.232242,3455.231233,TRUE,5062.150232,242,2017-11-09 09:39:43,1606.918999,10892,0.147532041773779,TRUE
"8374","A69-9006-1744",8374,"Noordzeekanaal","Grote sluis NZK","VR2W-114178",52.467488,4.613347,2017-11-09 09:39:43,2017-11-09 09:44:15,5,9502,1606.918999,0.169114,384115.151241,5062.150232,FALSE,6337.734618,251,2017-11-11 23:00:46,1275.584386,220863,0.00577545530939995,TRUE
"8375","A69-9006-1744",8375,"Noordzeekanaal","Middensluis NZK","VR2W-132417",52.465373,4.601803,2017-11-10 16:39:23,2017-11-10 17:32:50,36,111308,882.739291,0.007931,384997.890532,5779.222216,FALSE,NA,NA,NA,NA,NA,NA,TRUE
"8376","A69-9006-1744",8376,"Noordzeekanaal","Middensluis NZK","VR2W-132417",52.465373,4.601803,2017-11-10 18:46:33,2017-11-10 19:19:37,21,NA,NA,NA,384997.890532,5779.222216,FALSE,NA,NA,NA,NA,NA,NA,TRUE
"8377","A69-9006-1744",8377,"Noordzeekanaal","Middensluis NZK","VR2W-132417",52.465373,4.601803,2017-11-10 21:40:37,2017-11-10 21:52:53,4,NA,NA,NA,384997.890532,5779.222216,FALSE,NA,NA,NA,NA,NA,NA,TRUE
"8378","A69-9006-1744",8378,"Noordzeekanaal","Middensluis NZK","VR2W-132417",52.465373,4.601803,2017-11-10 23:00:50,2017-11-11 00:41:21,60,NA,NA,NA,384997.890532,5779.222216,FALSE,NA,NA,NA,NA,NA,NA,TRUE
"8379","A69-9006-1744",8379,"Noordzeekanaal","Middensluis NZK","VR2W-132417",52.465373,4.601803,2017-11-11 02:00:41,2017-11-11 06:48:20,163,NA,NA,NA,384997.890532,5779.222216,FALSE,NA,NA,NA,NA,NA,NA,TRUE
"8380","A69-9006-1744",8380,"Noordzeekanaal","Middensluis NZK","VR2W-132417",52.465373,4.601803,2017-11-11 15:50:37,2017-11-11 17:08:03,33,NA,NA,NA,384997.890532,5779.222216,FALSE,NA,NA,NA,NA,NA,NA,TRUE
"8381","A69-9006-1744",8381,"Noordzeekanaal","Middensluis NZK","VR2W-132417",52.465373,4.601803,2017-11-11 18:17:58,2017-11-11 18:27:29,6,NA,NA,NA,384997.890532,5779.222216,FALSE,NA,NA,NA,NA,NA,NA,TRUE
"8382","A69-9006-1744",8382,"Noordzeekanaal","Grote sluis NZK","VR2W-114178",52.467488,4.613347,2017-11-11 19:45:14,2017-11-11 22:59:25,99,4665,882.739291,0.189226,385880.629823,5062.150232,TRUE,6337.734618,251,2017-11-11 23:00:46,1275.584386,11732,0.108726933685646,TRUE
"8383","A69-9006-1744",8383,"Noordzeekanaal","Kleine sluis NZK","VR2W-132415",52.464559,4.592909,2017-11-11 23:00:46,2017-11-11 23:55:28,8,81,1524.085346,18.815868,387404.715169,6337.734618,FALSE,NA,NA,NA,NA,NA,NA,TRUE
"8384","A69-9006-1744",8384,"Noordzeekanaal","Middensluis NZK","VR2W-132417",52.465373,4.601803,2017-11-12 01:12:28,2017-11-12 01:20:12,3,4620,641.346055,0.138819,388046.061224,5779.222216,FALSE,NA,NA,NA,NA,NA,NA,TRUE
"8385","A69-9006-1744",8385,"Noordzeekanaal","Middensluis NZK","VR2W-132417",52.465373,4.601803,2017-11-12 02:38:25,2017-11-12 07:09:25,147,NA,NA,NA,388046.061224,5779.222216,FALSE,NA,NA,NA,NA,NA,NA,TRUE
"8386","A69-9006-1744",8386,"Noordzeekanaal","Middensluis NZK","VR2W-132417",52.465373,4.601803,2017-11-12 16:10:21,2017-11-12 23:42:43,122,NA,NA,NA,388046.061224,5779.222216,FALSE,NA,NA,NA,NA,NA,NA,TRUE
"8387","A69-9006-1744",8387,"Noordzeekanaal","Middensluis NZK","VR2W-132417",52.465373,4.601803,2017-11-13 00:54:58,2017-11-13 01:04:53,3,NA,NA,NA,388046.061224,5779.222216,FALSE,NA,NA,NA,NA,NA,NA,TRUE
"8388","A69-9006-1744",8388,"Noordzeekanaal","Middensluis NZK","VR2W-132417",52.465373,4.601803,2017-11-13 03:20:48,2017-11-13 03:20:48,1,NA,NA,NA,388046.061224,5779.222216,FALSE,NA,NA,NA,NA,NA,NA,TRUE
"8389","A69-9006-1744",8389,"Noordzeekanaal","Middensluis NZK","VR2W-132417",52.465373,4.601803,2017-11-13 04:23:44,2017-11-13 06:38:39,107,NA,NA,NA,388046.061224,5779.222216,FALSE,NA,NA,NA,NA,NA,NA,TRUE
"8390","A69-9006-1744",8390,"Noordzeekanaal","Middensluis NZK","VR2W-132417",52.465373,4.601803,2017-11-13 16:07:49,2017-11-13 18:39:23,105,NA,NA,NA,388046.061224,5779.222216,NA,NA,NA,NA,NA,NA,NA,TRUE
"8391","A69-9006-1745",8391,"Noordzeekanaal","rel_noordzeekanaal1","none",52.452208,4.678779,2017-11-06 14:00:00,2017-11-06 14:00:00,1,NA,NA,NA,0,0,TRUE,3455.231233,2,2017-11-06 14:05:58,3455.231233,358,9.65148389106145,TRUE
"8392","A69-9006-1745",8392,"Noordzeekanaal","Noordzeekanaal","VR2W-114165",52.462798,4.633995,2017-11-06 14:05:58,2017-11-06 14:39:49,19,358,3455.231233,9.651484,3455.231233,3455.231233,TRUE,5062.150232,3,2017-11-06 15:19:03,1606.918999,4385,0.366458152565564,TRUE
"8393","A69-9006-1745",8393,"Noordzeekanaal","Grote sluis NZK","VR2W-114178",52.467488,4.613347,2017-11-06 15:19:03,2017-11-06 19:49:03,98,2354,1606.918999,0.682633,5062.150232,5062.150232,TRUE,6479.139649,5,2017-11-06 22:57:54,1416.989417,27531,0.051468868439214,TRUE
"8394","A69-9006-1745",8394,"Noordzeekanaal","Middensluis NZK","VR2W-132417",52.465373,4.601803,2017-11-06 21:02:47,2017-11-06 21:42:12,3,4424,882.739291,0.199534,5944.889523,5779.222216,NA,NA,NA,NA,NA,NA,NA,TRUE
"8395","A69-9006-1745",8395,"Noordzeekanaal","Middensluis Noordzee","VR2W-132411",52.465373,4.592419,2017-11-06 22:57:54,2017-11-06 23:44:23,29,4542,699.917433,0.154099,6644.806956,6479.139649,NA,NA,NA,NA,NA,NA,NA,TRUE
"8396","A69-9006-1746",8396,"Noordzeekanaal","rel_noordzeekanaal1","none",52.452208,4.678779,2017-11-06 14:00:00,2017-11-06 14:00:00,1,NA,NA,NA,0,0,TRUE,3455.231233,2,2017-11-08 21:39:29,3455.231233,200369,0.0172443403570413,TRUE
"8397","A69-9006-1746",8397,"Noordzeekanaal","Noordzeekanaal","VR2W-114165",52.462798,4.633995,2017-11-08 21:39:29,2017-11-08 22:25:04,37,200369,3455.231233,0.017244,3455.231233,3455.231233,TRUE,5062.150232,3,2017-11-08 22:55:46,1606.918999,4577,0.351085645400918,TRUE
"8398","A69-9006-1746",8398,"Noordzeekanaal","Grote sluis NZK","VR2W-114178",52.467488,4.613347,2017-11-08 22:55:46,2017-11-09 00:01:16,59,1842,1606.918999,0.872377,5062.150232,5062.150232,FALSE,NA,NA,NA,NA,NA,NA,TRUE
"8399","A69-9006-1746",8399,"Noordzeekanaal","Noordzeekanaal","VR2W-114165",52.462798,4.633995,2017-11-09 00:13:33,2017-11-09 01:36:06,37,737,1606.918999,2.180351,6669.069231,3455.231233,TRUE,5062.150232,5,2017-11-09 01:51:27,1606.918999,5874,0.273564691692203,TRUE
"8400","A69-9006-1746",8400,"Noordzeekanaal","Grote sluis NZK","VR2W-114178",52.467488,4.613347,2017-11-09 01:51:27,2017-11-09 02:02:02,5,921,1606.918999,1.744755,8275.98823,5062.150232,FALSE,NA,NA,NA,NA,NA,NA,TRUE
"8401","A69-9006-1746",8401,"Noordzeekanaal","Noordzeekanaal","VR2W-114164",52.465232,4.633992,2017-11-09 02:19:20,2017-11-09 03:32:42,58,1038,1606.918999,1.548092,9882.907229,3455.231233,FALSE,5062.150232,8,2017-11-09 19:18:25,1606.918999,61145,0.0262804644533486,TRUE
"8402","A69-9006-1746",8402,"Noordzeekanaal","Noordzeekanaal","VR2W-114165",52.462798,4.633995,2017-11-09 18:16:42,2017-11-09 19:13:58,29,NA,NA,NA,9882.907229,3455.231233,TRUE,5062.150232,8,2017-11-09 19:18:25,1606.918999,3703,0.433950580340265,TRUE
"8403","A69-9006-1746",8403,"Noordzeekanaal","Grote sluis NZK","VR2W-114178",52.467488,4.613347,2017-11-09 19:18:25,2017-11-09 20:45:26,20,267,1606.918999,6.018423,11489.826228,5062.150232,TRUE,6337.734618,9,2017-11-09 21:04:00,1275.584386,6335,0.201355072770324,TRUE
"8404","A69-9006-1746",8404,"Noordzeekanaal","Kleine sluis NZK","VR2W-132415",52.464559,4.592909,2017-11-09 21:04:00,2017-11-10 01:36:04,168,1114,1524.085346,1.36812,13013.911574,6337.734618,FALSE,NA,NA,NA,NA,NA,NA,TRUE
"8405","A69-9006-1746",8405,"Noordzeekanaal","Grote sluis NZK","VR2W-114178",52.467488,4.613347,2017-11-10 01:41:26,2017-11-10 02:05:18,4,322,1524.085346,4.733184,14537.99692,5062.150232,FALSE,NA,NA,NA,NA,NA,NA,TRUE
"8406","A69-9006-1746",8406,"Noordzeekanaal","Noordzeekanaal","VR2W-114165",52.462798,4.633995,2017-11-10 02:09:44,2017-11-10 03:56:59,70,266,1606.918999,6.041049,16144.915919,3455.231233,FALSE,5779.222216,15,2017-11-10 18:37:54,2323.990983,59290,0.0391970143869118,TRUE
"8407","A69-9006-1746",8407,"Noordzeekanaal","Noordzeekanaal","VR2W-114164",52.465232,4.633992,2017-11-10 09:59:19,2017-11-10 11:03:52,3,NA,NA,NA,16144.915919,3455.231233,FALSE,5779.222216,15,2017-11-10 18:37:54,2323.990983,31115,0.0746903738711233,TRUE
"8408","A69-9006-1746",8408,"Noordzeekanaal","Noordzeekanaal","VR2W-114165",52.462798,4.633995,2017-11-10 12:18:05,2017-11-10 12:54:45,10,NA,NA,NA,16144.915919,3455.231233,FALSE,5779.222216,15,2017-11-10 18:37:54,2323.990983,22789,0.101978629294835,TRUE
"8409","A69-9006-1746",8409,"Noordzeekanaal","Noordzeekanaal","VR2W-114164",52.465232,4.633992,2017-11-10 16:29:09,2017-11-10 17:14:57,40,NA,NA,NA,16144.915919,3455.231233,TRUE,5779.222216,15,2017-11-10 18:37:54,2323.990983,7725,0.300840256699029,TRUE
"8410","A69-9006-1746",8410,"Noordzeekanaal","Middensluis NZK","VR2W-132417",52.465373,4.601803,2017-11-10 18:37:54,2017-11-11 00:24:07,213,4977,2323.990983,0.466946,18468.906902,5779.222216,NA,NA,NA,NA,NA,NA,NA,TRUE
"8411","A69-9006-1746",8411,"Noordzeekanaal","Grote sluis Noordzee","VR2W-132412",52.469076,4.600854,2017-11-11 01:45:58,2017-11-11 02:08:20,25,4911,141.405031,0.028794,18610.311933,5920.627248,FALSE,NA,NA,NA,NA,NA,NA,TRUE
"8412","A69-9006-1746",8412,"Noordzeekanaal","Grote sluis Noordzee","VR2W-132414",52.466907,4.600546,2017-11-11 04:11:28,2017-11-11 04:17:50,5,NA,NA,NA,18610.311933,5920.627248,NA,NA,NA,NA,NA,NA,NA,TRUE
"8413","A69-9006-1747",8413,"Noordzeekanaal","rel_noordzeekanaal1","none",52.452208,4.678779,2017-11-06 14:00:00,2017-11-06 14:00:00,1,NA,NA,NA,0,0,FALSE,NA,NA,NA,NA,NA,NA,FALSE
"8414","A69-9006-1747",8414,"Noordzeekanaal","Overtoom 1","VR2W-119065",52.430117,4.784283,2017-11-09 19:53:44,2017-11-09 19:53:44,1,280424,8500.226913,0.030312,8500.226913,-8500.226913,FALSE,NA,NA,NA,NA,NA,NA,FALSE
"8415","A69-9006-1747",8415,"Noordzeekanaal","Zaangemaal 3","VR2W-119064",52.437818,4.826197,2017-11-24 22:27:17,2017-11-24 22:28:53,3,1305213,6486.252911,0.004969,14986.479824,-14620.835102,NA,NA,NA,NA,NA,NA,NA,FALSE
"8416","A69-9006-1748",8416,"Noordzeekanaal","rel_noordzeekanaal1","none",52.452208,4.678779,2017-11-06 14:00:00,2017-11-06 14:00:00,1,NA,NA,NA,0,0,FALSE,3455.231233,2,2017-11-10 22:04:00,3455.231233,374640,0.00922280384635917,FALSE
"8417","A69-9006-1748",8417,"Noordzeekanaal","Noordzeekanaal","VR2W-114165",52.462798,4.633995,2017-11-10 22:04:00,2017-11-10 22:23:04,27,374640,3455.231233,0.009223,3455.231233,3455.231233,TRUE,5779.222216,3,2017-11-10 23:17:21,2323.990983,4401,0.52805975528289,TRUE
"8418","A69-9006-1748",8418,"Noordzeekanaal","Middensluis NZK","VR2W-132417",52.465373,4.601803,2017-11-10 23:17:21,2017-11-10 23:37:12,12,3257,2323.990983,0.713537,5779.222216,5779.222216,TRUE,209262.108408,5,2017-11-19 12:37:03,203482.886192,739182,0.275281170526339,TRUE
"8419","A69-9006-1748",8419,"Noordzeekanaal","Middensluis Noordzee","VR2W-132410",52.46629,4.592332,2017-11-11 03:31:48,2017-11-11 03:43:17,25,14076,699.917433,0.049724,6479.139649,6479.139649,TRUE,209262.108408,5,2017-11-19 12:37:03,202782.968759,723915,0.280119860424221,TRUE
"8420","A69-9006-1748",8420,"Noordzeekanaal","bpns-Whitley","VR2W-129571",51.1511666667,2.6603333333,2017-11-19 12:37:03,2017-11-19 12:37:03,1,723226,202948.636064,0.280616,209427.775713,209262.108408,TRUE,212888.379901,6,2017-11-20 00:12:15,3626.27149300001,41712,0.0869359295406599,TRUE
"8421","A69-9006-1748",8421,"Noordzeekanaal","bpns-Trapegeer","VR2W-126201",51.1403333333,2.573,2017-11-20 00:12:15,2017-11-20 00:13:03,2,41712,6554.865579,0.157146,215982.641292,212888.379901,FALSE,NA,NA,NA,NA,NA,NA,TRUE
"8422","A69-9006-1748",8422,"Noordzeekanaal","bpns-Trapegeer","VR2W-126201",51.1403333333,2.573,2017-11-20 11:37:34,2017-11-20 11:43:52,8,NA,NA,NA,215982.641292,212888.379901,NA,NA,NA,NA,NA,NA,NA,TRUE
"8423","A69-9006-1749",8423,"Noordzeekanaal","rel_noordzeekanaal1","none",52.452208,4.678779,2017-11-06 14:00:00,2017-11-06 14:00:00,1,NA,NA,NA,0,0,TRUE,3455.231233,2,2017-11-06 14:19:10,3455.231233,1150,3.00454889826087,TRUE
"8424","A69-9006-1749",8424,"Noordzeekanaal","Noordzeekanaal","VR2W-114165",52.462798,4.633995,2017-11-06 14:19:10,2017-11-06 15:19:19,29,1150,3455.231233,3.004549,3455.231233,3455.231233,TRUE,5627.770357,3,2017-11-06 16:42:27,2172.539124,8597,0.252708982668373,TRUE
"8425","A69-9006-1749",8425,"Noordzeekanaal","Spuisluis NZK","VR2W-114167",52.470646,4.607811,2017-11-06 16:42:27,2017-11-06 17:06:23,17,4988,2172.539123,0.435553,5627.770356,5627.770357,FALSE,NA,NA,NA,NA,NA,NA,TRUE
"8426","A69-9006-1749",8426,"Noordzeekanaal","Noordzeekanaal","VR2W-114165",52.462798,4.633995,2017-11-06 17:47:39,2017-11-06 17:48:33,2,2476,2172.539123,0.877439,7800.309479,3455.231233,TRUE,5062.150232,5,2017-11-06 17:52:21,1606.918999,282,5.69829432269504,TRUE
"8427","A69-9006-1749",8427,"Noordzeekanaal","Grote sluis NZK","VR2W-114178",52.467488,4.613347,2017-11-06 17:52:21,2017-11-06 21:21:23,125,228,1606.918999,7.04789,9407.228478,5062.150232,TRUE,6486.247372,7,2017-11-07 03:01:18,1424.09714,32937,0.0432370021556304,TRUE
"8428","A69-9006-1749",8428,"Noordzeekanaal","Grote sluis Noordzee","VR2W-132414",52.466907,4.600546,2017-11-06 23:20:27,2017-11-07 01:38:01,33,7144,941.310669,0.131762,10348.539147,5920.627248,NA,NA,NA,NA,NA,NA,NA,TRUE
"8429","A69-9006-1749",8429,"Noordzeekanaal","Spuisluis Noordzee","VR2W-132409",52.471207,4.595198,2017-11-07 03:01:18,2017-11-07 03:01:26,2,4997,565.620125,0.113192,10914.159272,6486.247372,NA,NA,NA,NA,NA,NA,NA,TRUE
"8430","A69-9006-1750",8430,"Noordzeekanaal","rel_noordzeekanaal1","none",52.452208,4.678779,2017-11-06 14:00:00,2017-11-06 14:00:00,1,NA,NA,NA,0,0,TRUE,3455.231233,2,2017-11-09 21:46:16,3455.231233,287176,0.0120317548576483,TRUE
"8431","A69-9006-1750",8431,"Noordzeekanaal","Noordzeekanaal","VR2W-114164",52.465232,4.633992,2017-11-09 21:46:16,2017-11-09 22:03:00,25,287176,3455.231233,0.012032,3455.231233,3455.231233,TRUE,5062.150232,3,2017-11-09 22:20:56,1606.918999,2080,0.772557211057692,TRUE
"8432","A69-9006-1750",8432,"Noordzeekanaal","Grote sluis NZK","VR2W-114178",52.467488,4.613347,2017-11-09 22:20:56,2017-11-10 02:20:31,112,1076,1606.918999,1.493419,5062.150232,5062.150232,FALSE,NA,NA,NA,NA,NA,NA,TRUE
"8433","A69-9006-1750",8433,"Noordzeekanaal","Noordzeekanaal","VR2W-114165",52.462798,4.633995,2017-11-10 02:38:48,2017-11-10 02:38:48,1,1097,1606.918999,1.46483,6669.069231,3455.231233,TRUE,5062.150232,5,2017-11-10 02:59:52,1606.918999,1264,1.27129667642405,TRUE
"8434","A69-9006-1750",8434,"Noordzeekanaal","Grote sluis NZK","VR2W-114178",52.467488,4.613347,2017-11-10 02:59:52,2017-11-10 03:45:58,32,1264,1606.918999,1.271297,8275.98823,5062.150232,FALSE,NA,NA,NA,NA,NA,NA,TRUE
"8435","A69-9006-1750",8435,"Noordzeekanaal","Noordzeekanaal","VR2W-114165",52.462798,4.633995,2017-11-10 03:56:53,2017-11-10 04:48:22,43,655,1606.918999,2.453311,9882.907229,3455.231233,NA,NA,NA,NA,NA,NA,NA,TRUE
"8436","A69-9006-1751",8436,"Noordzeekanaal","rel_noordzeekanaal1","none",52.452208,4.678779,2017-11-06 14:00:00,2017-11-06 14:00:00,1,NA,NA,NA,0,0,TRUE,3455.231233,2,2017-11-06 14:28:14,3455.231233,1694,2.03968785891381,TRUE
"8437","A69-9006-1751",8437,"Noordzeekanaal","Noordzeekanaal","VR2W-114165",52.462798,4.633995,2017-11-06 14:28:14,2017-11-06 15:10:51,23,1694,3455.231233,2.039688,3455.231233,3455.231233,TRUE,5062.150232,3,2017-11-06 15:16:00,1606.918999,2866,0.560683530704815,TRUE
"8438","A69-9006-1751",8438,"Noordzeekanaal","Grote sluis NZK","VR2W-114178",52.467488,4.613347,2017-11-06 15:16:00,2017-11-06 18:52:46,98,309,1606.918999,5.200385,5062.150232,5062.150232,FALSE,NA,NA,NA,NA,NA,NA,TRUE
"8439","A69-9006-1751",8439,"Noordzeekanaal","Noordzeekanaal","VR2W-114165",52.462798,4.633995,2017-11-06 18:56:30,2017-11-06 18:56:30,1,224,1606.918999,7.173746,6669.069231,3455.231233,TRUE,5062.150232,5,2017-11-06 18:57:10,1606.918999,40,40.172974975,TRUE
"8440","A69-9006-1751",8440,"Noordzeekanaal","Grote sluis NZK","VR2W-114178",52.467488,4.613347,2017-11-06 18:57:10,2017-11-06 19:02:30,4,40,1606.918999,40.172975,8275.98823,5062.150232,FALSE,NA,NA,NA,NA,NA,NA,TRUE
"8441","A69-9006-1751",8441,"Noordzeekanaal","Noordzeekanaal","VR2W-114165",52.462798,4.633995,2017-11-06 19:03:26,2017-11-06 19:17:46,5,56,1606.918999,28.694982,9882.907229,3455.231233,TRUE,5062.150232,7,2017-11-06 19:24:17,1606.918999,1251,1.2845075931255,TRUE
"8442","A69-9006-1751",8442,"Noordzeekanaal","Grote sluis NZK","VR2W-114178",52.467488,4.613347,2017-11-06 19:24:17,2017-11-06 21:00:30,60,391,1606.918999,4.109767,11489.826228,5062.150232,FALSE,NA,NA,NA,NA,NA,NA,TRUE
"8443","A69-9006-1751",8443,"Noordzeekanaal","Noordzeekanaal","VR2W-114165",52.462798,4.633995,2017-11-06 22:26:00,2017-11-07 01:40:05,97,5130,1606.918999,0.31324,13096.745227,3455.231233,FALSE,5062.150232,10,2017-11-07 21:14:19,1606.918999,82099,0.0195729424109916,TRUE
"8444","A69-9006-1751",8444,"Noordzeekanaal","Noordzeekanaal","VR2W-114165",52.462798,4.633995,2017-11-07 20:58:51,2017-11-07 20:58:51,1,NA,NA,NA,13096.745227,3455.231233,TRUE,5062.150232,10,2017-11-07 21:14:19,1606.918999,928,1.73159374892241,TRUE
"8445","A69-9006-1751",8445,"Noordzeekanaal","Grote sluis NZK","VR2W-114178",52.467488,4.613347,2017-11-07 21:14:19,2017-11-07 21:28:31,13,928,1606.918999,1.731594,14703.664226,5062.150232,FALSE,NA,NA,NA,NA,NA,NA,TRUE
"8446","A69-9006-1751",8446,"Noordzeekanaal","Noordzeekanaal","VR2W-114165",52.462798,4.633995,2017-11-08 06:07:53,2017-11-08 06:17:01,2,31162,1606.918999,0.051567,16310.583225,3455.231233,FALSE,5062.150232,15,2017-11-12 17:12:08,1606.918999,385455,0.00416888871333878,TRUE
"8447","A69-9006-1751",8447,"Noordzeekanaal","Noordzeekanaal","VR2W-114165",52.462798,4.633995,2017-11-11 07:55:53,2017-11-11 08:23:48,17,NA,NA,NA,16310.583225,3455.231233,FALSE,5062.150232,15,2017-11-12 17:12:08,1606.918999,119775,0.0134161469338343,TRUE
"8448","A69-9006-1751",8448,"Noordzeekanaal","Noordzeekanaal","VR2W-114165",52.462798,4.633995,2017-11-11 09:24:18,2017-11-11 11:16:58,8,NA,NA,NA,16310.583225,3455.231233,FALSE,5062.150232,15,2017-11-12 17:12:08,1606.918999,114470,0.0140379051192452,TRUE
"8449","A69-9006-1751",8449,"Noordzeekanaal","Noordzeekanaal","VR2W-114165",52.462798,4.633995,2017-11-12 17:02:00,2017-11-12 17:05:13,2,NA,NA,NA,16310.583225,3455.231233,TRUE,5062.150232,15,2017-11-12 17:12:08,1606.918999,608,2.64295887993421,TRUE
"8450","A69-9006-1751",8450,"Noordzeekanaal","Grote sluis NZK","VR2W-114178",52.467488,4.613347,2017-11-12 17:12:08,2017-11-12 17:51:11,12,415,1606.918999,3.872094,17917.502224,5062.150232,FALSE,NA,NA,NA,NA,NA,NA,TRUE
"8451","A69-9006-1751",8451,"Noordzeekanaal","Noordzeekanaal","VR2W-114165",52.462798,4.633995,2017-11-12 18:07:56,2017-11-12 19:14:48,28,1005,1606.918999,1.598924,19524.421223,3455.231233,FALSE,5062.150232,18,2017-11-12 20:53:34,1606.918999,9938,0.161694405212316,TRUE
"8452","A69-9006-1751",8452,"Noordzeekanaal","Noordzeekanaal","VR2W-114165",52.462798,4.633995,2017-11-12 20:51:08,2017-11-12 20:52:30,2,NA,NA,NA,19524.421223,3455.231233,TRUE,5062.150232,18,2017-11-12 20:53:34,1606.918999,146,11.0062945136986,TRUE
"8453","A69-9006-1751",8453,"Noordzeekanaal","Grote sluis NZK","VR2W-114178",52.467488,4.613347,2017-11-12 20:53:34,2017-11-12 20:54:56,3,64,1606.918999,25.108109,21131.340222,5062.150232,FALSE,NA,NA,NA,NA,NA,NA,TRUE
"8454","A69-9006-1751",8454,"Noordzeekanaal","Noordzeekanaal","VR2W-114165",52.462798,4.633995,2017-11-12 20:55:55,2017-11-12 21:35:33,7,59,1606.918999,27.235915,22738.259221,3455.231233,TRUE,5062.150232,20,2017-11-12 21:58:35,1606.918999,3760,0.427372074202128,TRUE
"8455","A69-9006-1751",8455,"Noordzeekanaal","Grote sluis NZK","VR2W-114178",52.467488,4.613347,2017-11-12 21:58:35,2017-11-12 21:58:35,1,1382,1606.918999,1.162749,24345.17822,5062.150232,FALSE,NA,NA,NA,NA,NA,NA,TRUE
"8456","A69-9006-1751",8456,"Noordzeekanaal","Noordzeekanaal","VR2W-114165",52.462798,4.633995,2017-11-12 21:59:19,2017-11-12 21:59:19,1,44,1606.918999,36.520886,25952.097219,3455.231233,TRUE,5062.150232,22,2017-11-12 22:02:32,1606.918999,193,8.3260051761658,TRUE
"8457","A69-9006-1751",8457,"Noordzeekanaal","Grote sluis NZK","VR2W-114178",52.467488,4.613347,2017-11-12 22:02:32,2017-11-12 22:02:32,1,193,1606.918999,8.326005,27559.016218,5062.150232,FALSE,NA,NA,NA,NA,NA,NA,TRUE
"8458","A69-9006-1751",8458,"Noordzeekanaal","Noordzeekanaal","VR2W-114165",52.462798,4.633995,2017-11-12 22:57:21,2017-11-13 01:52:08,27,3289,1606.918999,0.488574,29165.935217,3455.231233,FALSE,5062.150232,25,2017-11-14 23:03:17,1606.918999,173156,0.00928018087158401,TRUE
"8459","A69-9006-1751",8459,"Noordzeekanaal","Noordzeekanaal","VR2W-114165",52.462798,4.633995,2017-11-14 16:57:16,2017-11-14 22:47:32,33,NA,NA,NA,29165.935217,3455.231233,TRUE,5062.150232,25,2017-11-14 23:03:17,1606.918999,21961,0.073171485770229,TRUE
"8460","A69-9006-1751",8460,"Noordzeekanaal","Grote sluis NZK","VR2W-114178",52.467488,4.613347,2017-11-14 23:03:17,2017-11-14 23:03:17,1,945,1606.918999,1.700443,30772.854216,5062.150232,FALSE,NA,NA,NA,NA,NA,NA,TRUE
"8461","A69-9006-1751",8461,"Noordzeekanaal","Noordzeekanaal","VR2W-114165",52.462798,4.633995,2017-11-14 23:07:40,2017-11-14 23:07:40,1,263,1606.918999,6.109958,32379.773215,3455.231233,FALSE,5779.222216,39,2017-11-25 20:10:37,2323.990983,939777,0.00247291749319253,TRUE
"8462","A69-9006-1751",8462,"Noordzeekanaal","Noordzeekanaal","VR2W-114165",52.462798,4.633995,2017-11-15 00:36:42,2017-11-15 00:36:42,1,NA,NA,NA,32379.773215,3455.231233,FALSE,5779.222216,39,2017-11-25 20:10:37,2323.990983,934435,0.00248705472611792,TRUE
"8463","A69-9006-1751",8463,"Noordzeekanaal","Noordzeekanaal","VR2W-114165",52.462798,4.633995,2017-11-16 22:50:21,2017-11-17 00:08:59,9,NA,NA,NA,32379.773215,3455.231233,FALSE,5779.222216,39,2017-11-25 20:10:37,2323.990983,768016,0.00302596688480448,TRUE
"8464","A69-9006-1751",8464,"Noordzeekanaal","Noordzeekanaal","VR2W-114165",52.462798,4.633995,2017-11-17 03:37:10,2017-11-17 03:37:10,1,NA,NA,NA,32379.773215,3455.231233,FALSE,5779.222216,39,2017-11-25 20:10:37,2323.990983,750807,0.00309532407529498,TRUE
"8465","A69-9006-1751",8465,"Noordzeekanaal","Noordzeekanaal","VR2W-114165",52.462798,4.633995,2017-11-17 08:43:37,2017-11-17 08:43:37,1,NA,NA,NA,32379.773215,3455.231233,FALSE,5779.222216,39,2017-11-25 20:10:37,2323.990983,732420,0.00317303047841402,TRUE
"8466","A69-9006-1751",8466,"Noordzeekanaal","Noordzeekanaal","VR2W-114165",52.462798,4.633995,2017-11-17 20:37:00,2017-11-17 20:53:54,5,NA,NA,NA,32379.773215,3455.231233,FALSE,5779.222216,39,2017-11-25 20:10:37,2323.990983,689617,0.00336997345338064,TRUE
"8467","A69-9006-1751",8467,"Noordzeekanaal","Noordzeekanaal","VR2W-114165",52.462798,4.633995,2017-11-17 21:56:10,2017-11-17 22:14:49,2,NA,NA,NA,32379.773215,3455.231233,FALSE,5779.222216,39,2017-11-25 20:10:37,2323.990983,684867,0.00339334642054589,TRUE
"8468","A69-9006-1751",8468,"Noordzeekanaal","Noordzeekanaal","VR2W-114165",52.462798,4.633995,2017-11-18 00:58:18,2017-11-18 00:58:18,1,NA,NA,NA,32379.773215,3455.231233,FALSE,5779.222216,39,2017-11-25 20:10:37,2323.990983,673939,0.00344836993110652,TRUE
"8469","A69-9006-1751",8469,"Noordzeekanaal","Noordzeekanaal","VR2W-114165",52.462798,4.633995,2017-11-20 08:31:03,2017-11-20 08:31:03,1,NA,NA,NA,32379.773215,3455.231233,FALSE,5779.222216,39,2017-11-25 20:10:37,2323.990983,473974,0.0049032035153827,TRUE
"8470","A69-9006-1751",8470,"Noordzeekanaal","Noordzeekanaal","VR2W-114165",52.462798,4.633995,2017-11-20 11:05:39,2017-11-20 11:05:39,1,NA,NA,NA,32379.773215,3455.231233,FALSE,5779.222216,39,2017-11-25 20:10:37,2323.990983,464698,0.00500107808297002,TRUE
"8471","A69-9006-1751",8471,"Noordzeekanaal","Noordzeekanaal","VR2W-114165",52.462798,4.633995,2017-11-20 12:48:49,2017-11-20 12:48:49,1,NA,NA,NA,32379.773215,3455.231233,FALSE,5779.222216,39,2017-11-25 20:10:37,2323.990983,458508,0.00506859418592478,TRUE
"8472","A69-9006-1751",8472,"Noordzeekanaal","Noordzeekanaal","VR2W-114165",52.462798,4.633995,2017-11-21 04:17:12,2017-11-21 04:17:12,1,NA,NA,NA,32379.773215,3455.231233,FALSE,5779.222216,39,2017-11-25 20:10:37,2323.990983,402805,0.00576951870756321,TRUE
"8473","A69-9006-1751",8473,"Noordzeekanaal","Noordzeekanaal","VR2W-114165",52.462798,4.633995,2017-11-21 05:49:33,2017-11-21 05:49:33,1,NA,NA,NA,32379.773215,3455.231233,FALSE,5779.222216,39,2017-11-25 20:10:37,2323.990983,397264,0.00584999139866688,TRUE
"8474","A69-9006-1751",8474,"Noordzeekanaal","Middensluis NZK","VR2W-132417",52.465373,4.601803,2017-11-25 20:10:37,2017-11-25 20:14:52,5,397264,2323.990983,0.00585,34703.764198,5779.222216,FALSE,NA,NA,NA,NA,NA,NA,TRUE
"8475","A69-9006-1751",8475,"Noordzeekanaal","Middensluis NZK","VR2W-132417",52.465373,4.601803,2017-11-25 21:48:43,2017-11-25 21:53:19,2,NA,NA,NA,34703.764198,5779.222216,FALSE,NA,NA,NA,NA,NA,NA,TRUE
"8476","A69-9006-1751",8476,"Noordzeekanaal","Middensluis NZK","VR2W-132417",52.465373,4.601803,2017-11-26 01:39:25,2017-11-26 01:39:25,1,NA,NA,NA,34703.764198,5779.222216,FALSE,NA,NA,NA,NA,NA,NA,TRUE
"8477","A69-9006-1751",8477,"Noordzeekanaal","Middensluis NZK","VR2W-132417",52.465373,4.601803,2017-11-26 03:59:33,2017-11-26 04:38:36,37,NA,NA,NA,34703.764198,5779.222216,FALSE,NA,NA,NA,NA,NA,NA,TRUE
"8478","A69-9006-1751",8478,"Noordzeekanaal","Middensluis NZK","VR2W-132417",52.465373,4.601803,2017-11-26 16:23:33,2017-11-27 01:04:26,367,NA,NA,NA,34703.764198,5779.222216,FALSE,NA,NA,NA,NA,NA,NA,TRUE
"8479","A69-9006-1751",8479,"Noordzeekanaal","Middensluis NZK","VR2W-132417",52.465373,4.601803,2017-11-30 00:33:53,2017-11-30 00:49:28,11,NA,NA,NA,34703.764198,5779.222216,FALSE,NA,NA,NA,NA,NA,NA,TRUE
"8480","A69-9006-1751",8480,"Noordzeekanaal","Middensluis NZK","VR2W-132417",52.465373,4.601803,2017-12-01 17:38:15,2017-12-01 17:38:15,1,NA,NA,NA,34703.764198,5779.222216,FALSE,NA,NA,NA,NA,NA,NA,TRUE
"8481","A69-9006-1751",8481,"Noordzeekanaal","Middensluis NZK","VR2W-132417",52.465373,4.601803,2017-12-01 19:13:19,2017-12-02 00:41:04,74,NA,NA,NA,34703.764198,5779.222216,FALSE,NA,NA,NA,NA,NA,NA,TRUE
"8482","A69-9006-1751",8482,"Noordzeekanaal","Middensluis NZK","VR2W-132417",52.465373,4.601803,2017-12-02 02:17:09,2017-12-02 02:17:09,1,NA,NA,NA,34703.764198,5779.222216,FALSE,NA,NA,NA,NA,NA,NA,TRUE
"8483","A69-9006-1751",8483,"Noordzeekanaal","Middensluis NZK","VR2W-132417",52.465373,4.601803,2017-12-02 03:19:25,2017-12-02 03:56:29,42,NA,NA,NA,34703.764198,5779.222216,FALSE,NA,NA,NA,NA,NA,NA,TRUE
"8484","A69-9006-1751",8484,"Noordzeekanaal","Noordzeekanaal","VR2W-114164",52.465232,4.633992,2017-12-02 03:57:02,2017-12-02 03:57:02,1,33,2323.990983,70.423969,37027.755181,3455.231233,TRUE,5779.222216,50,2017-12-02 03:58:08,2323.990983,66,35.2119845909091,TRUE
"8485","A69-9006-1751",8485,"Noordzeekanaal","Middensluis NZK","VR2W-132417",52.465373,4.601803,2017-12-02 03:58:08,2017-12-02 04:04:47,8,66,2323.990983,35.211985,39351.746164,5779.222216,FALSE,NA,NA,NA,NA,NA,NA,TRUE
"8486","A69-9006-1751",8486,"Noordzeekanaal","Noordzeekanaal","VR2W-114164",52.465232,4.633992,2017-12-02 04:05:04,2017-12-02 04:05:04,1,17,2323.990983,136.705352,41675.737147,3455.231233,TRUE,5779.222216,52,2017-12-02 04:05:33,2323.990983,29,80.1376201034483,TRUE
"8487","A69-9006-1751",8487,"Noordzeekanaal","Middensluis NZK","VR2W-132417",52.465373,4.601803,2017-12-02 04:05:33,2017-12-02 04:08:50,5,29,2323.990983,80.13762,43999.72813,5779.222216,FALSE,NA,NA,NA,NA,NA,NA,TRUE
"8488","A69-9006-1751",8488,"Noordzeekanaal","Noordzeekanaal","VR2W-114164",52.465232,4.633992,2017-12-02 04:14:16,2017-12-02 04:14:16,1,326,2323.990983,7.128807,46323.719113,3455.231233,TRUE,5779.222216,54,2017-12-02 04:14:37,2323.990983,21,110.666237285714,TRUE
"8489","A69-9006-1751",8489,"Noordzeekanaal","Middensluis NZK","VR2W-132417",52.465373,4.601803,2017-12-02 04:14:37,2017-12-02 04:14:37,1,21,2323.990983,110.666237,48647.710096,5779.222216,FALSE,NA,NA,NA,NA,NA,NA,TRUE
"8490","A69-9006-1751",8490,"Noordzeekanaal","Noordzeekanaal","VR2W-114164",52.465232,4.633992,2017-12-02 04:15:08,2017-12-02 04:15:08,1,31,2323.990983,74.967451,50971.701079,3455.231233,TRUE,5779.222216,56,2017-12-02 04:17:03,2323.990983,115,20.2086172434783,TRUE
"8491","A69-9006-1751",8491,"Noordzeekanaal","Middensluis NZK","VR2W-132417",52.465373,4.601803,2017-12-02 04:17:03,2017-12-02 04:17:03,1,115,2323.990983,20.208617,53295.692062,5779.222216,FALSE,NA,NA,NA,NA,NA,NA,TRUE
"8492","A69-9006-1751",8492,"Noordzeekanaal","Noordzeekanaal","VR2W-114164",52.465232,4.633992,2017-12-02 04:18:15,2017-12-02 04:18:15,1,72,2323.990983,32.277653,55619.683045,3455.231233,TRUE,5779.222216,58,2017-12-02 04:18:36,2323.990983,21,110.666237285714,TRUE
"8493","A69-9006-1751",8493,"Noordzeekanaal","Middensluis NZK","VR2W-132417",52.465373,4.601803,2017-12-02 04:18:36,2017-12-02 04:24:50,6,21,2323.990983,110.666237,57943.674028,5779.222216,FALSE,NA,NA,NA,NA,NA,NA,TRUE
"8494","A69-9006-1751",8494,"Noordzeekanaal","Noordzeekanaal","VR2W-114164",52.465232,4.633992,2017-12-02 04:25:56,2017-12-02 04:25:56,1,66,2323.990983,35.211985,60267.665011,3455.231233,TRUE,5779.222216,60,2017-12-02 04:26:16,2323.990983,20,116.19954915,TRUE
"8495","A69-9006-1751",8495,"Noordzeekanaal","Middensluis NZK","VR2W-132417",52.465373,4.601803,2017-12-02 04:26:16,2017-12-02 04:26:29,2,20,2323.990983,116.199549,62591.655994,5779.222216,FALSE,NA,NA,NA,NA,NA,NA,TRUE
"8496","A69-9006-1751",8496,"Noordzeekanaal","Noordzeekanaal","VR2W-114164",52.465232,4.633992,2017-12-02 04:27:07,2017-12-02 04:27:07,1,38,2323.990983,61.157657,64915.646977,3455.231233,TRUE,5062.150232,62,2017-12-02 04:27:22,1606.918999,15,107.127933266667,TRUE
"8497","A69-9006-1751",8497,"Noordzeekanaal","Grote sluis NZK","VR2W-114178",52.467488,4.613347,2017-12-02 04:27:22,2017-12-02 04:28:13,3,15,1606.918999,107.127933,66522.565976,5062.150232,FALSE,NA,NA,NA,NA,NA,NA,TRUE
"8498","A69-9006-1751",8498,"Noordzeekanaal","Noordzeekanaal","VR2W-114164",52.465232,4.633992,2017-12-02 04:28:57,2017-12-02 04:28:57,1,44,1606.918999,36.520886,68129.484975,3455.231233,TRUE,5062.150232,64,2017-12-02 04:28:58,1606.918999,1,1606.918999,TRUE
"8499","A69-9006-1751",8499,"Noordzeekanaal","Grote sluis NZK","VR2W-114178",52.467488,4.613347,2017-12-02 04:28:58,2017-12-02 04:33:21,11,1,1606.918999,1606.918999,69736.403974,5062.150232,FALSE,NA,NA,NA,NA,NA,NA,TRUE
"8500","A69-9006-1751",8500,"Noordzeekanaal","Noordzeekanaal","VR2W-114164",52.465232,4.633992,2017-12-02 04:36:36,2017-12-02 04:36:36,1,195,1606.918999,8.24061,71343.322973,3455.231233,TRUE,5062.150232,66,2017-12-02 04:39:39,1606.918999,183,8.78097813661202,TRUE
"8501","A69-9006-1751",8501,"Noordzeekanaal","Grote sluis NZK","VR2W-114178",52.467488,4.613347,2017-12-02 04:39:39,2017-12-02 04:42:00,3,183,1606.918999,8.780978,72950.241972,5062.150232,FALSE,NA,NA,NA,NA,NA,NA,TRUE
"8502","A69-9006-1751",8502,"Noordzeekanaal","Noordzeekanaal","VR2W-114164",52.465232,4.633992,2017-12-02 04:43:15,2017-12-02 04:48:23,6,75,1606.918999,21.425587,74557.160971,3455.231233,TRUE,5062.150232,68,2017-12-02 04:48:31,1606.918999,316,5.0851867056962,TRUE
"8503","A69-9006-1751",8503,"Noordzeekanaal","Grote sluis NZK","VR2W-114178",52.467488,4.613347,2017-12-02 04:48:31,2017-12-02 04:48:31,1,8,1606.918999,200.864875,76164.07997,5062.150232,FALSE,NA,NA,NA,NA,NA,NA,TRUE
"8504","A69-9006-1751",8504,"Noordzeekanaal","Noordzeekanaal","VR2W-114164",52.465232,4.633992,2017-12-02 04:48:38,2017-12-02 04:49:13,2,7,1606.918999,229.559857,77770.998969,3455.231233,TRUE,5062.150232,70,2017-12-02 04:49:21,1606.918999,43,37.3702092790698,TRUE
"8505","A69-9006-1751",8505,"Noordzeekanaal","Grote sluis NZK","VR2W-114178",52.467488,4.613347,2017-12-02 04:49:21,2017-12-02 04:52:53,3,8,1606.918999,200.864875,79377.917968,5062.150232,FALSE,NA,NA,NA,NA,NA,NA,TRUE
"8506","A69-9006-1751",8506,"Noordzeekanaal","Noordzeekanaal","VR2W-114165",52.462798,4.633995,2017-12-02 04:54:24,2017-12-02 04:56:41,5,91,1606.918999,17.658451,80984.836967,3455.231233,TRUE,5779.222216,72,2017-12-02 04:57:03,2323.990983,159,14.616295490566,TRUE
"8507","A69-9006-1751",8507,"Noordzeekanaal","Middensluis NZK","VR2W-132417",52.465373,4.601803,2017-12-02 04:57:03,2017-12-02 04:57:03,1,22,2323.990983,105.635954,83308.82795,5779.222216,FALSE,NA,NA,NA,NA,NA,NA,TRUE
"8508","A69-9006-1751",8508,"Noordzeekanaal","Noordzeekanaal","VR2W-114165",52.462798,4.633995,2017-12-02 04:57:19,2017-12-02 04:59:08,6,16,2323.990983,145.249436,85632.818933,3455.231233,TRUE,5062.150232,74,2017-12-02 04:59:44,1606.918999,145,11.0821999931034,TRUE
"8509","A69-9006-1751",8509,"Noordzeekanaal","Grote sluis NZK","VR2W-114178",52.467488,4.613347,2017-12-02 04:59:44,2017-12-02 04:59:44,1,36,1606.918999,44.636639,87239.737932,5062.150232,FALSE,NA,NA,NA,NA,NA,NA,TRUE
"8510","A69-9006-1751",8510,"Noordzeekanaal","Noordzeekanaal","VR2W-114165",52.462798,4.633995,2017-12-02 04:59:47,2017-12-02 06:35:18,45,3,1606.918999,535.639666,88846.656931,3455.231233,FALSE,5062.150232,77,2017-12-04 09:47:43,1606.918999,190076,0.00845408678107704,TRUE
"8511","A69-9006-1751",8511,"Noordzeekanaal","Noordzeekanaal","VR2W-114165",52.462798,4.633995,2017-12-04 08:46:02,2017-12-04 09:18:56,44,NA,NA,NA,88846.656931,3455.231233,TRUE,5062.150232,77,2017-12-04 09:47:43,1606.918999,3701,0.434185084841935,TRUE
"8512","A69-9006-1751",8512,"Noordzeekanaal","Grote sluis NZK","VR2W-114178",52.467488,4.613347,2017-12-04 09:47:43,2017-12-04 16:36:11,272,1727,1606.918999,0.930468,90453.57593,5062.150232,NA,NA,NA,NA,NA,NA,NA,TRUE
"8513","A69-9006-1751",8513,"Noordzeekanaal","Grote sluis Noordzee","VR2W-132414",52.466907,4.600546,2017-12-04 18:07:04,2017-12-05 16:18:11,621,5453,941.310669,0.172623,91394.886599,5920.627248,NA,NA,NA,NA,NA,NA,NA,TRUE
"8514","A69-9006-1752",8514,"Noordzeekanaal","rel_noordzeekanaal1","none",52.452208,4.678779,2017-11-06 14:00:00,2017-11-06 14:00:00,1,NA,NA,NA,0,0,FALSE,NA,NA,NA,NA,NA,NA,FALSE
"8515","A69-9006-1752",8515,"Noordzeekanaal","Zaangemaal 3","VR2W-119064",52.437818,4.826197,2017-11-11 20:38:06,2017-11-11 20:38:06,1,455886,14620.835102,0.032071,14620.835102,-14620.835102,FALSE,-8500.226913,11,2018-01-11 06:39:29,6120.608189,5220083,0.00117251166102148,FALSE
"8516","A69-9006-1752",8516,"Noordzeekanaal","Zaangemaal 3","VR2W-119064",52.437818,4.826197,2017-11-28 23:40:40,2017-11-29 01:59:53,85,NA,NA,NA,14620.835102,-14620.835102,FALSE,NA,NA,NA,NA,NA,NA,FALSE
"8517","A69-9006-1752",8517,"Noordzeekanaal","Oranjesluis","VR2W-114163",52.382553,4.959779,2017-12-03 02:18:36,2017-12-03 02:18:36,1,346723,12211.072367,0.035219,26831.907469,-22438.296616,FALSE,NA,NA,NA,NA,NA,NA,FALSE
"8518","A69-9006-1752",8518,"Noordzeekanaal","ARK Noord","VR2W-119054",52.355706,4.97029,2017-12-03 04:36:06,2017-12-03 06:14:17,54,8250,3196.690998,0.387478,30028.598467,-24966.436151,TRUE,-22438.296616,6,2017-12-03 07:42:00,2528.139535,11154,0.226657659584006,TRUE
"8519","A69-9006-1752",8519,"Noordzeekanaal","Oranjesluis","VR2W-102056",52.380016,4.955998,2017-12-03 07:42:00,2017-12-03 08:08:03,21,5263,3196.690998,0.60739,33225.289465,-22438.296616,FALSE,-19097.269034,10,2018-01-10 06:50:43,3341.027582,3280123,0.00101856777383043,TRUE
"8520","A69-9006-1752",8520,"Noordzeekanaal","Oranjesluis","VR2W-114163",52.382553,4.959779,2018-01-07 11:23:05,2018-01-07 13:29:15,40,NA,NA,NA,33225.289465,-22438.296616,FALSE,-19097.269034,10,2018-01-10 06:50:43,3341.027582,242858,0.0137571238419158,TRUE
"8521","A69-9006-1752",8521,"Noordzeekanaal","Oranjesluis","VR2W-102056",52.380016,4.955998,2018-01-07 14:36:17,2018-01-07 14:58:21,15,NA,NA,NA,33225.289465,-22438.296616,FALSE,-19097.269034,10,2018-01-10 06:50:43,3341.027582,231266,0.0144466872865013,TRUE
"8522","A69-9006-1752",8522,"Noordzeekanaal","Oranjesluis","VR2W-102056",52.380016,4.955998,2018-01-10 01:24:17,2018-01-10 03:25:34,69,NA,NA,NA,33225.289465,-22438.296616,TRUE,-19097.269034,10,2018-01-10 06:50:43,3341.027582,19586,0.170582435515164,TRUE
"8523","A69-9006-1752",8523,"Noordzeekanaal","Willem 2 sluis 2","VR2W-130587",52.383677,4.907053,2018-01-10 06:50:43,2018-01-10 06:51:28,2,12309,3423.861235,0.278159,36649.1507,-19097.269034,TRUE,-8500.226913,11,2018-01-11 06:39:29,10597.042121,85726,0.123615263992254,TRUE
"8524","A69-9006-1752",8524,"Noordzeekanaal","Overtoom 1","VR2W-119065",52.430117,4.784283,2018-01-11 06:39:29,2018-01-11 06:39:29,1,85681,10962.686843,0.127948,47611.837543,-8500.226913,FALSE,3455.231233,13,2018-01-16 00:56:36,11955.458146,411427,0.0290585162033605,TRUE
"8525","A69-9006-1752",8525,"Noordzeekanaal","Overtoom 1","VR2W-119065",52.430117,4.784283,2018-01-13 19:58:42,2018-01-13 19:58:42,1,NA,NA,NA,47611.837543,-8500.226913,TRUE,3455.231233,13,2018-01-16 00:56:36,11955.458146,190674,0.0627010402362147,TRUE
"8526","A69-9006-1752",8526,"Noordzeekanaal","Noordzeekanaal","VR2W-114165",52.462798,4.633995,2018-01-16 00:56:36,2018-01-16 01:31:36,34,190674,11955.458146,0.062701,59567.295689,3455.231233,TRUE,5062.150232,14,2018-01-16 02:11:06,1606.918999,4470,0.359489708948546,TRUE
"8527","A69-9006-1752",8527,"Noordzeekanaal","Grote sluis NZK","VR2W-114178",52.467488,4.613347,2018-01-16 02:11:06,2018-01-16 03:45:34,66,2370,1606.918999,0.678025,61174.214688,5062.150232,TRUE,6479.139649,15,2018-01-16 05:05:29,1416.989417,10463,0.135428597629743,TRUE
"8528","A69-9006-1752",8528,"Noordzeekanaal","Middensluis Noordzee","VR2W-132410",52.46629,4.592332,2018-01-16 05:05:29,2018-01-16 05:14:41,17,4795,1582.656724,0.330064,62756.871412,6479.139649,NA,NA,NA,NA,NA,NA,NA,TRUE
"8529","A69-9006-1753",8529,"Noordzeekanaal","rel_noordzeekanaal1","none",52.452208,4.678779,2017-11-13 14:00:00,2017-11-13 14:00:00,1,NA,NA,NA,0,0,TRUE,3455.231233,2,2017-11-13 14:06:43,3455.231233,403,8.57377477171216,TRUE
"8530","A69-9006-1753",8530,"Noordzeekanaal","Noordzeekanaal","VR2W-114165",52.462798,4.633995,2017-11-13 14:06:43,2017-11-13 14:35:32,18,403,3455.231233,8.573775,3455.231233,3455.231233,TRUE,5062.150232,3,2017-11-13 14:58:33,1606.918999,3110,0.516694211897106,TRUE
"8531","A69-9006-1753",8531,"Noordzeekanaal","Grote sluis NZK","VR2W-114178",52.467488,4.613347,2017-11-13 14:58:33,2017-11-13 17:11:58,38,1381,1606.918999,1.163591,5062.150232,5062.150232,TRUE,6337.734618,4,2017-11-13 17:28:27,1275.584386,8994,0.141826149210585,TRUE
"8532","A69-9006-1753",8532,"Noordzeekanaal","Kleine sluis NZK","VR2W-132415",52.464559,4.592909,2017-11-13 17:28:27,2017-11-13 20:20:44,99,989,1524.085346,1.541037,6586.235578,6337.734618,NA,NA,NA,NA,NA,NA,NA,TRUE
"8533","A69-9006-1754",8533,"Noordzeekanaal","rel_noordzeekanaal1","none",52.452208,4.678779,2017-11-13 14:00:00,2017-11-13 14:00:00,1,NA,NA,NA,0,0,TRUE,3455.231233,2,2017-11-13 14:06:55,3455.231233,415,8.32585839277108,TRUE
"8534","A69-9006-1754",8534,"Noordzeekanaal","Noordzeekanaal","VR2W-114165",52.462798,4.633995,2017-11-13 14:06:55,2017-11-13 14:49:54,25,415,3455.231233,8.325858,3455.231233,3455.231233,TRUE,5062.150232,3,2017-11-13 15:43:28,1606.918999,5793,0.277389780597273,TRUE
"8535","A69-9006-1754",8535,"Noordzeekanaal","Grote sluis NZK","VR2W-114178",52.467488,4.613347,2017-11-13 15:43:28,2017-11-13 17:47:01,43,3214,1606.918999,0.499975,5062.150232,5062.150232,NA,NA,NA,NA,NA,NA,NA,TRUE
"8536","A69-9006-1754",8536,"Noordzeekanaal","Grote sluis Noordzee","VR2W-132414",52.466907,4.600546,2017-11-13 18:48:32,2017-11-13 19:12:39,12,3691,941.310669,0.255029,6003.460901,5920.627248,NA,NA,NA,NA,NA,NA,NA,TRUE
"8537","A69-9006-1755",8537,"Noordzeekanaal","rel_noordzeekanaal1","none",52.452208,4.678779,2017-11-13 14:00:00,2017-11-13 14:00:00,1,NA,NA,NA,0,0,FALSE,3455.231233,2,2017-12-09 05:09:01,3455.231233,2214541,0.00156024712705703,FALSE
"8538","A69-9006-1755",8538,"Noordzeekanaal","Noordzeekanaal","VR2W-114165",52.462798,4.633995,2017-12-09 05:09:01,2017-12-09 06:29:40,73,2214541,3455.231233,0.00156,3455.231233,3455.231233,FALSE,5062.150232,4,2017-12-09 13:09:25,1606.918999,28824,0.0557493407923952,FALSE
"8539","A69-9006-1755",8539,"Noordzeekanaal","Noordzeekanaal","VR2W-114164",52.465232,4.633992,2017-12-09 11:01:43,2017-12-09 12:20:39,37,NA,NA,NA,3455.231233,3455.231233,TRUE,5062.150232,4,2017-12-09 13:09:25,1606.918999,7662,0.209725789480553,TRUE
"8540","A69-9006-1755",8540,"Noordzeekanaal","Grote sluis NZK","VR2W-114178",52.467488,4.613347,2017-12-09 13:09:25,2017-12-09 22:40:24,441,2926,1606.918999,0.549186,5062.150232,5062.150232,TRUE,6486.247372,5,2017-12-09 23:05:09,1424.09714,35744,0.0398415717323187,TRUE
"8541","A69-9006-1755",8541,"Noordzeekanaal","Spuisluis Noordzee","VR2W-132408",52.470319,4.594701,2017-12-09 23:05:09,2017-12-09 23:05:31,2,1485,1424.097141,0.958988,6486.247373,6486.247372,NA,NA,NA,NA,NA,NA,NA,TRUE
"8542","A69-9006-1756",8542,"Noordzeekanaal","rel_noordzeekanaal1","none",52.452208,4.678779,2017-11-13 14:00:00,2017-11-13 14:00:00,1,NA,NA,NA,0,0,TRUE,3455.231233,2,2017-11-13 15:27:32,3455.231233,5252,0.657888658225438,TRUE
"8543","A69-9006-1756",8543,"Noordzeekanaal","Noordzeekanaal","VR2W-114164",52.465232,4.633992,2017-11-13 15:27:32,2017-11-13 15:36:23,10,5252,3455.231233,0.657889,3455.231233,3455.231233,TRUE,5062.150232,3,2017-11-13 16:05:04,1606.918999,2252,0.713551953374778,TRUE
"8544","A69-9006-1756",8544,"Noordzeekanaal","Grote sluis NZK","VR2W-114178",52.467488,4.613347,2017-11-13 16:05:04,2017-11-13 17:56:12,44,1721,1606.918999,0.933712,5062.150232,5062.150232,NA,NA,NA,NA,NA,NA,NA,TRUE
"8545","A69-9006-1756",8545,"Noordzeekanaal","Grote sluis Noordzee","VR2W-132414",52.466907,4.600546,2017-11-13 19:01:13,2017-11-13 19:38:29,33,3901,941.310669,0.2413,6003.460901,5920.627248,NA,NA,NA,NA,NA,NA,NA,TRUE
"8546","A69-9006-1757",8546,"Noordzeekanaal","rel_noordzeekanaal1","none",52.452208,4.678779,2017-11-13 14:00:00,2017-11-13 14:00:00,1,NA,NA,NA,0,0,TRUE,3455.231233,2,2017-11-13 15:55:30,3455.231233,6930,0.498590365512265,TRUE
"8547","A69-9006-1757",8547,"Noordzeekanaal","Noordzeekanaal","VR2W-114165",52.462798,4.633995,2017-11-13 15:55:30,2017-11-13 15:55:30,1,6930,3455.231233,0.49859,3455.231233,3455.231233,FALSE,5062.150232,4,2017-11-13 17:50:23,1606.918999,6893,0.233123313361381,TRUE
"8548","A69-9006-1757",8548,"Noordzeekanaal","Noordzeekanaal","VR2W-114165",52.462798,4.633995,2017-11-13 17:16:06,2017-11-13 17:38:52,14,NA,NA,NA,3455.231233,3455.231233,TRUE,5062.150232,4,2017-11-13 17:50:23,1606.918999,2057,0.781195429752066,TRUE
"8549","A69-9006-1757",8549,"Noordzeekanaal","Grote sluis NZK","VR2W-114178",52.467488,4.613347,2017-11-13 17:50:23,2017-11-13 18:13:06,12,691,1606.918999,2.325498,5062.150232,5062.150232,TRUE,6486.247372,5,2017-11-13 18:18:44,1424.09714,1701,0.837211722516167,TRUE
"8550","A69-9006-1757",8550,"Noordzeekanaal","Spuisluis Noordzee","VR2W-132408",52.470319,4.594701,2017-11-13 18:18:44,2017-11-13 18:24:13,11,338,1424.097141,4.213305,6486.247373,6486.247372,NA,NA,NA,NA,NA,NA,NA,TRUE
"8551","A69-9006-1758",8551,"Noordzeekanaal","rel_noordzeekanaal1","none",52.452208,4.678779,2017-11-13 14:00:00,2017-11-13 14:00:00,1,NA,NA,NA,0,0,TRUE,3455.231233,2,2017-11-13 16:58:12,3455.231233,10692,0.323160422091283,TRUE
"8552","A69-9006-1758",8552,"Noordzeekanaal","Noordzeekanaal","VR2W-114165",52.462798,4.633995,2017-11-13 16:58:12,2017-11-13 17:23:22,17,10692,3455.231233,0.32316,3455.231233,3455.231233,TRUE,5062.150232,3,2017-11-13 17:44:27,1606.918999,2775,0.57906990954955,TRUE
"8553","A69-9006-1758",8553,"Noordzeekanaal","Grote sluis NZK","VR2W-114178",52.467488,4.613347,2017-11-13 17:44:27,2017-11-13 18:57:41,15,1265,1606.918999,1.270292,5062.150232,5062.150232,TRUE,6486.247372,4,2017-11-13 19:11:06,1424.09714,5199,0.273917511059819,TRUE
"8554","A69-9006-1758",8554,"Noordzeekanaal","Spuisluis Noordzee","VR2W-132409",52.471207,4.595198,2017-11-13 19:11:06,2017-11-13 19:11:06,1,805,1424.097141,1.769065,6486.247373,6486.247372,NA,NA,NA,NA,NA,NA,NA,TRUE
"8555","A69-9006-1759",8555,"Noordzeekanaal","rel_noordzeekanaal1","none",52.452208,4.678779,2017-11-13 14:00:00,2017-11-13 14:00:00,1,NA,NA,NA,0,0,TRUE,3455.231233,2,2017-11-13 17:35:27,3455.231233,12927,0.267287942523401,TRUE
"8556","A69-9006-1759",8556,"Noordzeekanaal","Noordzeekanaal","VR2W-114164",52.465232,4.633992,2017-11-13 17:35:27,2017-11-13 17:51:49,17,12927,3455.231233,0.267288,3455.231233,3455.231233,TRUE,5779.222216,3,2017-11-13 18:16:52,2323.990983,2485,0.935207639034205,TRUE
"8557","A69-9006-1759",8557,"Noordzeekanaal","Middensluis NZK","VR2W-132417",52.465373,4.601803,2017-11-13 18:16:52,2017-11-13 19:38:32,34,1503,2323.990983,1.546235,5779.222216,5779.222216,NA,NA,NA,NA,NA,NA,NA,TRUE
"8558","A69-9006-1759",8558,"Noordzeekanaal","Kleine sluis Noordzee","VR2W-132413",52.463762,4.587267,2017-11-13 19:57:54,2017-11-13 20:05:39,19,1162,1082.7157,0.931769,6861.937916,6696.270611,NA,NA,NA,NA,NA,NA,NA,TRUE
"8559","A69-9006-1760",8559,"Noordzeekanaal","rel_noordzeekanaal1","none",52.452208,4.678779,2017-11-13 14:00:00,2017-11-13 14:00:00,1,NA,NA,NA,0,0,TRUE,3455.231233,2,2017-11-13 14:26:03,3455.231233,1563,2.21064058413308,TRUE
"8560","A69-9006-1760",8560,"Noordzeekanaal","Noordzeekanaal","VR2W-114165",52.462798,4.633995,2017-11-13 14:26:03,2017-11-13 14:38:05,13,1563,3455.231233,2.210641,3455.231233,3455.231233,TRUE,5062.150232,3,2017-11-13 15:25:32,1606.918999,3569,0.450243485289997,TRUE
"8561","A69-9006-1760",8561,"Noordzeekanaal","Grote sluis NZK","VR2W-114178",52.467488,4.613347,2017-11-13 15:25:32,2017-11-13 17:04:21,39,2847,1606.918999,0.564425,5062.150232,5062.150232,NA,NA,NA,NA,NA,NA,NA,TRUE
"8562","A69-9006-1760",8562,"Noordzeekanaal","Grote sluis Noordzee","VR2W-132414",52.466907,4.600546,2017-11-13 19:00:56,2017-11-13 19:13:26,11,6995,941.310669,0.134569,6003.460901,5920.627248,NA,NA,NA,NA,NA,NA,NA,TRUE
"8563","A69-9006-1761",8563,"Noordzeekanaal","rel_noordzeekanaal1","none",52.452208,4.678779,2017-11-13 14:00:00,2017-11-13 14:00:00,1,NA,NA,NA,0,0,TRUE,3455.231233,2,2017-11-13 15:34:40,3455.231233,5680,0.608315357922535,TRUE
"8564","A69-9006-1761",8564,"Noordzeekanaal","Noordzeekanaal","VR2W-114165",52.462798,4.633995,2017-11-13 15:34:40,2017-11-13 15:34:40,1,5680,3455.231233,0.608315,3455.231233,3455.231233,FALSE,5779.222216,4,2017-11-13 22:10:54,2323.990983,23774,0.097753469462438,TRUE
"8565","A69-9006-1761",8565,"Noordzeekanaal","Noordzeekanaal","VR2W-114165",52.462798,4.633995,2017-11-13 16:40:45,2017-11-13 21:49:16,202,NA,NA,NA,3455.231233,3455.231233,TRUE,5779.222216,4,2017-11-13 22:10:54,2323.990983,19809,0.117319954717553,TRUE
"8566","A69-9006-1761",8566,"Noordzeekanaal","Middensluis NZK","VR2W-132417",52.465373,4.601803,2017-11-13 22:10:54,2017-11-14 00:29:31,63,1298,2323.990983,1.79044,5779.222216,5779.222216,NA,NA,NA,NA,NA,NA,NA,TRUE
"8567","A69-9006-1761",8567,"Noordzeekanaal","Kleine sluis NZK","VR2W-132415",52.464559,4.592909,2017-11-14 01:32:36,2017-11-14 03:49:02,116,3785,641.346055,0.169444,6420.568271,6337.734618,FALSE,NA,NA,NA,NA,NA,NA,TRUE
"8568","A69-9006-1761",8568,"Noordzeekanaal","Kleine sluis NZK","VR2W-132415",52.464559,4.592909,2017-11-14 05:27:48,2017-11-16 07:30:21,3495,NA,NA,NA,6420.568271,6337.734618,FALSE,NA,NA,NA,NA,NA,NA,TRUE
"8569","A69-9006-1761",8569,"Noordzeekanaal","Kleine sluis NZK","VR2W-132415",52.464559,4.592909,2017-11-16 10:44:07,2017-11-16 11:38:57,19,NA,NA,NA,6420.568271,6337.734618,FALSE,NA,NA,NA,NA,NA,NA,TRUE
"8570","A69-9006-1761",8570,"Noordzeekanaal","Noordzeekanaal","VR2W-114165",52.462798,4.633995,2017-11-16 13:15:34,2017-11-16 15:56:38,45,5797,2882.503385,0.497241,9303.071656,3455.231233,FALSE,5062.150232,13,2017-12-12 15:11:52,1606.918999,2253378,0.00071311559756064,TRUE
"8571","A69-9006-1761",8571,"Noordzeekanaal","Noordzeekanaal","VR2W-114165",52.462798,4.633995,2017-11-22 00:28:39,2017-11-22 05:25:22,179,NA,NA,NA,9303.071656,3455.231233,FALSE,NA,NA,NA,NA,NA,NA,TRUE
"8572","A69-9006-1761",8572,"Noordzeekanaal","Overtoom 1","VR2W-119065",52.430117,4.784283,2017-12-12 00:22:39,2017-12-12 00:22:39,1,1709837,11955.458146,0.006992,21258.529802,-8500.226913,TRUE,3455.231233,11,2017-12-12 07:28:38,11955.458146,25559,0.467759229469072,TRUE
"8573","A69-9006-1761",8573,"Noordzeekanaal","Noordzeekanaal","VR2W-114165",52.462798,4.633995,2017-12-12 07:28:38,2017-12-12 07:38:36,2,25559,11955.458146,0.467759,33213.987948,3455.231233,FALSE,5062.150232,13,2017-12-12 15:11:52,1606.918999,27794,0.0578153198172267,TRUE
"8574","A69-9006-1761",8574,"Noordzeekanaal","Noordzeekanaal","VR2W-114165",52.462798,4.633995,2017-12-12 13:38:26,2017-12-12 14:30:11,36,NA,NA,NA,33213.987948,3455.231233,TRUE,5062.150232,13,2017-12-12 15:11:52,1606.918999,5606,0.286642704067071,TRUE
"8575","A69-9006-1761",8575,"Noordzeekanaal","Grote sluis NZK","VR2W-114178",52.467488,4.613347,2017-12-12 15:11:52,2017-12-12 15:26:31,9,2501,1606.918999,0.642511,34820.906947,5062.150232,FALSE,NA,NA,NA,NA,NA,NA,TRUE
"8576","A69-9006-1761",8576,"Noordzeekanaal","Noordzeekanaal","VR2W-114164",52.465232,4.633992,2017-12-12 15:26:53,2017-12-12 15:26:53,1,22,1606.918999,73.041773,36427.825946,3455.231233,TRUE,5062.150232,15,2017-12-12 15:32:52,1606.918999,359,4.4760974902507,TRUE
"8577","A69-9006-1761",8577,"Noordzeekanaal","Grote sluis NZK","VR2W-114178",52.467488,4.613347,2017-12-12 15:32:52,2017-12-12 17:44:22,80,359,1606.918999,4.476097,38034.744945,5062.150232,TRUE,6337.734618,16,2017-12-12 18:00:19,1275.584386,8847,0.144182704419577,TRUE
"8578","A69-9006-1761",8578,"Noordzeekanaal","Kleine sluis NZK","VR2W-132415",52.464559,4.592909,2017-12-12 18:00:19,2017-12-12 20:00:09,143,957,1524.085346,1.592566,39558.830291,6337.734618,NA,NA,NA,NA,NA,NA,NA,TRUE
"8579","A69-9006-1762",8579,"Noordzeekanaal","rel_noordzeekanaal1","none",52.452208,4.678779,2017-11-13 14:00:00,2017-11-13 14:00:00,1,NA,NA,NA,0,0,TRUE,3455.231233,2,2017-11-13 15:50:16,3455.231233,6616,0.522253813935913,TRUE
"8580","A69-9006-1762",8580,"Noordzeekanaal","Noordzeekanaal","VR2W-114165",52.462798,4.633995,2017-11-13 15:50:16,2017-11-13 16:58:00,35,6616,3455.231233,0.522254,3455.231233,3455.231233,TRUE,5062.150232,3,2017-11-13 17:10:04,1606.918999,4788,0.335613826023392,TRUE
"8581","A69-9006-1762",8581,"Noordzeekanaal","Grote sluis NZK","VR2W-114178",52.467488,4.613347,2017-11-13 17:10:04,2017-11-13 17:10:04,1,724,1606.918999,2.219501,5062.150232,5062.150232,FALSE,NA,NA,NA,NA,NA,NA,TRUE
"8582","A69-9006-1762",8582,"Noordzeekanaal","Noordzeekanaal","VR2W-114165",52.462798,4.633995,2017-11-13 17:16:12,2017-11-13 17:16:12,1,368,1606.918999,4.366628,6669.069231,3455.231233,TRUE,5627.770357,5,2017-11-13 17:39:32,2172.539124,1400,1.55181366,TRUE
"8583","A69-9006-1762",8583,"Noordzeekanaal","Spuisluis NZK","VR2W-114167",52.470646,4.607811,2017-11-13 17:39:32,2017-11-13 18:13:35,49,1400,2172.539123,1.551814,8841.608354,5627.770357,NA,NA,NA,NA,NA,NA,NA,TRUE
